akt;hiddenlayer;dropout;eta;regul;regulrate;batchsize;firstmomentrate;secmomentrate;Adamconst;MSE;R2;TrainSteps;Time_s
relu;(100, 50, 25);0;0.01;l1;0.0001;64;0.9;0.999;1.00E-06;0.018399464;0.265230958;504;0.39
relu;(100, 50, 25);0;0.01;l1;1.00E-05;16;0.9;0.9;1.00E-06;0.01862887;0.256069785;506;0.8
relu;(100, 100, 100, 50);0;0.03;none;0.01;64;0.8;0.9;1.00E-08;0.018692905;0.253512603;504;1.55
relu;(100, 50, 25);0;0.01;l2;0.0001;64;0.8;0.999;1.00E-08;0.018757308;0.250940708;504;0.37
relu;(100, 50, 25);0.1;0.01;none;0.01;64;0.9;0.9;1.00E-06;0.018784871;0.249840028;504;0.92
relu;(100, 50, 25);0.1;0.01;l2;1.00E-05;32;0.8;0.999;1.00E-08;0.018936528;0.24378369;506;0.75
relu;(50, 50, 50);0;0.01;l1;0.0001;64;0.9;0.99;1.00E-08;0.019020594;0.240426569;504;0.44
relu;(100, 50, 25);0;0.01;l1;0.0001;32;0.9;0.9;1.00E-08;0.019041982;0.23957247;506;0.36
relu;(100, 100, 100, 50);0.1;0.03;none;0.0001;32;0.8;0.99;1.00E-08;0.019139822;0.235665317;506;1.53
relu;(100, 100, 100, 50);0.1;0.01;l2;1.00E-05;64;0.8;0.999;1.00E-06;0.019144044;0.235496703;504;1.79
relu;(100, 50, 25);0;0.01;l1;0.0001;32;0.9;0.999;1.00E-08;0.019190228;0.233652379;506;0.33
relu;(100, 100, 100, 50);0;0.01;none;1.00E-05;16;0.9;0.999;1.00E-08;0.019206781;0.232991331;506;1.07
relu;(100, 50, 25);0;0.01;l1;1.00E-05;32;0.9;0.999;1.00E-08;0.01925208;0.23118238;506;0.9
relu;(100, 100, 100, 50);0;0.03;l2;0.0001;16;0.8;0.9;1.00E-06;0.019332952;0.227952784;506;0.93
relu;(100, 100, 100, 50);0.1;0.01;l1;1.00E-05;16;0.8;0.99;1.00E-06;0.019373592;0.226329863;506;1.38
relu;(100, 100, 100, 50);0;0.03;l2;0.0001;32;0.8;0.9;1.00E-08;0.019403134;0.225150126;506;1.08
relu;(50, 50, 50);0;0.01;none;0.0001;16;0.8;0.999;1.00E-08;0.019434268;0.223906824;506;0.34
relu;(50, 50, 50);0;0.03;none;1.00E-05;32;0.9;0.99;1.00E-08;0.019455737;0.223049449;506;0.35
relu;(50, 50, 50);0;0.01;l1;0.0001;16;0.9;0.9;1.00E-06;0.019457673;0.222972155;506;0.41
relu;(100, 50, 25);0;0.03;l2;1.00E-05;16;0.9;0.9;1.00E-08;0.019483669;0.221934045;506;0.31
relu;(100, 100, 100, 50);0;0.01;l1;0.0001;64;0.8;0.999;1.00E-06;0.019484833;0.221887527;504;1.72
relu;(100, 50, 25);0;0.03;none;1.00E-05;16;0.8;0.9;1.00E-08;0.019511892;0.220806968;506;0.29
relu;(50, 50, 50);0.1;0.01;none;0.0001;16;0.9;0.99;1.00E-06;0.019514898;0.220686913;506;0.95
relu;(50, 50, 50);0;0.03;l2;1.00E-05;64;0.9;0.999;1.00E-08;0.019519705;0.220494954;504;1.37
relu;(100, 100, 100, 50);0;0.01;l1;1.00E-05;64;0.8;0.99;1.00E-08;0.019521151;0.220437212;504;1.57
relu;(50, 50, 50);0.1;0.01;l1;0.0001;64;0.8;0.99;1.00E-06;0.01952152;0.220422474;504;0.64
relu;(50, 50, 50);0;0.01;l1;0.0001;64;0.99;0.99;1.00E-06;0.019530315;0.220071264;504;0.43
relu;(100, 50, 25);0;0.03;none;1.00E-05;32;0.99;0.99;1.00E-06;0.019544753;0.219494676;506;0.29
relu;(50, 50, 50);0.3;0.01;l2;0.0001;64;0.8;0.9;1.00E-06;0.019555096;0.219081647;504;0.81
relu;(100, 100, 100, 50);0;0.01;l1;0.0001;64;0.99;0.99;1.00E-06;0.019560597;0.218861945;504;1.52
relu;(100, 100, 100, 50);0.1;0.03;l2;0.0001;32;0.8;0.9;1.00E-08;0.019582969;0.21796855;506;1.08
relu;(50, 50, 50);0;0.03;l2;1.00E-05;64;0.9;0.9;1.00E-06;0.019613016;0.216768647;504;1.34
relu;(100, 100, 100, 50);0;0.01;l1;0.0001;64;0.8;0.9;1.00E-06;0.019618017;0.216568923;504;1.66
relu;(50, 50, 50);0.1;0.01;l1;1.00E-05;32;0.8;0.99;1.00E-06;0.019639493;0.215711306;506;0.69
relu;(100, 50, 25);0;0.01;l1;0.0001;64;0.9;0.99;1.00E-06;0.019680425;0.21407671;504;0.44
relu;(100, 50, 25);0;0.03;l2;0.0001;64;0.8;0.9;1.00E-06;0.019696965;0.213416197;504;0.39
relu;(100, 50, 25);0;0.03;l1;1.00E-05;32;0.8;0.99;1.00E-08;0.019697394;0.213399064;506;0.34
relu;(100, 100, 100, 50);0.1;0.01;l1;1.00E-05;16;0.9;0.99;1.00E-06;0.019705225;0.213086344;506;1.37
relu;(100, 50, 25);0;0.01;l1;1.00E-05;64;0.99;0.9;1.00E-06;0.019708285;0.212964151;504;0.82
relu;(100, 100, 100, 50);0;0.01;l2;0.0001;64;0.8;0.99;1.00E-08;0.019708622;0.21295069;504;1.63
relu;(100, 50, 25);0;0.01;l2;1.00E-05;32;0.99;0.9;1.00E-06;0.019709417;0.212918938;506;0.28
relu;(100, 100, 100, 50);0;0.01;l1;0.0001;64;0.9;0.99;1.00E-06;0.019711107;0.212851475;504;1.64
relu;(100, 100, 100, 50);0.1;0.01;l2;0.0001;16;0.9;0.99;1.00E-08;0.019713727;0.212746811;506;1.32
relu;(50, 50, 50);0.1;0.01;l1;0.0001;64;0.9;0.99;1.00E-08;0.019744459;0.211519563;504;0.8
relu;(50, 50, 50);0;0.03;l1;0.0001;64;0.9;0.99;1.00E-08;0.019746861;0.211423632;504;0.43
relu;(100, 50, 25);0.1;0.01;l2;1.00E-05;64;0.9;0.999;1.00E-08;0.019748575;0.211355207;504;0.87
relu;(50, 50, 50);0;0.03;l1;0.0001;32;0.9;0.99;1.00E-06;0.019757533;0.210997451;506;0.46
relu;(50, 50, 50);0;0.01;l1;0.0001;64;0.9;0.999;1.00E-06;0.019767996;0.210579653;504;0.44
relu;(100, 50, 25);0;0.01;l1;0.0001;16;0.8;0.999;1.00E-08;0.019776782;0.21022877;506;0.36
relu;(100, 50, 25);0;0.03;l1;0.0001;64;0.8;0.99;1.00E-06;0.01977931;0.210127801;504;0.43
relu;(100, 50, 25);0;0.03;l1;1.00E-05;16;0.8;0.9;1.00E-08;0.019784647;0.209914685;506;0.36
relu;(100, 50, 25);0;0.001;l1;1.00E-05;64;0.99;0.9;1.00E-08;0.019786596;0.209836873;504;0.83
relu;(100, 100, 100, 50);0.1;0.01;none;0.01;32;0.9;0.9;1.00E-08;0.019786694;0.209832929;506;1.69
relu;(100, 50, 25);0.1;0.01;l2;0.0001;32;0.8;0.99;1.00E-06;0.019788078;0.209777673;506;0.79
relu;(100, 50, 25);0;0.01;none;1.00E-05;32;0.8;0.9;1.00E-06;0.019793683;0.209553825;506;0.67
relu;(100, 50, 25);0;0.03;l1;0.0001;32;0.9;0.9;1.00E-08;0.019796335;0.209447943;506;0.35
relu;(100, 100, 100, 50);0.1;0.03;l1;1.00E-05;32;0.8;0.9;1.00E-06;0.019796726;0.209432313;506;1.91
relu;(100, 50, 25);0.1;0.01;none;1.00E-05;64;0.8;0.9;1.00E-08;0.019798433;0.209364171;504;1.21
relu;(50, 50, 50);0;0.03;l2;1.00E-05;32;0.9;0.9;1.00E-08;0.01981036;0.208887848;506;0.62
relu;(50, 50, 50);0.1;0.03;l1;0.0001;32;0.9;0.99;1.00E-06;0.019814531;0.208721308;506;0.66
relu;(100, 50, 25);0.1;0.01;none;0.0001;64;0.9;0.99;1.00E-06;0.019815528;0.208681465;504;0.92
relu;(100, 50, 25);0.1;0.01;none;0.01;32;0.9;0.9;1.00E-08;0.019824264;0.208332597;506;0.71
relu;(50, 50, 50);0.1;0.01;none;0.0001;64;0.8;0.9;1.00E-06;0.0198313;0.208051632;504;1.44
relu;(100, 100, 100, 50);0;0.01;l1;0.0001;64;0.9;0.9;1.00E-06;0.019832931;0.207986518;504;1.68
relu;(100, 100, 100, 50);0;0.03;l1;0.0001;64;0.8;0.99;1.00E-06;0.019845179;0.207497373;504;1.5
relu;(100, 50, 25);0.1;0.01;none;1.00E-05;64;0.9;0.999;1.00E-08;0.01985009;0.207301285;504;1.18
relu;(50, 50, 50);0;0.01;l1;0.0001;32;0.8;0.9;1.00E-08;0.019867798;0.206594118;506;0.41
relu;(100, 100, 100, 50);0;0.03;l1;1.00E-05;64;0.9;0.9;1.00E-08;0.019870224;0.20649722;504;1.44
relu;(100, 50, 25);0;0.01;l1;0.0001;16;0.99;0.999;1.00E-06;0.019872579;0.206403176;506;0.32
relu;(100, 50, 25);0;0.03;l2;1.00E-05;16;0.9;0.99;1.00E-08;0.019875965;0.206267991;506;0.31
relu;(100, 50, 25);0;0.03;l1;1.00E-05;16;0.9;0.999;1.00E-06;0.019887922;0.205790479;506;0.54
relu;(100, 100, 100, 50);0;0.03;l1;0.0001;16;0.99;0.99;1.00E-06;0.01989472;0.205519022;506;1.06
relu;(100, 100, 100, 50);0;0.03;l1;0.0001;64;0.9;0.99;1.00E-08;0.019902361;0.205213871;504;1.56
relu;(100, 50, 25);0.1;0.01;l1;0.0001;16;0.9;0.9;1.00E-06;0.019904157;0.205142139;506;0.89
relu;(100, 50, 25);0.1;0.01;none;0.0001;16;0.9;0.99;1.00E-06;0.01991011;0.204904416;506;0.98
relu;(50, 50, 50);0;0.03;l1;0.0001;32;0.9;0.99;1.00E-08;0.019925188;0.204302309;506;0.5
relu;(100, 100, 100, 50);0.1;0.03;none;0.01;64;0.8;0.99;1.00E-06;0.019933972;0.203951489;504;1.71
relu;(100, 100, 100, 50);0.1;0.01;none;0.01;32;0.8;0.9;1.00E-06;0.019941303;0.203658752;506;1.72
relu;(100, 50, 25);0;0.01;l1;0.0001;16;0.8;0.9;1.00E-06;0.019950125;0.203306448;506;0.7
relu;(100, 100, 100, 50);0;0.03;l2;0.0001;64;0.9;0.9;1.00E-06;0.019955768;0.20308111;504;1.35
relu;(50, 50, 50);0;0.03;l2;0.0001;32;0.9;0.99;1.00E-08;0.019955881;0.203076594;506;0.98
relu;(100, 100, 100, 50);0.1;0.001;none;1.00E-05;64;0.8;0.999;1.00E-06;0.019958982;0.202952742;504;1.8
relu;(100, 50, 25);0;0.001;none;0.0001;64;0.99;0.99;1.00E-08;0.019966275;0.20266152;504;1.65
relu;(100, 50, 25);0.1;0.01;none;1.00E-05;16;0.9;0.9;1.00E-06;0.019974749;0.202323095;506;0.9
relu;(50, 50, 50);0;0.01;none;0.0001;64;0.99;0.999;1.00E-08;0.019991785;0.201642789;504;0.38
relu;(100, 100, 100, 50);0;0.001;l1;0.0001;16;0.99;0.99;1.00E-06;0.020001548;0.201252902;506;1.07
relu;(100, 50, 25);0;0.01;l1;0.0001;64;0.99;0.9;1.00E-06;0.020002538;0.20121339;504;0.43
relu;(100, 100, 100, 50);0;0.03;l2;0.0001;64;0.99;0.999;1.00E-08;0.020007008;0.201034874;504;1.32
relu;(100, 50, 25);0.1;0.01;l1;0.0001;32;0.9;0.9;1.00E-08;0.020007056;0.201032956;506;1.16
relu;(100, 100, 100, 50);0;0.001;none;0.0001;32;0.99;0.9;1.00E-06;0.02000779;0.201003644;506;1.12
relu;(100, 50, 25);0.1;0.01;l2;1.00E-05;64;0.9;0.9;1.00E-08;0.020009818;0.200922666;504;0.98
relu;(50, 50, 50);0;0.03;none;0.01;64;0.8;0.99;1.00E-08;0.020010366;0.200900779;504;0.43
relu;(100, 50, 25);0.1;0.03;l2;1.00E-05;32;0.8;0.9;1.00E-06;0.020019763;0.200525523;506;0.8
relu;(100, 100, 100, 50);0;0.001;l1;0.0001;64;0.99;0.99;1.00E-08;0.020034672;0.199930108;504;1.55
relu;(100, 100, 100, 50);0;0.01;l1;1.00E-05;32;0.99;0.99;1.00E-06;0.020045449;0.199499765;506;1.39
relu;(100, 100, 100, 50);0;0.01;l2;1.00E-05;16;0.9;0.99;1.00E-08;0.020054109;0.199153925;506;0.95
relu;(100, 50, 25);0.1;0.001;l2;1.00E-05;32;0.99;0.9;1.00E-08;0.020061244;0.198869001;506;0.75
relu;(50, 50, 50);0;0.01;l1;0.0001;32;0.9;0.999;1.00E-08;0.020063533;0.198777601;506;0.41
relu;(50, 50, 50);0.1;0.01;l1;1.00E-05;32;0.9;0.999;1.00E-08;0.020064258;0.198748628;506;0.82
relu;(100, 50, 25);0;0.03;none;1.00E-05;32;0.9;0.9;1.00E-08;0.020074435;0.198342231;506;0.36
relu;(100, 50, 25);0;0.01;l2;1.00E-05;16;0.8;0.9;1.00E-08;0.0200773;0.198227815;506;0.29
relu;(100, 50, 25);0.1;0.01;none;0.01;16;0.9;0.9;1.00E-06;0.020082888;0.198004647;506;0.63
relu;(100, 50, 25);0;0.01;l1;0.0001;16;0.8;0.9;1.00E-08;0.020087619;0.197815726;506;0.76
relu;(100, 50, 25);0;0.03;l1;0.0001;16;0.8;0.99;1.00E-08;0.020092831;0.1976076;506;0.32
relu;(50, 50, 50);0.1;0.01;l1;0.0001;64;0.8;0.999;1.00E-08;0.020093064;0.197598295;504;0.66
relu;(100, 100, 100, 50);0;0.001;l1;0.0001;32;0.9;0.999;1.00E-08;0.020094938;0.197523448;506;1.16
relu;(50, 50, 50);0;0.001;l2;0.01;16;0.8;0.999;1.00E-08;0.020095429;0.197503856;506;0.34
relu;(100, 100, 100, 50);0;0.01;none;1.00E-05;32;0.9;0.9;1.00E-08;0.020097056;0.197438886;506;1.31
relu;(100, 50, 25);0.1;0.01;l2;1.00E-05;64;0.9;0.9;1.00E-06;0.02009764;0.197415529;504;1.02
relu;(100, 100, 100, 50);0;0.03;l1;1.00E-05;64;0.9;0.999;1.00E-06;0.020098531;0.197379947;504;1.36
relu;(100, 100, 100, 50);0;0.03;l1;0.0001;32;0.9;0.999;1.00E-08;0.020106538;0.197060222;506;1.33
relu;(100, 100, 100, 50);0;0.03;l2;1.00E-05;64;0.8;0.99;1.00E-06;0.020108554;0.196979713;504;1.41
relu;(100, 50, 25);0.1;0.01;none;0.0001;32;0.9;0.9;1.00E-08;0.020109091;0.196958273;506;0.99
relu;(100, 100, 100, 50);0.1;0.001;l1;1.00E-05;32;0.8;0.9;1.00E-06;0.02010963;0.19693674;506;1.91
relu;(100, 100, 100, 50);0.1;0.01;none;0.01;16;0.8;0.9;1.00E-06;0.020113186;0.196794714;506;1.56
relu;(100, 100, 100, 50);0.1;0.01;l2;0.0001;64;0.9;0.99;1.00E-08;0.020120039;0.196521066;504;1.83
relu;(100, 50, 25);0;0.03;l1;0.0001;16;0.9;0.99;1.00E-06;0.020121987;0.196443256;506;0.39
relu;(50, 50, 50);0.1;0.01;none;0.0001;64;0.8;0.999;1.00E-08;0.020132548;0.196021521;504;0.73
relu;(100, 100, 100, 50);0;0.03;l1;0.0001;32;0.9;0.9;1.00E-08;0.020136633;0.195858407;506;1.31
relu;(100, 100, 100, 50);0;0.01;l1;0.0001;16;0.9;0.99;1.00E-06;0.020137222;0.19583485;506;1.34
relu;(100, 50, 25);0;0.01;l1;0.0001;64;0.9;0.999;1.00E-08;0.020143743;0.195574473;504;0.41
relu;(100, 100, 100, 50);0;0.01;l1;0.0001;32;0.8;0.9;1.00E-06;0.020144161;0.195557757;506;1.47
relu;(50, 50, 50);0.1;0.001;none;0.0001;64;0.8;0.9;1.00E-06;0.020147198;0.195436501;504;0.49
relu;(100, 50, 25);0;0.03;none;0.0001;32;0.9;0.999;1.00E-06;0.020148889;0.195368969;506;0.33
relu;(100, 100, 100, 50);0.1;0.01;l1;0.0001;32;0.9;0.99;1.00E-08;0.020149542;0.195342857;506;2.44
relu;(100, 100, 100, 50);0.1;0.01;none;0.0001;32;0.9;0.9;1.00E-08;0.020150382;0.195309314;506;1.53
relu;(100, 50, 25);0;0.01;l1;0.0001;64;0.8;0.99;1.00E-08;0.020152523;0.195223828;504;0.46
relu;(50, 50, 50);0.3;0.01;l2;0.0001;32;0.9;0.9;1.00E-08;0.020153778;0.19517373;506;0.7
relu;(100, 50, 25);0;0.03;l1;0.0001;32;0.9;0.999;1.00E-06;0.020154501;0.195144863;506;0.35
relu;(100, 50, 25);0;0.01;l1;0.0001;16;0.9;0.99;1.00E-08;0.020156017;0.195084283;506;0.33
relu;(100, 100, 100, 50);0;0.01;none;0.01;64;0.99;0.999;1.00E-08;0.020160221;0.194916431;504;1.43
relu;(100, 50, 25);0;0.01;none;0.01;64;0.99;0.99;1.00E-06;0.020166451;0.194667619;504;0.8
relu;(50, 50, 50);0;0.01;l1;1.00E-05;64;0.99;0.99;1.00E-08;0.020167083;0.194642401;504;0.45
relu;(50, 50, 50);0;0.01;none;0.0001;32;0.99;0.99;1.00E-08;0.020174857;0.194331929;506;0.38
relu;(100, 100, 100, 50);0.1;0.01;l2;0.0001;32;0.8;0.9;1.00E-06;0.020176708;0.194258033;506;1.55
relu;(50, 50, 50);0.1;0.03;l2;0.0001;32;0.8;0.999;1.00E-08;0.020178262;0.194195946;506;0.41
relu;(100, 100, 100, 50);0.1;0.01;l2;0.0001;16;0.8;0.99;1.00E-06;0.020181024;0.194085659;506;1.38
relu;(100, 50, 25);0;0.03;l2;1.00E-05;64;0.8;0.9;1.00E-06;0.020185497;0.193907056;504;0.34
relu;(100, 50, 25);0.1;0.01;none;0.0001;16;0.8;0.9;1.00E-06;0.020193237;0.193597953;506;0.98
relu;(100, 50, 25);0;0.01;l1;0.0001;64;0.8;0.999;1.00E-08;0.020201683;0.193260659;504;0.52
relu;(100, 100, 100, 50);0.1;0.01;none;0.0001;64;0.8;0.99;1.00E-08;0.020207639;0.193022832;504;1.92
relu;(100, 100, 100, 50);0;0.001;l1;0.0001;32;0.99;0.999;1.00E-06;0.020208072;0.193005517;506;1.24
relu;(100, 100, 100, 50);0;0.01;l1;0.0001;32;0.9;0.9;1.00E-08;0.020212202;0.192840587;506;1.51
relu;(50, 50, 50);0;0.03;l1;1.00E-05;64;0.9;0.999;1.00E-08;0.020217705;0.192620821;504;0.42
relu;(100, 100, 100, 50);0;0.03;l1;0.0001;64;0.8;0.9;1.00E-06;0.020220455;0.192511017;504;1.58
relu;(100, 50, 25);0;0.03;l2;1.00E-05;16;0.9;0.99;1.00E-06;0.020227026;0.192248606;506;0.3
relu;(50, 50, 50);0;0.03;none;1.00E-05;16;0.8;0.9;1.00E-08;0.020241686;0.191663187;506;0.32
relu;(100, 100, 100, 50);0;0.01;l2;0.0001;64;0.9;0.9;1.00E-08;0.020247773;0.191420092;504;1.5
relu;(50, 50, 50);0.1;0.001;none;0.0001;16;0.9;0.9;1.00E-06;0.020249597;0.191347261;506;0.37
relu;(100, 100, 100, 50);0;0.01;none;0.01;16;0.9;0.9;1.00E-06;0.020250472;0.191312317;506;1.05
relu;(50, 50, 50);0;0.03;l1;0.0001;64;0.9;0.99;1.00E-06;0.020253163;0.191204854;504;0.41
relu;(100, 50, 25);0;0.001;none;0.0001;64;0.99;0.9;1.00E-08;0.020257822;0.191018783;504;1.7
relu;(100, 100, 100, 50);0;0.03;l2;0.0001;16;0.99;0.999;1.00E-08;0.020258772;0.19098087;506;0.93
relu;(50, 50, 50);0.1;0.01;l1;0.0001;64;0.8;0.99;1.00E-08;0.020267496;0.190632484;504;0.62
relu;(50, 50, 50);0.1;0.001;l1;0.0001;64;0.8;0.9;1.00E-08;0.02027069;0.19050494;504;0.53
relu;(100, 50, 25);0;0.01;l2;1.00E-05;16;0.9;0.9;1.00E-08;0.020271769;0.190461832;506;0.27
relu;(100, 50, 25);0;0.01;l1;0.0001;32;0.99;0.999;1.00E-08;0.020279766;0.190142469;506;0.38
relu;(100, 50, 25);0;0.03;l1;0.0001;16;0.9;0.999;1.00E-06;0.020282909;0.190016977;506;0.34
relu;(100, 100, 100, 50);0.1;0.01;none;1.00E-05;32;0.8;0.99;1.00E-06;0.020283591;0.189989711;506;1.37
relu;(100, 50, 25);0.1;0.01;none;0.0001;32;0.9;0.9;1.00E-06;0.020290574;0.189710869;506;1
relu;(100, 100, 100, 50);0;0.03;l1;0.0001;32;0.9;0.99;1.00E-08;0.020294769;0.189543362;506;1.3
relu;(50, 50, 50);0;0.03;l1;0.0001;32;0.9;0.999;1.00E-06;0.020299596;0.189350566;506;0.37
relu;(100, 100, 100, 50);0;0.01;l2;1.00E-05;32;0.9;0.999;1.00E-06;0.020300557;0.18931222;506;1.22
relu;(100, 100, 100, 50);0;0.001;l1;0.0001;64;0.99;0.99;1.00E-06;0.020312042;0.188853575;504;1.61
relu;(100, 100, 100, 50);0.1;0.01;l1;1.00E-05;32;0.8;0.999;1.00E-06;0.020312088;0.188851719;506;1.59
relu;(50, 50, 50);0.1;0.01;l1;0.0001;32;0.8;0.999;1.00E-06;0.020314854;0.188741279;506;0.76
relu;(100, 50, 25);0.1;0.03;l2;1.00E-05;64;0.9;0.9;1.00E-06;0.020324485;0.188356662;504;0.96
relu;(100, 50, 25);0.3;0.01;l1;1.00E-05;32;0.9;0.9;1.00E-06;0.020325083;0.188332776;506;0.49
relu;(50, 50, 50);0.1;0.01;l2;1.00E-05;32;0.9;0.9;1.00E-06;0.020327204;0.18824806;506;0.59
relu;(100, 50, 25);0;0.03;l1;1.00E-05;64;0.9;0.99;1.00E-08;0.020329571;0.18815354;504;0.43
relu;(100, 50, 25);0;0.03;l1;0.0001;64;0.8;0.9;1.00E-08;0.020332435;0.188039176;504;0.5
relu;(100, 100, 100, 50);0;0.01;l1;0.0001;32;0.9;0.999;1.00E-06;0.020334145;0.187970873;506;1.52
relu;(50, 50, 50);0.1;0.03;l2;0.0001;64;0.8;0.999;1.00E-06;0.020334633;0.187951418;504;0.71
relu;(100, 50, 25);0;0.01;l2;0.0001;32;0.9;0.999;1.00E-08;0.020337518;0.187836181;506;0.3
relu;(50, 50, 50);0;0.03;l1;0.0001;64;0.9;0.999;1.00E-08;0.020339561;0.187754604;504;0.4
relu;(100, 50, 25);0;0.01;l2;1.00E-05;16;0.99;0.999;1.00E-06;0.020351648;0.187271926;506;0.28
relu;(100, 50, 25);0;0.01;l1;0.0001;64;0.99;0.99;1.00E-08;0.020360874;0.186903481;504;0.44
relu;(50, 50, 50);0;0.01;l1;0.0001;32;0.9;0.9;1.00E-08;0.020361885;0.186863132;506;0.41
relu;(100, 50, 25);0.1;0.03;l1;1.00E-05;64;0.9;0.999;1.00E-08;0.020365651;0.186712726;504;1.14
relu;(100, 100, 100, 50);0;0.03;none;1.00E-05;16;0.9;0.9;1.00E-08;0.020368169;0.186612184;506;0.88
relu;(100, 50, 25);0;0.01;l1;0.0001;16;0.9;0.9;1.00E-06;0.020371124;0.186494175;506;0.34
relu;(100, 50, 25);0;0.03;none;1.00E-05;64;0.9;0.9;1.00E-06;0.020371188;0.18649161;504;0.37
relu;(100, 100, 100, 50);0;0.03;l1;0.0001;64;0.99;0.99;1.00E-08;0.020374;0.186379308;504;1.59
relu;(100, 100, 100, 50);0;0.03;none;1.00E-05;64;0.8;0.999;1.00E-08;0.020378616;0.186194986;504;1.27
relu;(50, 50, 50);0;0.03;l1;1.00E-05;64;0.8;0.99;1.00E-06;0.020385894;0.185904351;504;0.48
relu;(100, 50, 25);0;0.01;l1;0.0001;16;0.8;0.999;1.00E-06;0.020388163;0.185813734;506;0.35
relu;(50, 50, 50);0.1;0.01;l2;0.0001;32;0.8;0.999;1.00E-06;0.020388177;0.185813162;506;0.8
relu;(100, 50, 25);0.1;0.03;l2;0.0001;16;0.8;0.9;1.00E-08;0.020389153;0.185774181;506;0.77
relu;(100, 50, 25);0.1;0.01;l1;1.00E-05;32;0.9;0.99;1.00E-06;0.020399113;0.185376436;506;1.11
relu;(50, 50, 50);0;0.01;none;0.01;32;0.99;0.99;1.00E-08;0.020401734;0.18527179;506;0.33
relu;(50, 50, 50);0;0.03;none;0.0001;32;0.8;0.9;1.00E-08;0.020402337;0.185247681;506;0.35
relu;(100, 50, 25);0;0.01;l1;0.0001;64;0.99;0.999;1.00E-06;0.020402724;0.185232227;504;0.74
relu;(50, 50, 50);0.1;0.03;l1;1.00E-05;32;0.8;0.99;1.00E-08;0.02040671;0.185073071;506;0.72
relu;(50, 50, 50);0.1;0.03;l1;1.00E-05;64;0.8;0.9;1.00E-06;0.020407751;0.185031507;504;0.74
relu;(100, 50, 25);0;0.03;l1;0.0001;64;0.8;0.999;1.00E-06;0.020410759;0.184911354;504;0.46
relu;(50, 50, 50);0.1;0.01;l1;0.0001;16;0.9;0.9;1.00E-08;0.020413758;0.184791609;506;0.8
relu;(100, 50, 25);0;0.01;l2;1.00E-05;16;0.9;0.999;1.00E-08;0.020414153;0.184775816;506;0.51
relu;(100, 100, 100, 50);0;0.03;l2;0.0001;16;0.8;0.99;1.00E-06;0.020417149;0.184656173;506;0.91
relu;(50, 50, 50);0;0.03;none;0.01;16;0.9;0.99;1.00E-06;0.020417231;0.184652901;506;0.3
relu;(100, 100, 100, 50);0;0.001;l1;0.0001;64;0.99;0.999;1.00E-08;0.020417473;0.184643256;504;1.56
relu;(100, 100, 100, 50);0;0.03;l2;1.00E-05;32;0.8;0.999;1.00E-08;0.020418543;0.184600537;506;1.21
relu;(100, 100, 100, 50);0.1;0.03;l1;1.00E-05;64;0.9;0.99;1.00E-08;0.020418899;0.184586308;504;2.13
relu;(100, 100, 100, 50);0;0.01;l1;1.00E-05;16;0.9;0.9;1.00E-08;0.020420367;0.184527673;506;1.18
relu;(100, 50, 25);0;0.03;l1;0.0001;32;0.8;0.99;1.00E-06;0.020421887;0.184466973;506;0.4
relu;(100, 100, 100, 50);0.1;0.01;none;1.00E-05;16;0.8;0.999;1.00E-06;0.020424868;0.184347952;506;1.13
relu;(100, 50, 25);0;0.01;l1;1.00E-05;32;0.9;0.99;1.00E-06;0.020426291;0.184291098;506;0.9
relu;(100, 50, 25);0;0.03;l1;1.00E-05;16;0.8;0.99;1.00E-06;0.0204274;0.184246827;506;0.35
relu;(100, 100, 100, 50);0;0.03;l1;0.0001;32;0.8;0.9;1.00E-08;0.020429355;0.184168743;506;1.18
relu;(100, 50, 25);0.1;0.03;l2;0.0001;64;0.8;0.99;1.00E-08;0.020432881;0.184027961;504;1.13
relu;(50, 50, 50);0.1;0.01;none;0.01;16;0.9;0.999;1.00E-06;0.020433749;0.183993277;506;0.72
relu;(50, 50, 50);0;0.03;l1;0.0001;64;0.9;0.9;1.00E-08;0.020439281;0.183772367;504;0.44
relu;(100, 50, 25);0;0.001;l1;0.0001;32;0.9;0.999;1.00E-06;0.020440852;0.183709616;506;0.73
relu;(50, 50, 50);0;0.03;l1;0.0001;32;0.8;0.9;1.00E-06;0.020441588;0.183680249;506;0.4
relu;(100, 100, 100, 50);0;0.01;l1;0.0001;32;0.9;0.999;1.00E-08;0.020442052;0.183661699;506;1.44
relu;(50, 50, 50);0;0.03;l2;0.0001;64;0.99;0.99;1.00E-06;0.020445092;0.183540321;504;1.31
relu;(100, 100, 100, 50);0;0.03;l1;0.0001;64;0.9;0.9;1.00E-06;0.02044611;0.183499644;504;1.63
relu;(100, 100, 100, 50);0;0.03;l1;1.00E-05;16;0.8;0.9;1.00E-06;0.020448076;0.183421159;506;1.24
relu;(100, 100, 100, 50);0;0.01;l2;0.0001;32;0.8;0.99;1.00E-06;0.020449843;0.183350563;506;1.34
relu;(100, 50, 25);0;0.03;l1;0.0001;64;0.9;0.99;1.00E-06;0.020451879;0.183269278;504;0.43
relu;(50, 50, 50);0;0.01;l2;1.00E-05;16;0.8;0.9;1.00E-08;0.020458657;0.1829986;506;0.36
relu;(100, 100, 100, 50);0.1;0.03;l2;0.0001;16;0.8;0.9;1.00E-06;0.020461213;0.182896506;506;0.61
relu;(100, 50, 25);0;0.03;none;0.0001;32;0.8;0.9;1.00E-08;0.020462464;0.182846565;506;0.32
relu;(100, 50, 25);0.1;0.001;none;0.01;32;0.9;0.9;1.00E-08;0.020466015;0.182704775;506;0.97
relu;(50, 50, 50);0.1;0.01;l1;0.0001;64;0.9;0.9;1.00E-06;0.02046638;0.182690184;504;0.98
relu;(100, 100, 100, 50);0.1;0.01;l1;1.00E-05;16;0.9;0.9;1.00E-06;0.020469517;0.182564913;506;1.38
relu;(100, 100, 100, 50);0;0.01;l1;0.0001;32;0.8;0.999;1.00E-08;0.02047333;0.182412661;506;1.51
relu;(100, 50, 25);0.3;0.01;l2;1.00E-05;32;0.9;0.9;1.00E-08;0.020483188;0.182018985;506;0.38
relu;(100, 50, 25);0;0.01;l1;1.00E-05;64;0.99;0.999;1.00E-06;0.020488847;0.181792989;504;1.13
relu;(100, 100, 100, 50);0.1;0.03;l2;1.00E-05;16;0.8;0.9;1.00E-06;0.020489261;0.18177643;506;0.64
relu;(100, 50, 25);0;0.03;l1;0.0001;16;0.8;0.9;1.00E-08;0.020490926;0.181709963;506;0.34
relu;(100, 100, 100, 50);0.1;0.01;l2;1.00E-05;16;0.8;0.9;1.00E-08;0.020495129;0.181542101;506;1.36
relu;(100, 100, 100, 50);0.1;0.01;l1;1.00E-05;64;0.9;0.9;1.00E-08;0.020497168;0.181460682;504;2.11
relu;(100, 100, 100, 50);0.1;0.01;l2;0.0001;64;0.9;0.9;1.00E-06;0.020500872;0.181312756;504;1.82
relu;(50, 50, 50);0;0.01;l1;1.00E-05;16;0.99;0.99;1.00E-08;0.020504647;0.181162015;506;0.38
relu;(50, 50, 50);0;0.03;l2;0.0001;64;0.8;0.9;1.00E-06;0.020505376;0.181132901;504;1.25
relu;(50, 50, 50);0;0.03;l1;1.00E-05;16;0.9;0.99;1.00E-06;0.020517116;0.180664066;506;0.4
relu;(50, 50, 50);0.1;0.01;l1;1.00E-05;32;0.9;0.999;1.00E-06;0.020518194;0.180621018;506;0.75
relu;(50, 50, 50);0;0.03;none;1.00E-05;32;0.8;0.999;1.00E-06;0.020518353;0.180614693;506;0.39
relu;(50, 50, 50);0.1;0.01;l2;1.00E-05;32;0.8;0.99;1.00E-08;0.020518424;0.180611848;506;0.55
relu;(100, 100, 100, 50);0;0.01;l1;0.0001;16;0.8;0.999;1.00E-08;0.020519298;0.180576929;506;1.34
relu;(50, 50, 50);0;0.03;none;0.01;64;0.8;0.9;1.00E-06;0.020523806;0.180396926;504;0.41
relu;(100, 100, 100, 50);0;0.01;l2;1.00E-05;16;0.9;0.9;1.00E-08;0.020536479;0.179890831;506;0.98
relu;(100, 100, 100, 50);0.1;0.01;none;0.01;32;0.8;0.999;1.00E-06;0.020536712;0.179881527;506;1.7
relu;(100, 50, 25);0.1;0.03;l1;1.00E-05;16;0.9;0.9;1.00E-08;0.020538688;0.179802631;506;0.96
relu;(50, 50, 50);0;0.03;l2;0.0001;32;0.8;0.999;1.00E-08;0.020541095;0.179706502;506;0.96
relu;(50, 50, 50);0;0.03;l1;0.0001;32;0.8;0.99;1.00E-08;0.020546006;0.179510392;506;0.4
relu;(100, 50, 25);0.1;0.01;none;0.0001;16;0.9;0.999;1.00E-06;0.020546971;0.179471825;506;0.8
relu;(100, 50, 25);0.1;0.01;l1;1.00E-05;16;0.9;0.9;1.00E-06;0.020548753;0.179400694;506;1.07
relu;(100, 50, 25);0;0.01;l2;0.0001;64;0.8;0.9;1.00E-06;0.020555493;0.179131519;504;0.34
relu;(100, 100, 100, 50);0;0.03;none;0.0001;32;0.9;0.9;1.00E-06;0.020557078;0.179068219;506;1.28
relu;(50, 50, 50);0.1;0.03;l2;1.00E-05;16;0.8;0.999;1.00E-08;0.020557835;0.179038007;506;0.81
relu;(100, 100, 100, 50);0;0.01;l1;0.0001;32;0.9;0.99;1.00E-08;0.020559286;0.178980036;506;1.51
relu;(100, 50, 25);0;0.03;none;0.01;16;0.8;0.9;1.00E-06;0.020559993;0.178951838;506;0.27
relu;(100, 100, 100, 50);0;0.03;l1;1.00E-05;32;0.8;0.9;1.00E-08;0.020561856;0.178877421;506;1.4
relu;(100, 50, 25);0;0.03;none;0.0001;32;0.8;0.99;1.00E-06;0.020562704;0.178843556;506;0.29
relu;(100, 50, 25);0;0.01;l1;1.00E-05;64;0.9;0.999;1.00E-08;0.02056601;0.178711554;504;0.92
relu;(50, 50, 50);0.1;0.01;l1;0.0001;32;0.9;0.9;1.00E-06;0.020566147;0.178706051;506;0.69
relu;(100, 50, 25);0.1;0.03;l2;1.00E-05;64;0.9;0.99;1.00E-08;0.020566189;0.178704385;504;0.9
relu;(50, 50, 50);0.3;0.03;l2;0.0001;64;0.9;0.9;1.00E-08;0.020568358;0.178617752;504;0.98
relu;(100, 100, 100, 50);0.1;0.01;none;0.01;64;0.9;0.9;1.00E-06;0.02056897;0.178593328;504;1.68
relu;(100, 100, 100, 50);0;0.03;l1;1.00E-05;16;0.8;0.99;1.00E-08;0.020571263;0.178501774;506;1.34
relu;(100, 100, 100, 50);0;0.001;l1;0.0001;16;0.99;0.999;1.00E-08;0.020571315;0.178499673;506;1.06
relu;(100, 50, 25);0;0.01;l2;0.0001;64;0.99;0.9;1.00E-06;0.020572333;0.178459029;504;0.38
relu;(100, 50, 25);0;0.03;l2;0.0001;32;0.9;0.99;1.00E-06;0.020572554;0.178450189;506;0.47
relu;(100, 100, 100, 50);0;0.03;l1;0.0001;16;0.9;0.9;1.00E-06;0.020577393;0.178256961;506;1.02
relu;(100, 100, 100, 50);0.1;0.03;l2;1.00E-05;16;0.9;0.9;1.00E-06;0.020579328;0.178179687;506;0.6
relu;(100, 100, 100, 50);0.1;0.01;l1;0.0001;16;0.8;0.999;1.00E-06;0.020586544;0.177891525;506;1.75
relu;(100, 50, 25);0;0.01;none;1.00E-05;64;0.9;0.9;1.00E-08;0.02058689;0.17787772;504;0.74
relu;(100, 50, 25);0;0.01;l2;1.00E-05;64;0.8;0.9;1.00E-06;0.020587836;0.177839926;504;0.46
relu;(50, 50, 50);0.1;0.03;l2;0.0001;16;0.8;0.999;1.00E-08;0.020592717;0.177645018;506;0.63
relu;(100, 50, 25);0;0.03;l1;0.0001;64;0.9;0.999;1.00E-06;0.020592831;0.177640462;504;0.44
relu;(100, 100, 100, 50);0;0.01;l2;0.0001;16;0.99;0.99;1.00E-06;0.020594348;0.177579869;506;1.14
relu;(100, 100, 100, 50);0.1;0.01;l2;0.0001;64;0.9;0.9;1.00E-08;0.02059437;0.177579017;504;1.81
relu;(50, 50, 50);0;0.01;l2;0.0001;32;0.99;0.9;1.00E-06;0.02059662;0.177489152;506;0.31
relu;(100, 50, 25);0.1;0.03;l1;1.00E-05;16;0.8;0.9;1.00E-08;0.020598249;0.177424102;506;0.88
relu;(100, 100, 100, 50);0;0.01;l1;1.00E-05;64;0.9;0.99;1.00E-06;0.020600816;0.177321595;504;1.6
relu;(100, 50, 25);0;0.03;l1;0.0001;64;0.8;0.99;1.00E-08;0.020601683;0.177286941;504;0.44
relu;(100, 100, 100, 50);0;0.01;l1;0.0001;16;0.99;0.99;1.00E-06;0.020604936;0.17715705;506;1.37
relu;(100, 100, 100, 50);0;0.01;l2;0.0001;16;0.8;0.9;1.00E-06;0.020607105;0.177070419;506;1.11
relu;(50, 50, 50);0;0.01;l1;0.0001;16;0.99;0.99;1.00E-08;0.020607136;0.17706921;506;0.39
relu;(100, 50, 25);0;0.01;l1;0.0001;16;0.9;0.999;1.00E-06;0.020608175;0.177027692;506;0.3
relu;(100, 50, 25);0.1;0.01;l2;0.0001;64;0.8;0.99;1.00E-08;0.020609503;0.176974684;504;1.09
relu;(100, 50, 25);0.1;0.01;l2;0.0001;16;0.8;0.999;1.00E-06;0.020609793;0.176963094;506;0.71
relu;(100, 100, 100, 50);0;0.001;l1;0.0001;32;0.99;0.999;1.00E-08;0.020610114;0.176950277;506;2.1
relu;(50, 50, 50);0;0.001;l2;0.01;32;0.8;0.999;1.00E-06;0.020610124;0.176949864;506;0.45
relu;(50, 50, 50);0;0.03;none;1.00E-05;64;0.99;0.999;1.00E-08;0.020611367;0.176900255;504;0.45
relu;(100, 100, 100, 50);0.1;0.001;l1;0.0001;64;0.9;0.9;1.00E-06;0.020611408;0.176898582;504;2.09
relu;(100, 100, 100, 50);0;0.01;l2;1.00E-05;16;0.8;0.99;1.00E-06;0.020612636;0.176849574;506;1.02
relu;(100, 50, 25);0;0.01;none;0.01;32;0.9;0.99;1.00E-06;0.020613422;0.176818178;506;0.77
relu;(100, 50, 25);0.1;0.03;l1;1.00E-05;32;0.8;0.9;1.00E-06;0.020614544;0.176773381;506;0.97
relu;(100, 100, 100, 50);0;0.03;l2;0.0001;32;0.99;0.999;1.00E-06;0.020616681;0.176688028;506;1.11
relu;(100, 100, 100, 50);0;0.01;l1;1.00E-05;16;0.8;0.999;1.00E-08;0.020616973;0.176676347;506;1.24
relu;(100, 50, 25);0.1;0.01;l2;1.00E-05;16;0.8;0.9;1.00E-08;0.020625487;0.176336344;506;0.84
relu;(50, 50, 50);0.1;0.01;l1;1.00E-05;16;0.8;0.9;1.00E-08;0.02062818;0.176228806;506;0.71
relu;(50, 50, 50);0.1;0.01;l1;0.0001;32;0.8;0.99;1.00E-08;0.020628702;0.176207988;506;0.79
relu;(50, 50, 50);0.1;0.01;l1;1.00E-05;64;0.99;0.999;1.00E-08;0.020628777;0.176204987;504;0.88
relu;(50, 50, 50);0;0.01;l1;0.0001;32;0.99;0.99;1.00E-06;0.020630843;0.176122474;506;0.5
relu;(100, 50, 25);0.1;0.01;none;0.0001;64;0.9;0.99;1.00E-08;0.020631457;0.176097964;504;0.9
relu;(100, 100, 100, 50);0;0.03;l1;0.0001;32;0.8;0.99;1.00E-08;0.020633579;0.1760132;506;1.28
relu;(50, 50, 50);0;0.01;l1;1.00E-05;16;0.8;0.999;1.00E-06;0.020635265;0.175945898;506;0.41
relu;(50, 50, 50);0;0.01;l1;1.00E-05;16;0.9;0.9;1.00E-08;0.020636557;0.175894285;506;0.38
relu;(100, 50, 25);0;0.01;l1;1.00E-05;16;0.9;0.99;1.00E-06;0.020637329;0.175863457;506;0.83
relu;(100, 100, 100, 50);0;0.01;none;1.00E-05;16;0.99;0.999;1.00E-08;0.020639295;0.175784937;506;1.11
relu;(100, 50, 25);0.1;0.01;none;1.00E-05;32;0.8;0.999;1.00E-08;0.020641193;0.175709164;506;1.04
relu;(100, 100, 100, 50);0.1;0.01;none;1.00E-05;64;0.9;0.9;1.00E-08;0.020641317;0.175704203;504;1.68
relu;(50, 50, 50);0;0.01;none;0.0001;64;0.8;0.999;1.00E-08;0.020642213;0.175668434;504;0.36
relu;(100, 50, 25);0;0.01;none;1.00E-05;64;0.99;0.99;1.00E-08;0.020642245;0.17566716;504;0.67
relu;(50, 50, 50);0;0.03;l2;0.0001;32;0.9;0.99;1.00E-06;0.020644453;0.175578958;506;0.95
relu;(100, 100, 100, 50);0;0.03;none;1.00E-05;64;0.9;0.9;1.00E-06;0.020645808;0.175524847;504;1.18
relu;(100, 100, 100, 50);0;0.01;l2;1.00E-05;64;0.8;0.999;1.00E-06;0.020648374;0.175422388;504;1.56
relu;(100, 50, 25);0.1;0.001;l2;0.0001;32;0.99;0.999;1.00E-08;0.020649169;0.175390657;506;0.98
relu;(100, 50, 25);0;0.03;none;0.0001;64;0.8;0.9;1.00E-08;0.020649633;0.175372124;504;0.39
relu;(50, 50, 50);0.1;0.01;l1;0.0001;32;0.8;0.999;1.00E-08;0.020653886;0.175202273;506;0.77
relu;(50, 50, 50);0;0.03;l1;0.0001;16;0.99;0.99;1.00E-08;0.020654247;0.175187865;506;0.37
relu;(50, 50, 50);0;0.03;l1;0.0001;16;0.9;0.99;1.00E-08;0.02065457;0.175174967;506;0.34
relu;(100, 100, 100, 50);0.1;0.01;none;0.0001;16;0.9;0.99;1.00E-08;0.020654673;0.175170847;506;1.4
relu;(50, 50, 50);0.1;0.03;none;1.00E-05;16;0.9;0.999;1.00E-08;0.020655668;0.1751311;506;0.69
relu;(100, 100, 100, 50);0;0.01;l1;0.0001;16;0.99;0.999;1.00E-08;0.020659401;0.174982052;506;2.1
relu;(100, 100, 100, 50);0;0.01;l1;0.0001;16;0.8;0.99;1.00E-06;0.020662119;0.174873506;506;1.42
relu;(100, 50, 25);0;0.01;none;1.00E-05;16;0.9;0.9;1.00E-06;0.020662371;0.174863422;506;0.53
relu;(100, 50, 25);0.1;0.01;none;0.01;64;0.8;0.999;1.00E-06;0.020663964;0.174799818;504;0.9
relu;(100, 100, 100, 50);0;0.01;l1;0.0001;16;0.9;0.9;1.00E-08;0.020664147;0.174792522;506;1.32
relu;(100, 100, 100, 50);0;0.01;l1;0.0001;16;0.99;0.999;1.00E-06;0.020667576;0.174655572;506;1.37
relu;(50, 50, 50);0.1;0.03;l2;1.00E-05;16;0.8;0.99;1.00E-06;0.020669665;0.174572129;506;0.74
relu;(100, 100, 100, 50);0.1;0.01;l1;0.0001;64;0.8;0.999;1.00E-08;0.020671526;0.174497826;504;2.33
relu;(50, 50, 50);0.1;0.01;l1;0.0001;16;0.8;0.9;1.00E-06;0.020671593;0.174495171;506;0.66
relu;(100, 100, 100, 50);0;0.03;l2;0.0001;32;0.9;0.9;1.00E-06;0.020678686;0.174211917;506;1.02
relu;(100, 50, 25);0;0.001;l2;1.00E-05;64;0.99;0.99;1.00E-06;0.020681645;0.174093731;504;0.98
relu;(100, 100, 100, 50);0;0.01;l1;1.00E-05;32;0.9;0.99;1.00E-08;0.020689474;0.173781072;506;1.46
relu;(100, 50, 25);0;0.001;none;0.0001;64;0.99;0.99;1.00E-06;0.020690388;0.173744576;504;1.74
relu;(50, 50, 50);0.1;0.01;none;0.01;32;0.9;0.99;1.00E-08;0.020692884;0.173644921;506;0.75
relu;(100, 100, 100, 50);0;0.03;l1;0.0001;32;0.8;0.9;1.00E-06;0.020693346;0.173626485;506;1.25
relu;(100, 50, 25);0;0.001;l1;0.0001;16;0.8;0.9;1.00E-08;0.020697889;0.173445028;506;0.59
relu;(50, 50, 50);0;0.03;l1;0.0001;64;0.9;0.999;1.00E-06;0.020700067;0.17335806;504;0.43
relu;(50, 50, 50);0;0.03;l1;1.00E-05;64;0.8;0.9;1.00E-06;0.020702325;0.173267913;504;0.49
relu;(50, 50, 50);0;0.03;l1;0.0001;16;0.9;0.9;1.00E-06;0.02070439;0.17318545;506;0.35
relu;(50, 50, 50);0.1;0.01;none;0.01;32;0.9;0.99;1.00E-06;0.02070763;0.173056063;506;0.72
relu;(100, 50, 25);0;0.01;l1;0.0001;64;0.99;0.99;1.00E-06;0.020708869;0.173006556;504;0.42
relu;(100, 50, 25);0.1;0.001;l2;0.0001;16;0.8;0.9;1.00E-08;0.020708989;0.173001776;506;0.77
relu;(100, 50, 25);0;0.01;none;0.01;64;0.8;0.999;1.00E-08;0.020709329;0.17298819;504;0.89
relu;(100, 50, 25);0;0.03;l2;0.0001;64;0.99;0.99;1.00E-06;0.020709531;0.172980136;504;0.44
relu;(100, 100, 100, 50);0;0.01;l1;0.0001;16;0.9;0.9;1.00E-06;0.020710335;0.172948024;506;1.34
relu;(100, 100, 100, 50);0;0.01;l2;0.0001;32;0.99;0.99;1.00E-06;0.02071181;0.172889133;506;1.29
relu;(100, 50, 25);0.1;0.01;none;0.01;64;0.99;0.999;1.00E-08;0.020712528;0.172860465;504;0.91
relu;(100, 50, 25);0;0.01;l2;0.0001;32;0.99;0.99;1.00E-08;0.020714291;0.172790051;506;0.3
relu;(50, 50, 50);0;0.03;none;0.0001;32;0.9;0.99;1.00E-08;0.020714879;0.172766571;506;0.41
relu;(100, 100, 100, 50);0;0.01;l1;0.0001;32;0.8;0.99;1.00E-08;0.020716977;0.17268278;506;1.57
relu;(100, 100, 100, 50);0.1;0.01;l2;0.0001;16;0.9;0.999;1.00E-06;0.020718939;0.172604437;506;1.39
relu;(100, 50, 25);0;0.01;l2;0.0001;32;0.99;0.9;1.00E-08;0.020725591;0.172338792;506;0.33
relu;(100, 100, 100, 50);0;0.03;l2;0.0001;16;0.99;0.99;1.00E-06;0.020728191;0.172234965;506;0.92
relu;(100, 50, 25);0;0.03;l2;1.00E-05;32;0.99;0.99;1.00E-08;0.02073027;0.172151938;506;0.29
relu;(100, 100, 100, 50);0.1;0.01;l1;1.00E-05;64;0.9;0.999;1.00E-08;0.020734139;0.171997416;504;2.16
relu;(100, 100, 100, 50);0;0.01;l2;0.0001;16;0.9;0.999;1.00E-06;0.020734233;0.171993661;506;1.17
relu;(100, 100, 100, 50);0;0.03;l2;0.0001;32;0.99;0.999;1.00E-08;0.020734485;0.171983611;506;1.06
relu;(100, 100, 100, 50);0;0.03;l1;0.0001;64;0.99;0.999;1.00E-06;0.020736326;0.171910093;504;1.66
relu;(100, 100, 100, 50);0;0.001;l2;0.01;64;0.9;0.999;1.00E-06;0.020736896;0.171887313;504;1.49
relu;(100, 100, 100, 50);0;0.01;l1;0.0001;64;0.8;0.9;1.00E-08;0.020738038;0.171841719;504;1.67
relu;(100, 50, 25);0.1;0.03;none;0.01;64;0.8;0.999;1.00E-08;0.020741858;0.171689166;504;1
relu;(100, 50, 25);0.3;0.01;l2;0.0001;16;0.8;0.9;1.00E-06;0.020743029;0.171642417;506;0.36
relu;(100, 100, 100, 50);0.1;0.01;l2;1.00E-05;64;0.99;0.99;1.00E-06;0.020743556;0.171621365;504;1.74
relu;(50, 50, 50);0.1;0.03;l1;1.00E-05;16;0.8;0.9;1.00E-06;0.020743653;0.171617502;506;0.51
relu;(100, 50, 25);0.3;0.01;none;0.01;64;0.8;0.9;1.00E-06;0.020744177;0.171596553;504;0.51
relu;(100, 50, 25);0.1;0.01;none;1.00E-05;16;0.8;0.999;1.00E-06;0.020746207;0.171515517;506;0.97
relu;(50, 50, 50);0.1;0.01;l1;0.0001;64;0.9;0.9;1.00E-08;0.020746622;0.171498932;504;0.71
relu;(100, 100, 100, 50);0.1;0.01;l1;1.00E-05;16;0.8;0.9;1.00E-06;0.020747957;0.171445596;506;1.32
relu;(100, 100, 100, 50);0;0.001;l1;1.00E-05;64;0.99;0.9;1.00E-08;0.02074917;0.171397184;504;1.46
relu;(50, 50, 50);0;0.03;l1;0.0001;32;0.8;0.999;1.00E-08;0.020751069;0.171321358;506;0.4
relu;(100, 50, 25);0.3;0.03;l2;0.0001;32;0.8;0.9;1.00E-06;0.020752792;0.171252549;506;0.96
relu;(100, 50, 25);0;0.01;l1;0.0001;64;0.8;0.99;1.00E-06;0.020754548;0.171182392;504;0.59
relu;(50, 50, 50);0;0.01;l1;0.0001;32;0.9;0.99;1.00E-06;0.020755751;0.17113435;506;0.38
relu;(100, 50, 25);0.1;0.03;l2;0.0001;16;0.9;0.9;1.00E-06;0.020760154;0.170958533;506;0.71
relu;(50, 50, 50);0;0.01;l1;0.0001;64;0.99;0.99;1.00E-08;0.020761554;0.170902627;504;0.44
relu;(100, 50, 25);0.1;0.01;none;0.01;64;0.9;0.9;1.00E-08;0.020763329;0.170831761;504;0.89
relu;(100, 50, 25);0.1;0.03;l2;0.0001;64;0.8;0.999;1.00E-06;0.020763541;0.170823268;504;1
relu;(50, 50, 50);0.1;0.03;l2;0.0001;16;0.9;0.9;1.00E-06;0.020765251;0.170754978;506;0.64
relu;(100, 100, 100, 50);0;0.01;l2;0.0001;16;0.9;0.9;1.00E-06;0.020765356;0.170750805;506;1.12
relu;(100, 100, 100, 50);0;0.01;l1;0.0001;32;0.8;0.999;1.00E-06;0.020768172;0.170638327;506;1.46
relu;(50, 50, 50);0.1;0.01;l2;0.0001;32;0.9;0.999;1.00E-06;0.020768678;0.170618145;506;0.66
relu;(50, 50, 50);0.1;0.01;l1;0.0001;64;0.8;0.9;1.00E-06;0.020769596;0.17058148;504;0.72
relu;(100, 50, 25);0;0.001;l2;0.01;32;0.8;0.99;1.00E-06;0.020771848;0.170491548;506;0.72
relu;(50, 50, 50);0.3;0.01;l2;0.0001;64;0.8;0.99;1.00E-08;0.020773162;0.170439063;504;0.83
relu;(50, 50, 50);0;0.01;l1;0.0001;16;0.9;0.999;1.00E-08;0.020774822;0.170372779;506;0.35
relu;(100, 100, 100, 50);0;0.001;l1;0.0001;64;0.9;0.99;1.00E-08;0.020775734;0.170336373;504;1.47
relu;(100, 50, 25);0.1;0.01;l2;0.0001;16;0.9;0.99;1.00E-08;0.020777744;0.170256104;506;0.68
relu;(100, 50, 25);0;0.01;l1;0.0001;64;0.8;0.9;1.00E-06;0.020779172;0.170199053;504;0.45
relu;(100, 100, 100, 50);0.1;0.01;none;1.00E-05;32;0.9;0.9;1.00E-06;0.020780711;0.170137609;506;1.36
relu;(50, 50, 50);0;0.01;none;0.01;32;0.9;0.9;1.00E-08;0.020781969;0.170087383;506;0.35
relu;(50, 50, 50);0.1;0.03;l1;0.0001;64;0.8;0.999;1.00E-06;0.02078207;0.170083345;504;0.69
relu;(100, 100, 100, 50);0;0.01;l2;1.00E-05;16;0.99;0.999;1.00E-08;0.020783282;0.170034948;506;1.05
relu;(100, 100, 100, 50);0;0.01;none;0.01;16;0.8;0.9;1.00E-08;0.020784695;0.169978493;506;0.94
relu;(50, 50, 50);0.1;0.01;l1;0.0001;32;0.8;0.9;1.00E-08;0.020785008;0.169966014;506;0.67
relu;(50, 50, 50);0.1;0.03;l2;0.0001;16;0.9;0.99;1.00E-08;0.020786319;0.169913641;506;0.69
relu;(100, 100, 100, 50);0;0.03;l2;1.00E-05;64;0.9;0.9;1.00E-06;0.020788141;0.169840905;504;1.3
relu;(100, 50, 25);0;0.03;none;1.00E-05;16;0.9;0.999;1.00E-06;0.020791441;0.169709124;506;0.28
relu;(100, 50, 25);0;0.01;none;0.01;32;0.9;0.999;1.00E-08;0.020792059;0.169684435;506;0.74
relu;(50, 50, 50);0.1;0.01;l2;0.0001;64;0.9;0.9;1.00E-08;0.020796265;0.169516462;504;0.85
relu;(100, 50, 25);0;0.01;l1;0.0001;16;0.99;0.99;1.00E-06;0.020797104;0.169482976;506;0.37
relu;(100, 50, 25);0;0.03;none;0.01;16;0.9;0.999;1.00E-08;0.020799038;0.169405719;506;0.26
relu;(50, 50, 50);0;0.03;l1;0.0001;32;0.8;0.99;1.00E-06;0.02079921;0.169398857;506;0.4
relu;(100, 100, 100, 50);0;0.01;none;1.00E-05;64;0.9;0.999;1.00E-08;0.020801252;0.169317333;504;1.51
relu;(100, 100, 100, 50);0;0.01;none;1.00E-05;64;0.99;0.999;1.00E-06;0.020803226;0.169238491;504;1.53
relu;(50, 50, 50);0.1;0.001;none;0.01;16;0.8;0.999;1.00E-06;0.02080371;0.169219167;506;0.39
relu;(100, 100, 100, 50);0;0.03;none;0.01;16;0.9;0.9;1.00E-08;0.020804346;0.169193751;506;1.16
relu;(100, 100, 100, 50);0.1;0.03;none;0.0001;64;0.8;0.9;1.00E-08;0.02080487;0.169172818;504;1.79
relu;(100, 50, 25);0;0.03;l1;0.0001;32;0.9;0.99;1.00E-08;0.020807265;0.169077198;506;0.34
relu;(50, 50, 50);0;0.03;none;0.01;16;0.9;0.999;1.00E-06;0.020808094;0.169044097;506;0.41
relu;(100, 50, 25);0.1;0.01;l1;0.0001;16;0.8;0.99;1.00E-08;0.020809393;0.168992219;506;0.86
relu;(50, 50, 50);0;0.03;none;1.00E-05;64;0.8;0.999;1.00E-08;0.020810252;0.168957923;504;0.43
relu;(50, 50, 50);0;0.01;l1;0.0001;16;0.99;0.999;1.00E-08;0.02081082;0.168935245;506;0.39
relu;(100, 50, 25);0.1;0.01;l2;0.0001;32;0.9;0.9;1.00E-08;0.02081098;0.168928828;506;0.95
relu;(100, 50, 25);0;0.001;l2;0.01;16;0.9;0.999;1.00E-08;0.020814635;0.168782892;506;0.69
relu;(50, 50, 50);0.1;0.001;l1;1.00E-05;64;0.8;0.99;1.00E-06;0.020814947;0.168770401;504;0.54
relu;(100, 50, 25);0;0.01;none;0.01;64;0.9;0.9;1.00E-08;0.020815111;0.168763853;504;0.82
relu;(100, 50, 25);0.1;0.03;l2;0.0001;32;0.8;0.99;1.00E-08;0.020816616;0.168703755;506;0.8
relu;(50, 50, 50);0.3;0.01;l1;1.00E-05;64;0.9;0.9;1.00E-08;0.020816748;0.168698509;504;0.95
relu;(100, 50, 25);0;0.001;l2;0.0001;32;0.99;0.999;1.00E-06;0.020820606;0.168544417;506;0.9
relu;(100, 100, 100, 50);0.1;0.03;l1;1.00E-05;16;0.9;0.9;1.00E-08;0.020824983;0.168369628;506;1.46
relu;(100, 50, 25);0;0.01;none;0.01;32;0.99;0.999;1.00E-06;0.020826484;0.168309692;506;0.74
relu;(100, 50, 25);0;0.03;l2;1.00E-05;16;0.8;0.999;1.00E-08;0.020829164;0.168202666;506;0.29
relu;(100, 50, 25);0;0.03;none;0.0001;32;0.9;0.9;1.00E-08;0.02083392;0.168012729;506;0.29
relu;(100, 50, 25);0;0.03;l1;1.00E-05;32;0.99;0.99;1.00E-08;0.020835324;0.167956689;506;0.33
relu;(100, 100, 100, 50);0.1;0.01;l1;1.00E-05;16;0.9;0.999;1.00E-06;0.020836925;0.167892744;506;1.35
relu;(100, 50, 25);0.1;0.01;l2;0.0001;32;0.9;0.9;1.00E-06;0.02083767;0.167862989;506;0.78
relu;(100, 100, 100, 50);0.1;0.03;l1;0.0001;32;0.8;0.99;1.00E-08;0.020837924;0.167852844;506;1.47
relu;(100, 100, 100, 50);0;0.01;l1;0.0001;64;0.9;0.9;1.00E-08;0.020838648;0.167823929;504;1.66
relu;(100, 100, 100, 50);0;0.01;l1;0.0001;64;0.99;0.999;1.00E-08;0.020838679;0.167822688;504;1.51
relu;(100, 50, 25);0.1;0.01;none;1.00E-05;32;0.8;0.9;1.00E-06;0.020838861;0.16781545;506;1.06
relu;(100, 100, 100, 50);0;0.01;l1;0.0001;32;0.9;0.9;1.00E-06;0.020841974;0.167691134;506;1.53
relu;(50, 50, 50);0;0.01;none;0.01;16;0.99;0.999;1.00E-08;0.020843219;0.167641383;506;0.39
relu;(100, 50, 25);0;0.001;l2;0.01;32;0.9;0.99;1.00E-06;0.020844402;0.167594169;506;0.93
relu;(100, 50, 25);0.1;0.001;l2;1.00E-05;16;0.99;0.99;1.00E-08;0.020845777;0.167539235;506;0.8
relu;(50, 50, 50);0.1;0.001;l2;0.0001;32;0.99;0.99;1.00E-06;0.020846091;0.167526693;506;0.4
relu;(50, 50, 50);0.1;0.01;l1;1.00E-05;64;0.9;0.99;1.00E-06;0.020846622;0.167505518;504;0.77
relu;(100, 50, 25);0;0.01;none;1.00E-05;16;0.99;0.999;1.00E-08;0.020849383;0.167395241;506;0.63
relu;(100, 50, 25);0.1;0.03;none;0.0001;32;0.8;0.999;1.00E-06;0.020849977;0.167371512;506;0.89
relu;(100, 100, 100, 50);0;0.03;l2;0.0001;16;0.9;0.9;1.00E-06;0.020849995;0.167370797;506;0.99
relu;(100, 50, 25);0.1;0.03;l2;0.0001;64;0.9;0.9;1.00E-06;0.020850653;0.167344523;504;0.99
relu;(50, 50, 50);0.1;0.03;l1;0.0001;64;0.9;0.999;1.00E-06;0.020851979;0.167291566;504;0.82
relu;(50, 50, 50);0;0.03;l1;0.0001;32;0.9;0.9;1.00E-08;0.020852641;0.167265145;506;0.41
relu;(50, 50, 50);0;0.03;l1;0.0001;32;0.8;0.9;1.00E-08;0.02085366;0.167224434;506;0.43
relu;(100, 50, 25);0;0.001;l1;0.0001;32;0.9;0.999;1.00E-08;0.020855328;0.167157838;506;0.83
relu;(50, 50, 50);0;0.001;l2;0.01;64;0.9;0.999;1.00E-08;0.02085702;0.16709026;504;0.42
relu;(50, 50, 50);0;0.01;l2;0.0001;64;0.99;0.999;1.00E-06;0.020857663;0.167064592;504;0.37
relu;(50, 50, 50);0;0.01;none;0.0001;16;0.9;0.9;1.00E-06;0.020858319;0.167038374;506;0.31
relu;(100, 50, 25);0;0.01;none;1.00E-05;64;0.99;0.99;1.00E-06;0.020861372;0.166916459;504;0.76
relu;(100, 100, 100, 50);0;0.03;l1;1.00E-05;32;0.9;0.9;1.00E-06;0.020863687;0.166824012;506;1.1
relu;(100, 100, 100, 50);0;0.03;l2;0.0001;16;0.9;0.9;1.00E-08;0.020863799;0.166819544;506;0.99
relu;(50, 50, 50);0.3;0.01;l2;0.0001;32;0.9;0.99;1.00E-08;0.020864;0.166811529;506;0.65
relu;(100, 100, 100, 50);0.1;0.01;l2;0.0001;32;0.9;0.9;1.00E-06;0.020864068;0.16680882;506;1.49
relu;(50, 50, 50);0.3;0.03;l2;0.0001;64;0.8;0.9;1.00E-08;0.020867456;0.166673507;504;0.95
relu;(100, 100, 100, 50);0.1;0.01;none;1.00E-05;16;0.8;0.9;1.00E-06;0.020868273;0.166640875;506;1.17
relu;(100, 50, 25);0.1;0.01;l2;1.00E-05;32;0.9;0.9;1.00E-06;0.020868918;0.16661512;506;0.96
relu;(100, 50, 25);0;0.03;l1;0.0001;16;0.8;0.999;1.00E-08;0.020870149;0.166565957;506;0.54
relu;(100, 50, 25);0.1;0.01;none;0.01;32;0.8;0.9;1.00E-06;0.020875017;0.166371585;506;0.78
relu;(50, 50, 50);0.1;0.03;none;1.00E-05;32;0.8;0.99;1.00E-08;0.020876982;0.166293078;506;0.67
relu;(50, 50, 50);0;0.03;l1;0.0001;32;0.9;0.999;1.00E-08;0.020879188;0.166204989;506;0.42
relu;(100, 50, 25);0.1;0.001;none;0.01;16;0.8;0.9;1.00E-08;0.020879207;0.166204255;506;0.39
relu;(50, 50, 50);0;0.03;none;0.01;16;0.9;0.9;1.00E-08;0.020879245;0.166202727;506;0.31
relu;(100, 100, 100, 50);0.1;0.001;l1;1.00E-05;32;0.99;0.999;1.00E-08;0.020881683;0.166105366;506;1.78
relu;(100, 50, 25);0.1;0.01;l1;1.00E-05;32;0.9;0.999;1.00E-08;0.020882759;0.166062381;506;1.02
relu;(100, 50, 25);0.1;0.01;l2;1.00E-05;32;0.8;0.99;1.00E-06;0.020884313;0.166000319;506;0.81
relu;(100, 50, 25);0;0.01;none;0.0001;16;0.8;0.9;1.00E-08;0.020884969;0.165974156;506;0.59
relu;(100, 50, 25);0;0.01;l1;0.0001;64;0.9;0.9;1.00E-08;0.020885002;0.165972822;504;0.48
relu;(100, 50, 25);0;0.01;l2;0.0001;32;0.8;0.999;1.00E-06;0.020886976;0.165894006;506;0.32
relu;(50, 50, 50);0;0.03;l2;0.0001;32;0.9;0.999;1.00E-06;0.020888584;0.165829759;506;1.2
relu;(100, 50, 25);0;0.01;l1;1.00E-05;16;0.8;0.9;1.00E-08;0.020889361;0.165798735;506;0.76
relu;(100, 50, 25);0.1;0.001;l1;1.00E-05;32;0.8;0.9;1.00E-06;0.020891406;0.165717092;506;1
relu;(100, 100, 100, 50);0;0.01;none;1.00E-05;64;0.9;0.99;1.00E-08;0.020893204;0.165645285;504;1.53
relu;(100, 100, 100, 50);0.1;0.03;none;0.01;16;0.8;0.9;1.00E-08;0.020894199;0.165605535;506;1.37
relu;(100, 50, 25);0.1;0.01;l2;0.0001;64;0.9;0.9;1.00E-06;0.020897795;0.165461944;504;1.09
relu;(100, 50, 25);0;0.001;none;0.01;16;0.99;0.999;1.00E-08;0.02089987;0.165379063;506;1.32
relu;(100, 50, 25);0;0.03;l1;0.0001;16;0.9;0.9;1.00E-08;0.020900291;0.165362257;506;0.54
relu;(50, 50, 50);0.1;0.03;l1;1.00E-05;64;0.9;0.999;1.00E-08;0.020910938;0.164937071;504;0.75
relu;(100, 50, 25);0.1;0.001;none;0.01;64;0.9;0.999;1.00E-06;0.020911068;0.164931897;504;0.94
relu;(50, 50, 50);0;0.03;none;1.00E-05;16;0.8;0.9;1.00E-06;0.020911925;0.164897682;506;0.35
relu;(50, 50, 50);0.1;0.03;l2;0.0001;64;0.8;0.99;1.00E-06;0.020912439;0.164877167;504;0.62
relu;(100, 100, 100, 50);0.1;0.01;l2;1.00E-05;16;0.8;0.99;1.00E-06;0.02091722;0.164686241;506;1.34
relu;(100, 100, 100, 50);0.1;0.03;l2;0.0001;64;0.8;0.99;1.00E-08;0.020917751;0.164665022;504;1.19
relu;(100, 50, 25);0;0.01;l1;0.0001;16;0.99;0.9;1.00E-08;0.020917818;0.164662324;506;0.3
relu;(50, 50, 50);0.1;0.03;l2;0.0001;32;0.8;0.99;1.00E-06;0.020922787;0.164463897;506;0.61
relu;(100, 100, 100, 50);0.1;0.01;l1;1.00E-05;64;0.8;0.999;1.00E-06;0.020923416;0.164438809;504;2.02
relu;(100, 100, 100, 50);0;0.001;l2;1.00E-05;32;0.99;0.99;1.00E-06;0.020927051;0.164293632;506;1.31
relu;(100, 100, 100, 50);0;0.001;none;1.00E-05;16;0.99;0.9;1.00E-06;0.020927207;0.164287392;506;1.32
relu;(100, 50, 25);0;0.01;l2;1.00E-05;16;0.99;0.99;1.00E-08;0.020927849;0.164261774;506;0.29
relu;(100, 100, 100, 50);0;0.03;l1;1.00E-05;32;0.9;0.999;1.00E-06;0.02092838;0.164240574;506;1.12
relu;(50, 50, 50);0;0.01;l1;1.00E-05;32;0.99;0.99;1.00E-06;0.020931383;0.164120627;506;0.39
relu;(50, 50, 50);0;0.01;none;0.01;16;0.99;0.999;1.00E-06;0.020931556;0.164113711;506;0.48
relu;(50, 50, 50);0.1;0.03;l1;0.0001;64;0.8;0.9;1.00E-06;0.020932303;0.164083878;504;0.85
relu;(100, 50, 25);0.1;0.001;l1;1.00E-05;32;0.8;0.99;1.00E-06;0.02093316;0.164049687;506;0.94
relu;(100, 100, 100, 50);0;0.03;none;0.0001;16;0.8;0.999;1.00E-06;0.020934533;0.163994844;506;1.08
relu;(50, 50, 50);0.1;0.01;none;1.00E-05;32;0.8;0.9;1.00E-08;0.020938641;0.163830771;506;0.45
relu;(100, 50, 25);0;0.001;l1;0.0001;32;0.99;0.9;1.00E-06;0.020939414;0.163799926;506;0.7
relu;(100, 50, 25);0;0.03;l1;1.00E-05;64;0.9;0.9;1.00E-08;0.020942366;0.163682017;504;0.48
relu;(100, 100, 100, 50);0;0.01;l1;0.0001;64;0.8;0.99;1.00E-08;0.020943675;0.163629767;504;1.65
relu;(100, 50, 25);0.1;0.01;l1;1.00E-05;32;0.8;0.99;1.00E-08;0.02094418;0.1636096;506;0.95
relu;(100, 100, 100, 50);0.1;0.01;l2;1.00E-05;64;0.8;0.9;1.00E-06;0.020947121;0.16349214;504;1.74
relu;(100, 50, 25);0;0.03;l1;1.00E-05;32;0.8;0.999;1.00E-06;0.020947165;0.163490381;506;0.36
relu;(50, 50, 50);0;0.03;none;0.01;32;0.9;0.9;1.00E-06;0.020947441;0.163479351;506;0.36
relu;(100, 100, 100, 50);0;0.03;l1;1.00E-05;32;0.9;0.99;1.00E-06;0.020948067;0.163454356;506;1.08
relu;(50, 50, 50);0;0.01;l2;1.00E-05;32;0.9;0.999;1.00E-06;0.020949015;0.163416497;506;0.35
relu;(100, 100, 100, 50);0.1;0.001;none;0.01;64;0.9;0.9;1.00E-08;0.020949432;0.163399844;504;2.01
relu;(50, 50, 50);0.1;0.01;l1;0.0001;64;0.9;0.999;1.00E-06;0.02095054;0.163355595;504;0.8
relu;(100, 50, 25);0;0.03;none;1.00E-05;16;0.9;0.9;1.00E-06;0.020951047;0.163335384;506;0.27
relu;(100, 100, 100, 50);0.1;0.01;l2;1.00E-05;32;0.8;0.9;1.00E-06;0.020952835;0.163263952;506;1.48
relu;(50, 50, 50);0;0.03;l2;0.0001;32;0.8;0.99;1.00E-08;0.020954677;0.163190399;506;1.33
relu;(50, 50, 50);0.3;0.01;l2;0.0001;64;0.9;0.9;1.00E-08;0.020955198;0.163169596;504;0.88
relu;(100, 50, 25);0.1;0.01;l2;0.0001;32;0.99;0.999;1.00E-06;0.020955544;0.163155783;506;0.87
relu;(50, 50, 50);0;0.01;none;0.01;16;0.9;0.99;1.00E-08;0.020956137;0.163132083;506;0.29
relu;(50, 50, 50);0;0.01;l2;0.0001;16;0.9;0.999;1.00E-06;0.020958433;0.163040394;506;0.31
relu;(100, 50, 25);0.1;0.001;l1;0.0001;16;0.9;0.999;1.00E-06;0.020960955;0.162939681;506;1.02
relu;(100, 50, 25);0.1;0.001;none;1.00E-05;32;0.9;0.99;1.00E-06;0.020961459;0.162919558;506;0.4
relu;(100, 50, 25);0;0.001;l1;1.00E-05;32;0.99;0.9;1.00E-08;0.020962554;0.162875848;506;0.65
relu;(100, 100, 100, 50);0;0.01;l1;1.00E-05;16;0.9;0.9;1.00E-06;0.020963964;0.162819552;506;1.2
relu;(100, 100, 100, 50);0;0.01;l1;1.00E-05;64;0.9;0.99;1.00E-08;0.020964571;0.162795276;504;1.6
relu;(50, 50, 50);0.1;0.01;l1;1.00E-05;64;0.8;0.9;1.00E-08;0.020964673;0.16279121;504;0.97
relu;(100, 50, 25);0.1;0.03;l2;1.00E-05;32;0.9;0.9;1.00E-06;0.020964719;0.162789387;506;0.78
relu;(50, 50, 50);0.1;0.001;none;0.0001;32;0.8;0.9;1.00E-06;0.020966718;0.162709555;506;0.43
relu;(50, 50, 50);0;0.03;l2;0.0001;32;0.9;0.999;1.00E-08;0.020969414;0.162601912;506;1.08
relu;(100, 100, 100, 50);0.1;0.001;l2;0.0001;32;0.8;0.9;1.00E-06;0.020969566;0.162595836;506;1.68
relu;(100, 100, 100, 50);0;0.001;l2;0.01;64;0.8;0.999;1.00E-06;0.020972201;0.162490611;504;1.4
relu;(100, 100, 100, 50);0;0.01;l2;1.00E-05;32;0.99;0.999;1.00E-08;0.020972766;0.162468041;506;1.19
relu;(100, 50, 25);0.3;0.01;l1;1.00E-05;64;0.8;0.9;1.00E-06;0.020973493;0.162438983;504;0.87
relu;(100, 50, 25);0;0.01;l1;1.00E-05;32;0.9;0.9;1.00E-08;0.020973539;0.162437147;506;0.91
relu;(100, 50, 25);0;0.001;l2;0.01;16;0.8;0.999;1.00E-08;0.020975549;0.162356906;506;0.71
relu;(100, 50, 25);0.1;0.01;l1;1.00E-05;64;0.9;0.99;1.00E-08;0.020976332;0.162325639;504;1.11
relu;(100, 100, 100, 50);0;0.01;l1;1.00E-05;32;0.8;0.99;1.00E-06;0.020978197;0.162251139;506;1.37
relu;(50, 50, 50);0.1;0.001;none;1.00E-05;64;0.9;0.9;1.00E-06;0.020978951;0.162221023;504;0.44
relu;(100, 50, 25);0.1;0.001;none;1.00E-05;32;0.8;0.9;1.00E-06;0.020979038;0.162217563;506;0.39
relu;(100, 100, 100, 50);0;0.01;l1;0.0001;64;0.9;0.999;1.00E-08;0.020981749;0.162109323;504;1.67
relu;(100, 50, 25);0;0.01;none;0.01;16;0.9;0.9;1.00E-08;0.020984662;0.161992991;506;0.56
relu;(100, 100, 100, 50);0;0.03;l2;1.00E-05;64;0.9;0.999;1.00E-08;0.020987077;0.161896523;504;1.25
relu;(100, 100, 100, 50);0.1;0.01;none;1.00E-05;64;0.8;0.999;1.00E-08;0.020989954;0.161781659;504;1.58
relu;(100, 100, 100, 50);0;0.03;none;1.00E-05;16;0.9;0.999;1.00E-06;0.020992311;0.16168752;506;0.91
relu;(100, 50, 25);0;0.001;l2;0.01;64;0.8;0.999;1.00E-06;0.020992381;0.161684729;504;0.74
relu;(100, 100, 100, 50);0;0.01;l2;1.00E-05;64;0.9;0.9;1.00E-06;0.020993342;0.161646326;504;1.44
relu;(100, 100, 100, 50);0.1;0.03;l2;1.00E-05;32;0.8;0.9;1.00E-06;0.020996299;0.161528261;506;0.7
relu;(50, 50, 50);0.1;0.01;l2;0.0001;64;0.8;0.9;1.00E-08;0.020996367;0.161525527;504;0.63
relu;(100, 50, 25);0;0.03;l1;1.00E-05;16;0.99;0.99;1.00E-06;0.020997885;0.161464931;506;0.36
relu;(50, 50, 50);0;0.001;l2;0.01;64;0.9;0.9;1.00E-06;0.02099876;0.161430001;504;0.45
relu;(100, 50, 25);0;0.01;none;0.01;16;0.99;0.99;1.00E-06;0.020999266;0.161409788;506;0.6
relu;(50, 50, 50);0.1;0.01;none;0.0001;64;0.9;0.9;1.00E-08;0.020999385;0.161405036;504;1
relu;(100, 50, 25);0.1;0.01;none;0.01;16;0.8;0.99;1.00E-08;0.021000901;0.161344487;506;0.73
relu;(100, 100, 100, 50);0.1;0.001;none;0.0001;64;0.9;0.9;1.00E-08;0.021001044;0.161338791;504;1.57
relu;(50, 50, 50);0.1;0.03;l1;0.0001;64;0.8;0.9;1.00E-08;0.021001539;0.161319022;504;0.57
relu;(100, 100, 100, 50);0;0.03;l1;0.0001;64;0.8;0.9;1.00E-08;0.021002195;0.161292809;504;1.61
relu;(100, 50, 25);0.1;0.01;none;0.01;16;0.9;0.999;1.00E-08;0.021003029;0.161259501;506;0.73
relu;(100, 100, 100, 50);0.1;0.01;l2;0.0001;16;0.8;0.9;1.00E-06;0.021003455;0.161242494;506;1.33
relu;(50, 50, 50);0;0.03;l2;0.0001;64;0.99;0.99;1.00E-08;0.021003822;0.16122785;504;1.4
relu;(50, 50, 50);0.1;0.03;none;0.0001;16;0.8;0.999;1.00E-06;0.021004666;0.161194143;506;0.72
relu;(100, 100, 100, 50);0;0.001;none;1.00E-05;64;0.99;0.99;1.00E-06;0.021004969;0.161182027;504;1.34
relu;(100, 50, 25);0;0.01;l2;1.00E-05;32;0.9;0.999;1.00E-08;0.02100663;0.161115696;506;0.29
relu;(100, 100, 100, 50);0.1;0.01;l2;0.0001;16;0.8;0.999;1.00E-06;0.021008064;0.161058437;506;1.33
relu;(100, 100, 100, 50);0.1;0.01;l1;1.00E-05;32;0.9;0.999;1.00E-06;0.021009822;0.160988213;506;1.7
relu;(100, 100, 100, 50);0.1;0.001;l1;0.0001;32;0.99;0.99;1.00E-06;0.021012361;0.160886827;506;1.78
relu;(100, 100, 100, 50);0;0.03;none;0.0001;16;0.9;0.9;1.00E-06;0.021012527;0.160880198;506;1.06
relu;(100, 50, 25);0;0.001;l1;0.0001;32;0.99;0.9;1.00E-08;0.02101437;0.160806589;506;0.66
relu;(50, 50, 50);0;0.01;l2;0.0001;32;0.9;0.9;1.00E-08;0.021015105;0.160777276;506;0.38
relu;(100, 50, 25);0.1;0.001;l1;1.00E-05;16;0.8;0.9;1.00E-06;0.0210163;0.160729525;506;0.81
relu;(50, 50, 50);0;0.01;l2;1.00E-05;64;0.9;0.9;1.00E-08;0.021016421;0.1607247;504;0.4
relu;(100, 100, 100, 50);0;0.01;none;0.0001;32;0.9;0.99;1.00E-08;0.021017828;0.160668527;506;1.35
relu;(100, 50, 25);0;0.01;l2;0.0001;32;0.99;0.999;1.00E-08;0.021018097;0.16065777;506;0.3
relu;(100, 50, 25);0;0.01;l1;0.0001;64;0.9;0.99;1.00E-08;0.021019281;0.160610505;504;0.52
relu;(50, 50, 50);0.1;0.01;l1;0.0001;16;0.9;0.999;1.00E-08;0.021021978;0.160502799;506;0.78
relu;(50, 50, 50);0.3;0.01;l1;1.00E-05;32;0.8;0.9;1.00E-08;0.021022211;0.160493481;506;0.61
relu;(50, 50, 50);0;0.03;l2;0.0001;16;0.99;0.999;1.00E-08;0.021022374;0.160486969;506;0.9
relu;(50, 50, 50);0;0.03;l2;0.0001;32;0.8;0.9;1.00E-08;0.02102303;0.160460775;506;1.22
relu;(100, 50, 25);0;0.01;l2;0.0001;64;0.9;0.9;1.00E-08;0.021026483;0.160322899;504;0.36
relu;(100, 50, 25);0;0.01;l2;0.0001;16;0.9;0.9;1.00E-06;0.021026617;0.160317525;506;0.3
relu;(50, 50, 50);0.1;0.001;l1;0.0001;32;0.9;0.9;1.00E-08;0.021029028;0.16022126;506;0.47
relu;(50, 50, 50);0.3;0.01;l1;1.00E-05;64;0.9;0.9;1.00E-06;0.021033352;0.160048568;504;0.79
relu;(100, 100, 100, 50);0.1;0.01;l2;1.00E-05;16;0.9;0.999;1.00E-08;0.021035246;0.15997293;506;1.32
relu;(100, 50, 25);0;0.03;none;0.01;16;0.9;0.9;1.00E-08;0.021035989;0.159943259;506;0.26
relu;(100, 50, 25);0;0.01;l1;1.00E-05;16;0.99;0.99;1.00E-08;0.02103728;0.159891695;506;0.75
relu;(100, 50, 25);0;0.01;l1;0.0001;64;0.8;0.9;1.00E-08;0.021037295;0.159891112;504;0.45
relu;(50, 50, 50);0;0.001;l1;0.0001;32;0.99;0.999;1.00E-08;0.021038015;0.159862375;506;1.18
relu;(100, 100, 100, 50);0.1;0.03;none;1.00E-05;32;0.8;0.9;1.00E-06;0.021038552;0.15984092;506;1.51
relu;(100, 50, 25);0.1;0.01;none;0.01;32;0.9;0.99;1.00E-08;0.021041902;0.15970715;506;0.76
relu;(100, 100, 100, 50);0.1;0.01;none;0.0001;32;0.9;0.99;1.00E-08;0.021044348;0.159609454;506;1.66
relu;(100, 50, 25);0.1;0.01;l2;0.0001;32;0.9;0.999;1.00E-06;0.021046319;0.159530734;506;0.92
relu;(100, 50, 25);0.1;0.01;l2;0.0001;32;0.9;0.999;1.00E-08;0.021046426;0.159526488;506;0.94
relu;(100, 50, 25);0.1;0.01;none;1.00E-05;16;0.8;0.999;1.00E-08;0.021048494;0.159443895;506;0.9
relu;(100, 50, 25);0.1;0.001;l2;0.0001;32;0.9;0.9;1.00E-06;0.021048664;0.159437117;506;0.97
relu;(100, 50, 25);0.1;0.01;l2;1.00E-05;16;0.8;0.99;1.00E-06;0.021049889;0.159388172;506;0.93
relu;(100, 50, 25);0;0.01;l2;0.0001;16;0.8;0.9;1.00E-08;0.021051255;0.159333621;506;0.29
relu;(100, 50, 25);0;0.01;l2;1.00E-05;16;0.99;0.999;1.00E-08;0.021054687;0.159196597;506;0.28
relu;(100, 100, 100, 50);0;0.01;l2;0.0001;64;0.8;0.999;1.00E-06;0.02105493;0.159186884;504;1.57
relu;(100, 50, 25);0;0.03;l2;0.0001;32;0.9;0.9;1.00E-08;0.021055883;0.159148808;506;0.38
relu;(100, 50, 25);0;0.03;none;0.01;16;0.8;0.9;1.00E-08;0.021064691;0.158797075;506;0.28
relu;(100, 50, 25);0;0.01;l1;0.0001;32;0.8;0.9;1.00E-08;0.021065047;0.158782868;506;0.35
relu;(100, 50, 25);0.1;0.01;l1;0.0001;16;0.9;0.99;1.00E-06;0.021068649;0.158639035;506;0.97
relu;(100, 50, 25);0;0.03;l1;0.0001;32;0.99;0.99;1.00E-06;0.021069616;0.158600417;506;0.41
relu;(100, 50, 25);0;0.03;none;1.00E-05;32;0.9;0.999;1.00E-08;0.02107129;0.158533548;506;0.32
relu;(50, 50, 50);0;0.001;l2;0.01;32;0.9;0.999;1.00E-08;0.021074997;0.158385525;506;0.39
relu;(100, 50, 25);0.1;0.01;l2;0.0001;16;0.8;0.999;1.00E-08;0.021078265;0.158255014;506;0.81
relu;(100, 50, 25);0;0.01;l1;1.00E-05;16;0.99;0.999;1.00E-08;0.021078998;0.158225746;506;0.78
relu;(50, 50, 50);0.1;0.01;none;1.00E-05;16;0.9;0.99;1.00E-08;0.021079555;0.158203511;506;0.38
relu;(100, 100, 100, 50);0;0.01;none;1.00E-05;16;0.99;0.999;1.00E-06;0.021080808;0.15815346;506;1.19
relu;(100, 100, 100, 50);0;0.001;l1;1.00E-05;16;0.9;0.99;1.00E-06;0.021081646;0.158119996;506;1.38
relu;(100, 50, 25);0.1;0.01;l1;0.0001;64;0.8;0.99;1.00E-06;0.021082643;0.158080159;504;1.31
relu;(100, 50, 25);0.1;0.01;l1;1.00E-05;16;0.8;0.99;1.00E-06;0.021085751;0.157956061;506;0.9
relu;(100, 50, 25);0;0.03;none;0.01;32;0.8;0.9;1.00E-08;0.021089856;0.157792134;506;0.29
relu;(100, 50, 25);0.1;0.001;none;1.00E-05;16;0.8;0.9;1.00E-06;0.021093611;0.15764216;506;0.34
relu;(100, 100, 100, 50);0;0.03;l2;1.00E-05;32;0.8;0.9;1.00E-06;0.021094311;0.157614241;506;1.2
relu;(100, 50, 25);0;0.001;l2;1.00E-05;16;0.9;0.999;1.00E-08;0.02109476;0.157596298;506;0.93
relu;(100, 100, 100, 50);0;0.01;l2;1.00E-05;64;0.8;0.99;1.00E-06;0.021097138;0.157501342;504;1.44
relu;(100, 50, 25);0;0.03;l1;1.00E-05;32;0.9;0.999;1.00E-08;0.021097474;0.157487928;506;0.33
relu;(100, 100, 100, 50);0;0.001;l1;0.0001;16;0.99;0.99;1.00E-08;0.0210977;0.157478876;506;1.06
relu;(100, 100, 100, 50);0;0.001;l2;0.0001;32;0.99;0.999;1.00E-08;0.021099161;0.157420528;506;1.07
relu;(100, 100, 100, 50);0;0.001;l2;0.0001;16;0.99;0.9;1.00E-08;0.021101042;0.157345433;506;1.13
relu;(50, 50, 50);0.1;0.03;l1;0.0001;32;0.8;0.9;1.00E-06;0.021101811;0.157314706;506;0.66
relu;(100, 50, 25);0.1;0.01;l2;1.00E-05;64;0.99;0.99;1.00E-08;0.021101881;0.157311916;504;1.1
relu;(100, 50, 25);0;0.03;l1;0.0001;32;0.8;0.99;1.00E-08;0.021102424;0.157290218;506;0.38
relu;(100, 100, 100, 50);0;0.01;l1;1.00E-05;64;0.8;0.9;1.00E-08;0.021105595;0.157163609;504;1.66
relu;(50, 50, 50);0.1;0.001;l1;0.0001;16;0.8;0.99;1.00E-08;0.021105826;0.15715439;506;0.43
relu;(50, 50, 50);0.1;0.01;l1;1.00E-05;16;0.8;0.99;1.00E-06;0.021107839;0.157073973;506;0.6
relu;(100, 50, 25);0;0.03;l2;0.0001;32;0.8;0.999;1.00E-06;0.021108214;0.157059005;506;0.42
relu;(100, 100, 100, 50);0;0.001;l1;1.00E-05;64;0.9;0.99;1.00E-08;0.021114102;0.156823893;504;1.53
relu;(100, 50, 25);0;0.01;none;1.00E-05;64;0.99;0.9;1.00E-06;0.021114729;0.156798844;504;0.75
relu;(100, 50, 25);0.1;0.01;l2;0.0001;16;0.9;0.9;1.00E-06;0.02111752;0.156687392;506;0.71
relu;(100, 50, 25);0;0.03;none;0.0001;16;0.9;0.9;1.00E-06;0.021118906;0.156632053;506;0.27
relu;(100, 50, 25);0;0.03;l1;1.00E-05;16;0.8;0.9;1.00E-06;0.021118997;0.156628395;506;0.36
relu;(50, 50, 50);0;0.001;l2;0.01;32;0.9;0.999;1.00E-06;0.02111991;0.156591945;506;0.37
relu;(50, 50, 50);0.1;0.001;none;1.00E-05;64;0.99;0.9;1.00E-06;0.021120699;0.156560418;504;0.46
relu;(100, 100, 100, 50);0;0.01;none;0.0001;64;0.99;0.99;1.00E-08;0.021120747;0.156558513;504;1.33
relu;(50, 50, 50);0.1;0.03;l2;0.0001;32;0.9;0.9;1.00E-08;0.02112106;0.156546015;506;0.58
relu;(50, 50, 50);0;0.03;l1;1.00E-05;32;0.9;0.999;1.00E-06;0.021121286;0.156536992;506;0.43
relu;(100, 50, 25);0.1;0.001;none;1.00E-05;16;0.99;0.999;1.00E-08;0.021122858;0.156474202;506;0.37
relu;(100, 50, 25);0;0.03;l1;0.0001;32;0.8;0.9;1.00E-08;0.021124782;0.156397397;506;0.36
relu;(50, 50, 50);0.1;0.001;l2;1.00E-05;64;0.99;0.99;1.00E-06;0.021125864;0.156354193;504;0.53
relu;(50, 50, 50);0.1;0.001;none;0.0001;32;0.8;0.999;1.00E-08;0.021127282;0.156297563;506;0.43
relu;(100, 100, 100, 50);0;0.001;l2;0.01;16;0.8;0.9;1.00E-06;0.021127781;0.156277611;506;1.04
relu;(100, 100, 100, 50);0.1;0.001;l1;0.0001;32;0.8;0.9;1.00E-08;0.021128381;0.156253676;506;1.55
relu;(100, 100, 100, 50);0;0.03;none;1.00E-05;32;0.8;0.99;1.00E-08;0.021128819;0.156236153;506;1.02
relu;(100, 50, 25);0;0.03;l2;0.0001;16;0.8;0.9;1.00E-08;0.021129113;0.156224414;506;0.28
relu;(100, 100, 100, 50);0.1;0.001;l2;1.00E-05;16;0.8;0.9;1.00E-08;0.021129231;0.156219721;506;1.51
relu;(50, 50, 50);0;0.03;none;0.01;64;0.8;0.99;1.00E-06;0.021129478;0.156209842;504;0.42
relu;(50, 50, 50);0;0.03;none;1.00E-05;32;0.8;0.999;1.00E-08;0.021129612;0.156204501;506;0.33
relu;(100, 100, 100, 50);0;0.001;l2;0.0001;64;0.99;0.99;1.00E-08;0.021129743;0.156199282;504;1.4
relu;(100, 50, 25);0.1;0.01;none;0.0001;32;0.9;0.99;1.00E-06;0.021130817;0.156156381;506;1.01
relu;(100, 50, 25);0.1;0.001;none;0.0001;16;0.99;0.999;1.00E-08;0.021131898;0.156113205;506;0.33
relu;(100, 50, 25);0;0.001;none;0.0001;32;0.8;0.99;1.00E-08;0.021135711;0.155960931;506;1.45
relu;(100, 50, 25);0.1;0.03;l2;0.0001;16;0.8;0.9;1.00E-06;0.021137172;0.155902585;506;0.77
relu;(100, 50, 25);0.3;0.03;l1;1.00E-05;64;0.9;0.9;1.00E-06;0.021137207;0.155901194;504;1.36
relu;(100, 50, 25);0;0.001;none;1.00E-05;64;0.99;0.9;1.00E-06;0.021138112;0.155865052;504;1.74
relu;(50, 50, 50);0;0.01;l2;0.0001;64;0.9;0.99;1.00E-08;0.021138546;0.155847733;504;0.38
relu;(100, 50, 25);0;0.001;l2;1.00E-05;16;0.8;0.9;1.00E-08;0.021138658;0.155843244;506;0.74
relu;(100, 50, 25);0;0.01;none;0.0001;32;0.9;0.9;1.00E-06;0.021138688;0.155842061;506;0.64
relu;(100, 50, 25);0;0.03;l2;1.00E-05;64;0.8;0.999;1.00E-06;0.02113898;0.155830414;504;0.42
relu;(100, 50, 25);0.1;0.01;l2;0.0001;32;0.8;0.99;1.00E-08;0.021139395;0.155813836;506;0.87
relu;(100, 50, 25);0.1;0.01;l1;1.00E-05;32;0.9;0.99;1.00E-08;0.021139733;0.155800309;506;0.98
relu;(100, 100, 100, 50);0;0.01;none;0.01;64;0.9;0.999;1.00E-06;0.021139997;0.15578978;504;1.24
relu;(100, 50, 25);0;0.01;l2;0.0001;64;0.99;0.999;1.00E-08;0.021141398;0.155733843;504;0.38
relu;(100, 50, 25);0;0.01;l2;1.00E-05;32;0.9;0.9;1.00E-06;0.021141779;0.155718641;506;0.31
relu;(50, 50, 50);0.1;0.03;none;0.0001;32;0.9;0.9;1.00E-06;0.021142355;0.155695611;506;0.5
relu;(50, 50, 50);0.1;0.03;l1;1.00E-05;32;0.8;0.9;1.00E-08;0.021142417;0.155693163;506;0.67
relu;(100, 50, 25);0;0.001;l1;0.0001;16;0.8;0.9;1.00E-06;0.021143089;0.1556663;506;0.6
relu;(100, 100, 100, 50);0;0.03;none;0.01;32;0.9;0.9;1.00E-06;0.021144309;0.155617578;506;1.29
relu;(50, 50, 50);0.1;0.01;l2;0.0001;16;0.9;0.99;1.00E-06;0.021144632;0.155604692;506;0.44
relu;(100, 100, 100, 50);0;0.01;none;0.0001;32;0.99;0.99;1.00E-08;0.021145354;0.155575852;506;1.18
relu;(100, 100, 100, 50);0;0.01;none;1.00E-05;32;0.9;0.999;1.00E-08;0.021147136;0.155504693;506;1.26
relu;(100, 100, 100, 50);0.1;0.001;l2;0.0001;32;0.99;0.99;1.00E-06;0.021148527;0.155449166;506;1.63
relu;(100, 50, 25);0;0.03;l1;0.0001;32;0.8;0.9;1.00E-06;0.02114892;0.155433439;506;0.37
relu;(100, 50, 25);0.1;0.01;l1;1.00E-05;64;0.8;0.999;1.00E-06;0.021150979;0.15535123;504;1.19
relu;(100, 100, 100, 50);0;0.01;l1;0.0001;32;0.99;0.99;1.00E-08;0.021151007;0.155350118;506;1.49
relu;(50, 50, 50);0;0.03;l1;0.0001;64;0.8;0.9;1.00E-06;0.021152978;0.155271395;504;0.44
relu;(100, 50, 25);0;0.03;l2;0.0001;16;0.9;0.999;1.00E-06;0.021156309;0.155138376;506;0.35
relu;(50, 50, 50);0.1;0.01;l2;0.0001;32;0.99;0.99;1.00E-08;0.021158935;0.155033526;506;0.55
relu;(100, 50, 25);0;0.001;l1;0.0001;16;0.9;0.99;1.00E-06;0.021161348;0.154937148;506;0.66
relu;(100, 50, 25);0;0.03;none;1.00E-05;16;0.8;0.99;1.00E-06;0.021162493;0.154891413;506;0.33
relu;(100, 50, 25);0.1;0.01;none;1.00E-05;64;0.8;0.99;1.00E-06;0.02116287;0.154876361;504;1.2
relu;(50, 50, 50);0;0.03;none;0.0001;16;0.8;0.99;1.00E-08;0.021163937;0.154833777;506;0.32
relu;(100, 50, 25);0.1;0.03;l2;0.0001;64;0.8;0.9;1.00E-08;0.021164146;0.15482542;504;1.06
relu;(100, 50, 25);0;0.001;none;0.01;64;0.99;0.999;1.00E-08;0.021165424;0.15477437;504;0.72
relu;(100, 50, 25);0.1;0.01;l2;1.00E-05;64;0.8;0.99;1.00E-08;0.021165601;0.154767296;504;0.91
relu;(100, 50, 25);0.1;0.001;none;0.0001;16;0.9;0.99;1.00E-06;0.021166476;0.154732377;506;0.33
relu;(50, 50, 50);0.1;0.01;none;0.0001;32;0.9;0.99;1.00E-08;0.02116783;0.154678286;506;1.01
relu;(50, 50, 50);0;0.03;l1;0.0001;16;0.9;0.999;1.00E-08;0.021169059;0.154629218;506;0.42
relu;(100, 50, 25);0;0.01;l1;1.00E-05;64;0.99;0.99;1.00E-06;0.021169494;0.154611828;504;0.99
relu;(100, 50, 25);0.1;0.03;l1;0.0001;32;0.8;0.99;1.00E-06;0.021170416;0.154575006;506;1.23
relu;(100, 100, 100, 50);0;0.03;l1;0.0001;64;0.8;0.99;1.00E-08;0.021170417;0.154574978;504;1.58
relu;(50, 50, 50);0;0.001;l1;1.00E-05;64;0.8;0.9;1.00E-06;0.021170853;0.154557585;504;1.61
relu;(100, 50, 25);0.1;0.01;l1;0.0001;64;0.9;0.999;1.00E-06;0.021171082;0.154548419;504;1.32
relu;(100, 100, 100, 50);0.1;0.01;l2;1.00E-05;32;0.9;0.9;1.00E-08;0.021173417;0.154455164;506;1.5
relu;(100, 100, 100, 50);0;0.001;l2;0.01;32;0.9;0.99;1.00E-08;0.02117387;0.154437081;506;1.14
relu;(100, 100, 100, 50);0;0.01;l1;0.0001;16;0.8;0.999;1.00E-06;0.021174616;0.154407286;506;1.35
relu;(100, 50, 25);0.1;0.03;l1;1.00E-05;64;0.8;0.9;1.00E-06;0.021174722;0.154403087;504;1.21
relu;(100, 100, 100, 50);0;0.03;l1;1.00E-05;16;0.9;0.99;1.00E-06;0.021175275;0.15438099;506;1.21
relu;(100, 50, 25);0;0.03;l2;1.00E-05;32;0.99;0.99;1.00E-06;0.021175651;0.154365951;506;0.29
relu;(100, 100, 100, 50);0;0.01;none;1.00E-05;32;0.99;0.99;1.00E-08;0.02117607;0.154349238;506;1.33
relu;(100, 50, 25);0;0.01;l1;0.0001;16;0.9;0.999;1.00E-08;0.02117722;0.154303324;506;0.3
relu;(100, 50, 25);0.1;0.01;l2;1.00E-05;16;0.8;0.99;1.00E-08;0.021177666;0.154285496;506;0.92
relu;(100, 100, 100, 50);0;0.03;l2;0.0001;64;0.8;0.999;1.00E-06;0.021178965;0.154233625;504;1.32
relu;(50, 50, 50);0;0.03;l1;0.0001;16;0.9;0.999;1.00E-06;0.021179013;0.154231701;506;0.39
relu;(100, 100, 100, 50);0;0.03;l2;1.00E-05;64;0.9;0.99;1.00E-08;0.021180864;0.154157798;504;1.24
relu;(100, 100, 100, 50);0;0.01;l2;0.0001;16;0.99;0.999;1.00E-08;0.021181352;0.154138307;506;1.17
relu;(50, 50, 50);0.1;0.01;none;1.00E-05;32;0.99;0.999;1.00E-06;0.02118432;0.154019777;506;0.43
relu;(100, 100, 100, 50);0;0.01;l1;0.0001;16;0.8;0.9;1.00E-06;0.021184573;0.15400968;506;1.32
relu;(100, 100, 100, 50);0.1;0.03;none;0.01;16;0.9;0.99;1.00E-06;0.02118587;0.153957863;506;1.35
relu;(100, 50, 25);0;0.03;l1;1.00E-05;32;0.9;0.9;1.00E-08;0.021186117;0.153948017;506;0.35
relu;(50, 50, 50);0;0.03;none;0.01;32;0.8;0.99;1.00E-06;0.021187059;0.153910402;506;0.38
relu;(100, 100, 100, 50);0;0.01;l1;0.0001;16;0.9;0.999;1.00E-06;0.021188705;0.15384468;506;1.33
relu;(100, 100, 100, 50);0;0.03;l1;0.0001;64;0.9;0.9;1.00E-08;0.021190271;0.15378214;504;1.6
relu;(100, 50, 25);0;0.001;l2;1.00E-05;16;0.99;0.99;1.00E-06;0.021190338;0.153779475;506;0.89
relu;(100, 50, 25);0.1;0.01;l1;0.0001;16;0.8;0.9;1.00E-08;0.021190341;0.153779316;506;1.05
relu;(100, 100, 100, 50);0;0.001;l2;0.01;32;0.9;0.99;1.00E-06;0.021191877;0.153717997;506;1.15
relu;(50, 50, 50);0;0.03;none;0.01;32;0.8;0.99;1.00E-08;0.021192041;0.15371143;506;0.37
relu;(50, 50, 50);0;0.01;l1;0.0001;16;0.9;0.9;1.00E-08;0.021192098;0.153709158;506;0.46
relu;(100, 50, 25);0.1;0.01;l1;1.00E-05;32;0.9;0.999;1.00E-06;0.021193524;0.153652228;506;0.97
relu;(100, 100, 100, 50);0.1;0.01;l2;0.0001;32;0.8;0.9;1.00E-08;0.021193733;0.153643869;506;1.48
relu;(50, 50, 50);0.1;0.01;l2;1.00E-05;16;0.8;0.9;1.00E-08;0.021195373;0.153578392;506;0.49
relu;(50, 50, 50);0;0.03;none;1.00E-05;16;0.99;0.99;1.00E-08;0.021195733;0.153564003;506;0.3
relu;(100, 50, 25);0.1;0.01;l2;0.0001;16;0.9;0.999;1.00E-06;0.021195946;0.153555517;506;0.92
relu;(100, 50, 25);0;0.001;l2;0.01;16;0.9;0.9;1.00E-08;0.021196072;0.15355049;506;0.65
relu;(100, 50, 25);0;0.01;none;1.00E-05;16;0.8;0.9;1.00E-08;0.021196248;0.153543424;506;0.59
relu;(100, 100, 100, 50);0;0.03;l1;0.0001;16;0.9;0.99;1.00E-08;0.021196509;0.153533018;506;1.13
relu;(100, 100, 100, 50);0;0.01;l2;1.00E-05;16;0.99;0.99;1.00E-08;0.021197561;0.153490996;506;1.08
relu;(100, 50, 25);0;0.03;l2;0.0001;64;0.9;0.999;1.00E-08;0.021198562;0.153451038;504;0.51
relu;(100, 100, 100, 50);0.1;0.03;l2;0.0001;32;0.9;0.99;1.00E-06;0.021199522;0.153412702;506;0.7
relu;(50, 50, 50);0;0.001;l2;0.01;64;0.9;0.99;1.00E-06;0.021202079;0.153310578;504;0.43
relu;(50, 50, 50);0;0.01;l1;0.0001;64;0.8;0.99;1.00E-06;0.021202817;0.153281125;504;0.43
relu;(50, 50, 50);0.1;0.01;l1;1.00E-05;32;0.99;0.999;1.00E-06;0.021203742;0.153244196;506;0.81
relu;(100, 100, 100, 50);0;0.001;l2;1.00E-05;64;0.99;0.999;1.00E-06;0.021204202;0.153225811;504;1.36
relu;(100, 100, 100, 50);0.1;0.01;l1;0.0001;32;0.9;0.999;1.00E-08;0.021204658;0.153207591;506;2.33
relu;(100, 50, 25);0;0.03;l2;1.00E-05;32;0.8;0.999;1.00E-08;0.02120502;0.153193159;506;0.33
relu;(50, 50, 50);0;0.01;l2;0.0001;16;0.9;0.999;1.00E-08;0.021205805;0.153161802;506;0.34
relu;(100, 50, 25);0;0.03;none;0.01;64;0.8;0.99;1.00E-08;0.021206312;0.153141533;504;0.36
relu;(100, 50, 25);0.1;0.01;none;0.01;32;0.9;0.999;1.00E-08;0.021206453;0.153135909;506;0.77
relu;(50, 50, 50);0;0.01;l1;0.0001;64;0.9;0.999;1.00E-08;0.021207784;0.153082781;504;0.43
relu;(100, 50, 25);0.1;0.01;l2;1.00E-05;16;0.8;0.9;1.00E-06;0.021208735;0.153044767;506;0.92
relu;(100, 100, 100, 50);0;0.01;l1;0.0001;16;0.8;0.9;1.00E-08;0.021209915;0.152997665;506;1.31
relu;(50, 50, 50);0.1;0.03;l2;1.00E-05;32;0.9;0.99;1.00E-06;0.021211429;0.152937212;506;0.73
relu;(100, 100, 100, 50);0.1;0.01;none;0.0001;32;0.8;0.9;1.00E-06;0.021212155;0.152908206;506;1.65
relu;(100, 50, 25);0.1;0.03;l1;1.00E-05;32;0.8;0.99;1.00E-06;0.021212196;0.152906573;506;1.05
relu;(50, 50, 50);0;0.001;l1;0.0001;64;0.9;0.99;1.00E-08;0.021212818;0.152881725;504;1.4
relu;(100, 50, 25);0;0.01;l1;1.00E-05;16;0.9;0.9;1.00E-08;0.021214239;0.152824993;506;0.82
relu;(50, 50, 50);0.1;0.01;l1;0.0001;64;0.99;0.9;1.00E-08;0.021215285;0.152783233;504;0.8
relu;(50, 50, 50);0.1;0.001;l2;0.01;16;0.9;0.99;1.00E-06;0.021215318;0.15278188;506;0.38
relu;(100, 50, 25);0.1;0.001;l1;1.00E-05;16;0.8;0.99;1.00E-08;0.021215981;0.152755413;506;1.09
relu;(50, 50, 50);0;0.01;l1;0.0001;16;0.8;0.99;1.00E-06;0.021217106;0.152710483;506;0.35
relu;(100, 50, 25);0.1;0.001;l1;0.0001;32;0.9;0.99;1.00E-08;0.02121988;0.152599717;506;1.17
relu;(100, 100, 100, 50);0.1;0.03;l1;1.00E-05;64;0.8;0.99;1.00E-06;0.021220281;0.152583684;504;2.15
relu;(100, 50, 25);0;0.01;none;1.00E-05;16;0.9;0.9;1.00E-08;0.021220394;0.152579195;506;0.57
relu;(100, 100, 100, 50);0;0.01;l1;1.00E-05;64;0.8;0.99;1.00E-06;0.021221026;0.152553961;504;1.62
relu;(50, 50, 50);0.1;0.01;none;1.00E-05;32;0.8;0.9;1.00E-06;0.021223578;0.152452056;506;0.45
relu;(50, 50, 50);0;0.01;none;0.01;64;0.9;0.999;1.00E-06;0.021223773;0.152444261;504;0.47
relu;(100, 50, 25);0.1;0.01;none;1.00E-05;32;0.9;0.9;1.00E-08;0.021225349;0.152381318;506;0.98
relu;(50, 50, 50);0;0.001;l1;0.0001;32;0.99;0.9;1.00E-06;0.021226474;0.152336392;506;1.17
relu;(50, 50, 50);0.1;0.01;l2;1.00E-05;16;0.9;0.9;1.00E-08;0.021227346;0.152301584;506;0.6
relu;(100, 50, 25);0;0.03;l1;0.0001;64;0.8;0.9;1.00E-06;0.021227469;0.152296666;504;0.45
relu;(100, 50, 25);0;0.03;none;0.0001;32;0.9;0.99;1.00E-06;0.021228162;0.152268998;506;0.32
relu;(100, 100, 100, 50);0;0.01;l2;1.00E-05;32;0.9;0.999;1.00E-08;0.021231288;0.152144132;506;1.16
relu;(100, 100, 100, 50);0.1;0.03;none;1.00E-05;32;0.8;0.999;1.00E-06;0.02123197;0.152116928;506;1.51
relu;(50, 50, 50);0.1;0.01;l1;1.00E-05;64;0.8;0.99;1.00E-06;0.021236722;0.151927129;504;0.78
relu;(50, 50, 50);0;0.01;l1;0.0001;64;0.8;0.9;1.00E-06;0.021236956;0.151917796;504;0.47
relu;(100, 50, 25);0;0.03;none;0.01;16;0.8;0.99;1.00E-08;0.021239502;0.151816134;506;0.27
relu;(50, 50, 50);0.1;0.01;none;0.01;16;0.8;0.99;1.00E-06;0.021239958;0.151797908;506;0.62
relu;(100, 50, 25);0.1;0.01;l1;1.00E-05;64;0.8;0.99;1.00E-06;0.021243475;0.151657456;504;1.08
relu;(50, 50, 50);0.1;0.01;l2;1.00E-05;64;0.9;0.9;1.00E-08;0.021244418;0.151619808;504;0.63
relu;(50, 50, 50);0;0.001;none;0.01;32;0.99;0.99;1.00E-08;0.021244982;0.151597269;506;1.26
relu;(50, 50, 50);0.1;0.001;l2;0.0001;16;0.8;0.99;1.00E-08;0.021246131;0.151551421;506;0.4
relu;(50, 50, 50);0.1;0.01;none;0.01;32;0.9;0.999;1.00E-06;0.021248754;0.15144664;506;0.43
relu;(100, 50, 25);0.1;0.001;l1;0.0001;32;0.9;0.9;1.00E-08;0.021250438;0.151379419;506;1.17
relu;(100, 50, 25);0;0.03;none;0.0001;32;0.8;0.999;1.00E-08;0.021251639;0.151331428;506;0.3
relu;(50, 50, 50);0.1;0.03;l1;1.00E-05;16;0.9;0.9;1.00E-08;0.021252102;0.151312955;506;0.5
relu;(50, 50, 50);0.1;0.01;none;0.0001;16;0.8;0.9;1.00E-06;0.021253033;0.15127579;506;0.95
relu;(100, 100, 100, 50);0;0.01;l1;0.0001;64;0.9;0.99;1.00E-08;0.021253444;0.151259381;504;1.7
relu;(100, 100, 100, 50);0;0.01;none;1.00E-05;64;0.99;0.99;1.00E-08;0.021256703;0.151129216;504;1.49
relu;(100, 100, 100, 50);0;0.03;none;0.01;16;0.8;0.9;1.00E-06;0.021257083;0.151114051;506;1.16
relu;(50, 50, 50);0;0.01;none;0.0001;32;0.99;0.9;1.00E-08;0.02125785;0.151083398;506;0.32
relu;(100, 100, 100, 50);0.1;0.03;none;1.00E-05;64;0.9;0.999;1.00E-06;0.021259032;0.151036231;504;1.79
relu;(50, 50, 50);0.1;0.01;l2;0.0001;16;0.99;0.999;1.00E-08;0.021259844;0.151003784;506;0.73
relu;(100, 50, 25);0.1;0.01;none;0.01;16;0.9;0.999;1.00E-06;0.021261344;0.150943872;506;0.66
relu;(50, 50, 50);0.1;0.03;l2;1.00E-05;64;0.8;0.9;1.00E-06;0.021261623;0.150932742;504;0.69
relu;(100, 50, 25);0;0.001;l1;0.0001;16;0.99;0.99;1.00E-06;0.021261698;0.150929738;506;0.64
relu;(100, 50, 25);0;0.001;l1;0.0001;32;0.9;0.9;1.00E-08;0.021261977;0.150918597;506;0.64
relu;(50, 50, 50);0.1;0.03;l1;1.00E-05;16;0.9;0.99;1.00E-06;0.021262379;0.150902547;506;0.61
relu;(50, 50, 50);0;0.01;l1;0.0001;16;0.99;0.999;1.00E-06;0.021262802;0.150885658;506;0.4
relu;(50, 50, 50);0;0.01;l1;0.0001;16;0.8;0.999;1.00E-08;0.021262953;0.15087964;506;0.42
relu;(100, 100, 100, 50);0;0.01;none;1.00E-05;16;0.8;0.99;1.00E-06;0.021263074;0.150874783;506;1.05
relu;(100, 100, 100, 50);0;0.03;none;0.01;32;0.8;0.99;1.00E-06;0.021263317;0.150865087;506;1.29
relu;(50, 50, 50);0;0.001;l2;0.0001;16;0.99;0.999;1.00E-06;0.021265501;0.150777877;506;0.41
relu;(50, 50, 50);0.3;0.01;l1;1.00E-05;16;0.9;0.9;1.00E-08;0.021266651;0.150731932;506;0.65
relu;(100, 100, 100, 50);0;0.01;l1;0.0001;16;0.9;0.99;1.00E-08;0.021267946;0.150680231;506;1.38
relu;(100, 50, 25);0.1;0.001;l2;1.00E-05;64;0.9;0.9;1.00E-06;0.021271253;0.150548167;504;0.88
relu;(100, 100, 100, 50);0;0.01;l2;1.00E-05;32;0.9;0.9;1.00E-06;0.02127175;0.150528338;506;1.24
relu;(100, 100, 100, 50);0;0.01;none;0.01;32;0.8;0.99;1.00E-08;0.021273104;0.150474275;506;1.08
relu;(50, 50, 50);0;0.01;none;1.00E-05;16;0.8;0.9;1.00E-06;0.021273506;0.150458221;506;0.36
relu;(100, 50, 25);0.3;0.01;l2;0.0001;64;0.8;0.99;1.00E-06;0.021276165;0.150352001;504;1
relu;(50, 50, 50);0;0.01;l2;0.0001;16;0.99;0.99;1.00E-08;0.021277215;0.15031009;506;0.34
relu;(50, 50, 50);0;0.001;l2;0.01;16;0.8;0.99;1.00E-08;0.021277242;0.150309009;506;0.34
relu;(100, 100, 100, 50);0;0.01;l2;1.00E-05;16;0.8;0.9;1.00E-08;0.021281303;0.150146841;506;0.95
relu;(100, 50, 25);0;0.01;none;1.00E-05;64;0.8;0.99;1.00E-08;0.021281696;0.150131134;504;0.69
relu;(100, 50, 25);0.1;0.03;l2;0.0001;32;0.9;0.9;1.00E-08;0.021282889;0.150083505;506;0.8
relu;(100, 100, 100, 50);0;0.03;l1;0.0001;32;0.99;0.99;1.00E-06;0.021283316;0.150066433;506;1.29
relu;(50, 50, 50);0.1;0.03;none;0.01;64;0.8;0.9;1.00E-08;0.021284139;0.150033575;504;0.55
relu;(50, 50, 50);0;0.001;l2;0.01;16;0.9;0.9;1.00E-06;0.02128482;0.150006387;506;0.38
relu;(100, 50, 25);0;0.001;l1;0.0001;64;0.9;0.99;1.00E-06;0.021286163;0.149952748;504;0.84
relu;(100, 100, 100, 50);0.1;0.001;l1;0.0001;16;0.8;0.9;1.00E-06;0.021288251;0.149869353;506;1.32
relu;(50, 50, 50);0.1;0.001;l1;0.0001;64;0.99;0.99;1.00E-08;0.021290338;0.149786044;504;0.52
relu;(50, 50, 50);0.1;0.01;l2;1.00E-05;16;0.9;0.99;1.00E-06;0.021290743;0.149769853;506;0.57
relu;(100, 100, 100, 50);0.1;0.03;none;1.00E-05;64;0.9;0.9;1.00E-06;0.021291372;0.14974473;504;1.73
relu;(100, 100, 100, 50);0.1;0.03;l1;1.00E-05;64;0.8;0.99;1.00E-08;0.021291875;0.14972465;504;2.12
relu;(100, 100, 100, 50);0;0.01;l2;1.00E-05;64;0.8;0.9;1.00E-08;0.021292401;0.149703635;504;1.39
relu;(100, 50, 25);0.1;0.03;l2;0.0001;16;0.9;0.999;1.00E-08;0.021292644;0.149693933;506;0.78
relu;(100, 50, 25);0;0.01;l1;0.0001;16;0.9;0.99;1.00E-06;0.02129288;0.1496845;506;0.31
relu;(50, 50, 50);0;0.01;none;1.00E-05;16;0.9;0.9;1.00E-08;0.021294094;0.149636042;506;0.35
relu;(100, 100, 100, 50);0;0.001;none;0.0001;16;0.9;0.9;1.00E-06;0.02129467;0.149613049;506;0.97
relu;(100, 100, 100, 50);0;0.01;l1;0.0001;64;0.8;0.999;1.00E-08;0.021296038;0.149558398;504;1.72
relu;(100, 50, 25);0;0.03;l2;0.0001;16;0.8;0.999;1.00E-08;0.021296354;0.149545802;506;0.31
relu;(100, 50, 25);0.1;0.01;l1;1.00E-05;16;0.8;0.999;1.00E-08;0.021297258;0.149509696;506;0.85
relu;(100, 50, 25);0.1;0.01;l2;0.0001;16;0.8;0.9;1.00E-08;0.021297718;0.149491301;506;0.7
relu;(50, 50, 50);0.1;0.01;l2;0.0001;16;0.9;0.9;1.00E-08;0.021300386;0.149384789;506;0.75
relu;(100, 100, 100, 50);0;0.01;l1;1.00E-05;64;0.8;0.999;1.00E-06;0.021300835;0.149366819;504;1.54
relu;(100, 50, 25);0.1;0.03;l2;0.0001;32;0.8;0.999;1.00E-06;0.021302672;0.149293483;506;0.79
relu;(50, 50, 50);0.1;0.03;l1;0.0001;64;0.9;0.9;1.00E-06;0.021303616;0.149255772;504;0.65
relu;(100, 50, 25);0.1;0.01;none;0.01;64;0.8;0.9;1.00E-06;0.021303727;0.14925135;504;0.99
relu;(100, 100, 100, 50);0.1;0.01;none;0.0001;32;0.9;0.999;1.00E-08;0.021304736;0.149211037;506;1.72
relu;(100, 50, 25);0.1;0.001;l1;0.0001;32;0.99;0.999;1.00E-08;0.021305544;0.149178784;506;1.15
relu;(50, 50, 50);0;0.01;none;1.00E-05;16;0.99;0.99;1.00E-08;0.021307428;0.149103536;506;0.34
relu;(100, 100, 100, 50);0.1;0.01;none;0.0001;32;0.8;0.9;1.00E-08;0.021308402;0.149064659;506;1.61
relu;(50, 50, 50);0;0.01;l1;0.0001;64;0.99;0.999;1.00E-08;0.021308674;0.149053784;504;0.42
relu;(50, 50, 50);0.1;0.03;l2;0.0001;64;0.9;0.9;1.00E-06;0.021310224;0.148991902;504;0.64
relu;(50, 50, 50);0.3;0.01;l2;1.00E-05;64;0.9;0.9;1.00E-08;0.021311491;0.148941308;504;0.83
relu;(100, 50, 25);0;0.01;l1;0.0001;64;0.8;0.999;1.00E-06;0.021312732;0.148891728;504;0.45
relu;(100, 100, 100, 50);0.1;0.03;l1;1.00E-05;32;0.8;0.99;1.00E-06;0.021313737;0.148851608;506;1.8
relu;(50, 50, 50);0;0.03;l1;0.0001;64;0.8;0.99;1.00E-06;0.021315889;0.148765653;504;0.43
relu;(100, 50, 25);0.1;0.001;none;0.01;16;0.9;0.99;1.00E-08;0.021316284;0.148749904;506;0.33
relu;(50, 50, 50);0.1;0.03;none;0.01;32;0.8;0.9;1.00E-08;0.021316775;0.148730301;506;0.87
relu;(100, 50, 25);0.1;0.01;l2;0.0001;64;0.8;0.999;1.00E-06;0.021317043;0.14871957;504;0.92
relu;(100, 50, 25);0;0.01;l2;1.00E-05;32;0.99;0.99;1.00E-06;0.021317424;0.14870435;506;0.28
relu;(100, 50, 25);0.1;0.01;l1;1.00E-05;64;0.9;0.999;1.00E-06;0.021320042;0.148599826;504;1.24
relu;(100, 50, 25);0;0.01;none;0.0001;16;0.9;0.99;1.00E-06;0.021321568;0.148538895;506;0.62
relu;(100, 50, 25);0;0.03;l1;1.00E-05;32;0.8;0.999;1.00E-08;0.021322391;0.148506009;506;0.41
relu;(50, 50, 50);0;0.001;l2;0.01;32;0.9;0.99;1.00E-08;0.021322675;0.148494692;506;0.41
relu;(100, 100, 100, 50);0;0.01;l1;0.0001;32;0.99;0.999;1.00E-08;0.021323869;0.148447003;506;1.45
relu;(50, 50, 50);0.1;0.03;l1;1.00E-05;32;0.9;0.9;1.00E-06;0.021327202;0.148313896;506;0.9
relu;(50, 50, 50);0.1;0.03;l1;0.0001;16;0.9;0.9;1.00E-06;0.021327419;0.148305218;506;0.75
relu;(50, 50, 50);0.3;0.01;l2;1.00E-05;64;0.9;0.99;1.00E-08;0.021328817;0.148249412;504;0.74
relu;(100, 50, 25);0.1;0.01;l1;1.00E-05;64;0.9;0.999;1.00E-08;0.021328843;0.148248363;504;1.17
relu;(100, 50, 25);0.1;0.001;l1;0.0001;32;0.9;0.9;1.00E-06;0.02133007;0.148199343;506;1.03
relu;(100, 50, 25);0;0.001;none;1.00E-05;16;0.9;0.99;1.00E-06;0.021330324;0.148189213;506;1.38
relu;(50, 50, 50);0;0.001;l2;0.01;16;0.8;0.9;1.00E-08;0.021330541;0.148180558;506;0.34
relu;(100, 100, 100, 50);0.1;0.001;none;0.0001;64;0.99;0.9;1.00E-06;0.021331794;0.148130527;504;1.83
relu;(100, 100, 100, 50);0;0.001;none;0.01;64;0.9;0.99;1.00E-08;0.021332081;0.148119058;504;1.42
relu;(100, 50, 25);0;0.01;l2;1.00E-05;64;0.8;0.999;1.00E-08;0.021333415;0.148065774;504;0.37
relu;(100, 50, 25);0;0.001;l1;0.0001;64;0.99;0.999;1.00E-06;0.021334824;0.148009519;504;0.94
relu;(100, 100, 100, 50);0;0.03;l1;0.0001;64;0.9;0.999;1.00E-08;0.021335996;0.147962691;504;1.63
relu;(100, 50, 25);0.1;0.01;none;0.0001;32;0.8;0.99;1.00E-08;0.021338926;0.147845701;506;0.97
relu;(50, 50, 50);0;0.03;l1;1.00E-05;64;0.99;0.99;1.00E-08;0.021340678;0.147775725;504;0.5
relu;(100, 50, 25);0;0.01;l2;0.0001;32;0.8;0.99;1.00E-06;0.021341726;0.147733873;506;0.3
relu;(100, 100, 100, 50);0;0.001;l2;0.01;64;0.9;0.999;1.00E-08;0.021341864;0.147728391;504;1.43
relu;(100, 100, 100, 50);0;0.001;l1;1.00E-05;64;0.99;0.99;1.00E-08;0.021342246;0.147713104;504;1.57
relu;(100, 50, 25);0.1;0.03;l1;1.00E-05;64;0.8;0.99;1.00E-06;0.021343397;0.147667142;504;1.09
relu;(100, 100, 100, 50);0;0.001;l1;0.0001;16;0.99;0.999;1.00E-06;0.021344062;0.147640618;506;1.05
relu;(100, 100, 100, 50);0;0.01;none;0.01;16;0.9;0.9;1.00E-08;0.021345004;0.147602979;506;0.91
relu;(100, 50, 25);0;0.03;l1;0.0001;64;0.9;0.99;1.00E-08;0.021345723;0.147574255;504;0.42
relu;(50, 50, 50);0;0.03;l2;0.0001;16;0.8;0.9;1.00E-06;0.021346539;0.147541695;506;0.84
relu;(50, 50, 50);0.1;0.01;l2;0.0001;64;0.9;0.99;1.00E-08;0.021348688;0.147455861;504;0.9
relu;(50, 50, 50);0;0.03;none;0.0001;32;0.8;0.99;1.00E-06;0.021349811;0.147411016;506;0.36
relu;(50, 50, 50);0;0.03;none;0.0001;32;0.9;0.999;1.00E-06;0.021350118;0.147398769;506;0.34
relu;(100, 50, 25);0.1;0.01;l2;1.00E-05;32;0.9;0.999;1.00E-06;0.021350219;0.14739473;506;0.95
relu;(100, 100, 100, 50);0;0.001;l1;1.00E-05;16;0.99;0.9;1.00E-06;0.021350696;0.147375667;506;1.32
relu;(100, 50, 25);0.1;0.03;none;1.00E-05;32;0.8;0.9;1.00E-06;0.02135084;0.147369917;506;1.1
relu;(100, 50, 25);0;0.01;none;1.00E-05;32;0.99;0.999;1.00E-08;0.021351862;0.147329114;506;0.62
relu;(100, 100, 100, 50);0;0.01;l1;0.0001;16;0.9;0.999;1.00E-08;0.021352218;0.147314879;506;1.37
relu;(50, 50, 50);0;0.01;l1;0.0001;16;0.9;0.99;1.00E-08;0.021352997;0.147283803;506;0.36
relu;(100, 100, 100, 50);0.1;0.01;l1;1.00E-05;32;0.8;0.9;1.00E-06;0.021353498;0.147263792;506;1.62
relu;(100, 50, 25);0.1;0.01;none;0.01;16;0.8;0.9;1.00E-08;0.021354686;0.147216344;506;0.64
relu;(100, 50, 25);0.1;0.03;l1;1.00E-05;64;0.9;0.9;1.00E-08;0.021355004;0.147203643;504;1.31
relu;(100, 50, 25);0.1;0.03;none;0.0001;64;0.9;0.99;1.00E-06;0.02135504;0.147202197;504;0.89
relu;(50, 50, 50);0;0.03;l1;0.0001;16;0.99;0.999;1.00E-08;0.02135807;0.147081185;506;0.37
relu;(100, 100, 100, 50);0.1;0.001;none;0.01;64;0.9;0.99;1.00E-06;0.021359334;0.147030729;504;1.91
relu;(100, 100, 100, 50);0;0.001;none;1.00E-05;64;0.9;0.9;1.00E-06;0.021360111;0.146999695;504;1.44
relu;(100, 50, 25);0;0.001;l1;0.0001;64;0.99;0.99;1.00E-06;0.021360397;0.146988274;504;0.85
relu;(100, 100, 100, 50);0.1;0.001;none;0.0001;64;0.8;0.9;1.00E-08;0.021363633;0.146859066;504;1.6
relu;(50, 50, 50);0;0.03;l2;1.00E-05;64;0.99;0.999;1.00E-06;0.021363757;0.146854095;504;1.03
relu;(100, 50, 25);0.1;0.001;none;1.00E-05;64;0.8;0.9;1.00E-06;0.021364879;0.146809309;504;0.46
relu;(100, 100, 100, 50);0.1;0.03;l2;1.00E-05;32;0.8;0.9;1.00E-08;0.021366455;0.146746339;506;0.66
relu;(100, 100, 100, 50);0.1;0.03;none;1.00E-05;64;0.9;0.99;1.00E-08;0.021366656;0.146738329;504;1.77
relu;(100, 100, 100, 50);0;0.01;l1;1.00E-05;16;0.9;0.99;1.00E-06;0.021372803;0.146492844;506;1.24
relu;(100, 50, 25);0.1;0.01;l2;1.00E-05;32;0.9;0.99;1.00E-08;0.021373175;0.146477988;506;0.9
relu;(50, 50, 50);0.1;0.03;l2;0.0001;64;0.9;0.99;1.00E-06;0.02137644;0.146347618;504;0.95
relu;(50, 50, 50);0.1;0.01;none;0.0001;16;0.9;0.99;1.00E-08;0.021377701;0.146297267;506;1.19
relu;(100, 100, 100, 50);0;0.01;l2;1.00E-05;16;0.9;0.99;1.00E-06;0.021378214;0.146276756;506;1
relu;(100, 50, 25);0.1;0.001;none;0.0001;64;0.8;0.9;1.00E-06;0.021381054;0.146163348;504;0.45
relu;(100, 50, 25);0.1;0.01;none;0.01;16;0.8;0.99;1.00E-06;0.021381495;0.146145754;506;0.7
relu;(50, 50, 50);0;0.03;l1;1.00E-05;16;0.9;0.9;1.00E-08;0.021381672;0.146138666;506;0.4
relu;(100, 100, 100, 50);0;0.01;none;0.0001;64;0.9;0.99;1.00E-06;0.021381868;0.146130839;504;1.4
relu;(100, 100, 100, 50);0;0.03;none;1.00E-05;32;0.9;0.9;1.00E-08;0.021381892;0.146129885;506;1.07
relu;(100, 50, 25);0.1;0.03;l2;0.0001;16;0.9;0.9;1.00E-08;0.021381947;0.146127672;506;0.78
relu;(100, 100, 100, 50);0;0.01;l2;1.00E-05;32;0.99;0.99;1.00E-08;0.021382562;0.146103134;506;1.16
relu;(50, 50, 50);0.1;0.01;l1;0.0001;16;0.8;0.99;1.00E-06;0.021384236;0.146036291;506;0.81
relu;(100, 50, 25);0.1;0.01;l2;0.0001;32;0.9;0.99;1.00E-08;0.021386289;0.14595429;506;0.85
relu;(100, 100, 100, 50);0;0.01;l1;0.0001;64;0.8;0.99;1.00E-06;0.021389361;0.145831626;504;1.66
relu;(100, 100, 100, 50);0.1;0.01;none;1.00E-05;32;0.9;0.999;1.00E-08;0.021389769;0.145815335;506;1.38
relu;(50, 50, 50);0;0.001;l1;0.0001;16;0.99;0.99;1.00E-06;0.021390016;0.145805477;506;0.97
relu;(100, 50, 25);0.1;0.01;l1;0.0001;64;0.8;0.99;1.00E-08;0.021391397;0.145750295;504;1.35
relu;(100, 50, 25);0.3;0.01;l1;1.00E-05;32;0.9;0.9;1.00E-08;0.021392899;0.145690338;506;0.52
relu;(100, 100, 100, 50);0;0.001;none;0.01;32;0.8;0.9;1.00E-08;0.021392997;0.145686418;506;1.41
relu;(100, 50, 25);0;0.01;l1;1.00E-05;16;0.9;0.999;1.00E-06;0.021393452;0.14566826;506;0.81
relu;(100, 50, 25);0.3;0.03;l2;0.0001;64;0.8;0.99;1.00E-08;0.021395978;0.145567355;504;1.11
relu;(100, 100, 100, 50);0;0.01;none;1.00E-05;16;0.99;0.99;1.00E-06;0.021396225;0.14555752;506;1.11
relu;(100, 50, 25);0;0.001;l1;0.0001;32;0.99;0.99;1.00E-08;0.021398758;0.145456336;506;0.69
relu;(100, 100, 100, 50);0;0.03;l2;1.00E-05;32;0.9;0.9;1.00E-08;0.021398983;0.145447377;506;1.28
relu;(100, 100, 100, 50);0.1;0.03;none;1.00E-05;32;0.9;0.999;1.00E-06;0.0213997;0.145418735;506;1.47
relu;(100, 50, 25);0;0.001;none;0.01;16;0.99;0.9;1.00E-06;0.021400907;0.145370523;506;1.38
relu;(100, 100, 100, 50);0;0.01;none;0.0001;32;0.99;0.99;1.00E-06;0.021401057;0.145364536;506;1.19
relu;(50, 50, 50);0;0.001;none;1.00E-05;32;0.99;0.99;1.00E-08;0.021401758;0.145336547;506;0.32
relu;(100, 100, 100, 50);0.1;0.03;l2;0.0001;16;0.8;0.99;1.00E-06;0.021401905;0.145330699;506;0.92
relu;(100, 100, 100, 50);0;0.03;l2;1.00E-05;32;0.9;0.9;1.00E-06;0.021402495;0.14530711;506;1.19
relu;(100, 100, 100, 50);0;0.001;l1;0.0001;16;0.99;0.9;1.00E-06;0.021404748;0.145217162;506;1.01
relu;(50, 50, 50);0.1;0.001;none;1.00E-05;16;0.9;0.999;1.00E-06;0.021406855;0.145132992;506;0.39
relu;(50, 50, 50);0;0.001;l2;0.01;16;0.99;0.999;1.00E-08;0.021407249;0.145117267;506;0.31
relu;(50, 50, 50);0;0.01;none;0.0001;16;0.8;0.9;1.00E-08;0.021407382;0.145111958;506;0.32
relu;(100, 50, 25);0.1;0.001;none;1.00E-05;16;0.99;0.99;1.00E-06;0.021407791;0.14509563;506;0.36
relu;(50, 50, 50);0;0.01;l1;0.0001;32;0.99;0.999;1.00E-08;0.02140781;0.145094857;506;0.49
relu;(50, 50, 50);0;0.01;l1;1.00E-05;32;0.8;0.99;1.00E-06;0.021408835;0.145053938;506;0.52
relu;(50, 50, 50);0;0.01;l1;1.00E-05;16;0.8;0.9;1.00E-08;0.02140921;0.145038982;506;0.38
relu;(100, 100, 100, 50);0;0.03;none;0.01;64;0.9;0.99;1.00E-08;0.021409405;0.145031188;504;1.52
relu;(100, 50, 25);0.1;0.01;l1;1.00E-05;16;0.8;0.999;1.00E-06;0.021409503;0.145027279;506;0.84
relu;(50, 50, 50);0.1;0.03;l1;0.0001;64;0.9;0.99;1.00E-08;0.021409576;0.145024348;504;0.75
relu;(100, 50, 25);0.1;0.01;l1;1.00E-05;64;0.9;0.99;1.00E-06;0.021409739;0.145017819;504;1.2
relu;(100, 100, 100, 50);0;0.03;l2;0.0001;32;0.9;0.99;1.00E-08;0.021414352;0.144833624;506;1.05
relu;(100, 50, 25);0.1;0.01;l1;1.00E-05;16;0.99;0.999;1.00E-06;0.021416355;0.14475362;506;0.83
relu;(100, 50, 25);0;0.01;l2;1.00E-05;64;0.8;0.999;1.00E-06;0.02141639;0.144752221;504;0.37
relu;(100, 100, 100, 50);0.1;0.001;none;0.01;64;0.99;0.999;1.00E-06;0.021417821;0.144695075;504;2.09
relu;(100, 50, 25);0;0.03;none;0.01;16;0.9;0.9;1.00E-06;0.021418029;0.144686795;506;0.26
relu;(50, 50, 50);0;0.03;l2;0.0001;16;0.9;0.9;1.00E-08;0.021419277;0.144636933;506;0.9
relu;(100, 100, 100, 50);0;0.01;l2;1.00E-05;64;0.99;0.99;1.00E-08;0.021419304;0.144635854;504;1.41
relu;(100, 50, 25);0.1;0.01;none;1.00E-05;64;0.8;0.999;1.00E-08;0.021422259;0.144517842;504;1.16
relu;(50, 50, 50);0;0.03;l2;0.0001;64;0.9;0.99;1.00E-08;0.021422567;0.144505575;504;1.44
relu;(50, 50, 50);0;0.03;none;0.01;16;0.9;0.99;1.00E-08;0.021422987;0.144488788;506;0.29
relu;(100, 50, 25);0.1;0.001;none;0.01;64;0.9;0.9;1.00E-06;0.021423405;0.144472116;504;0.98
relu;(100, 50, 25);0.1;0.01;l2;0.0001;32;0.8;0.9;1.00E-08;0.021423633;0.144462975;506;0.85
relu;(100, 100, 100, 50);0;0.001;l1;0.0001;32;0.8;0.9;1.00E-08;0.021423758;0.14445801;506;1.22
relu;(100, 50, 25);0;0.03;l1;0.0001;32;0.8;0.999;1.00E-06;0.021426497;0.14434862;506;0.35
relu;(50, 50, 50);0;0.001;l2;0.0001;16;0.99;0.9;1.00E-08;0.02142863;0.144263422;506;0.33
relu;(50, 50, 50);0;0.01;l1;1.00E-05;16;0.8;0.999;1.00E-08;0.021428945;0.144250878;506;0.42
relu;(100, 100, 100, 50);0.1;0.01;none;0.0001;64;0.8;0.9;1.00E-06;0.021430117;0.144204063;504;1.86
relu;(50, 50, 50);0.1;0.03;l2;1.00E-05;64;0.8;0.999;1.00E-06;0.021430246;0.144198893;504;0.86
relu;(100, 50, 25);0.1;0.01;none;0.01;32;0.9;0.9;1.00E-06;0.0214313;0.144156835;506;0.81
relu;(100, 100, 100, 50);0.1;0.001;none;0.01;16;0.8;0.999;1.00E-08;0.021431643;0.144143137;506;1.38
relu;(50, 50, 50);0;0.01;l2;0.0001;32;0.99;0.999;1.00E-06;0.021431837;0.144135365;506;0.31
relu;(100, 50, 25);0;0.01;none;0.0001;16;0.99;0.99;1.00E-06;0.021433748;0.144059061;506;0.64
relu;(100, 50, 25);0;0.001;l2;0.01;64;0.8;0.99;1.00E-06;0.021434248;0.144039079;504;0.76
relu;(50, 50, 50);0;0.03;l2;0.0001;32;0.8;0.9;1.00E-06;0.021435055;0.144006847;506;1.22
relu;(50, 50, 50);0;0.01;l1;0.0001;32;0.99;0.99;1.00E-08;0.021435585;0.14398569;506;0.46
relu;(100, 50, 25);0.1;0.03;l2;0.0001;32;0.9;0.99;1.00E-08;0.021435657;0.14398283;506;0.95
relu;(100, 50, 25);0;0.03;l2;1.00E-05;16;0.8;0.999;1.00E-06;0.021435829;0.143975963;506;0.28
relu;(50, 50, 50);0.3;0.01;l2;0.0001;64;0.9;0.99;1.00E-06;0.02143774;0.143899621;504;0.54
relu;(100, 100, 100, 50);0.1;0.01;none;1.00E-05;32;0.9;0.999;1.00E-06;0.021438139;0.143883719;506;2.19
relu;(100, 50, 25);0.1;0.01;none;0.0001;64;0.99;0.999;1.00E-08;0.02143821;0.143880881;504;0.92
relu;(100, 50, 25);0.1;0.01;l1;0.0001;32;0.8;0.99;1.00E-06;0.021439245;0.143839547;506;1.1
relu;(100, 100, 100, 50);0.1;0.001;l2;0.0001;64;0.9;0.99;1.00E-08;0.021439358;0.143835015;504;1.98
relu;(100, 100, 100, 50);0;0.001;l1;1.00E-05;32;0.99;0.999;1.00E-08;0.021439548;0.143827438;506;1.44
relu;(100, 100, 100, 50);0;0.01;l2;0.0001;64;0.99;0.999;1.00E-08;0.021439673;0.143822451;504;1.51
relu;(100, 100, 100, 50);0;0.01;l1;1.00E-05;32;0.99;0.99;1.00E-08;0.021439834;0.143816023;506;1.36
relu;(100, 50, 25);0;0.03;l1;0.0001;16;0.8;0.9;1.00E-06;0.021440067;0.143806696;506;0.33
relu;(100, 50, 25);0;0.03;none;0.01;32;0.99;0.999;1.00E-08;0.021440519;0.143788661;506;0.3
relu;(100, 50, 25);0.1;0.001;l1;0.0001;64;0.9;0.99;1.00E-08;0.021443592;0.143665953;504;1.3
relu;(100, 100, 100, 50);0;0.03;none;0.0001;64;0.9;0.999;1.00E-08;0.021443727;0.14366055;504;1.52
relu;(100, 100, 100, 50);0;0.01;l1;0.0001;32;0.99;0.99;1.00E-06;0.02144516;0.14360331;506;1.41
relu;(100, 50, 25);0.1;0.001;l2;0.01;16;0.8;0.99;1.00E-08;0.02144523;0.143600533;506;0.83
relu;(100, 50, 25);0;0.03;l1;1.00E-05;32;0.9;0.9;1.00E-06;0.02144559;0.143586161;506;0.33
relu;(100, 100, 100, 50);0;0.01;l1;0.0001;32;0.9;0.99;1.00E-06;0.021446519;0.143549072;506;1.55
relu;(100, 50, 25);0;0.001;l2;0.01;32;0.8;0.9;1.00E-08;0.021446913;0.14353334;506;0.74
relu;(100, 100, 100, 50);0;0.03;l2;0.0001;16;0.9;0.999;1.00E-08;0.021447186;0.143522427;506;0.91
relu;(100, 100, 100, 50);0.1;0.01;none;0.01;16;0.9;0.99;1.00E-08;0.021447784;0.143498557;506;1.5
relu;(100, 100, 100, 50);0.1;0.01;none;0.0001;64;0.9;0.9;1.00E-08;0.021447959;0.14349157;504;1.94
relu;(100, 100, 100, 50);0;0.001;l2;0.01;32;0.9;0.9;1.00E-06;0.021449272;0.143439115;506;1.12
relu;(100, 50, 25);0.3;0.03;l2;0.0001;64;0.8;0.9;1.00E-06;0.021449841;0.14341638;504;1.44
relu;(50, 50, 50);0.3;0.01;l2;1.00E-05;16;0.8;0.9;1.00E-06;0.021450314;0.143397522;506;0.46
relu;(100, 100, 100, 50);0;0.03;l1;1.00E-05;16;0.8;0.999;1.00E-08;0.021450607;0.143385808;506;1.16
relu;(100, 50, 25);0.1;0.01;l2;0.0001;64;0.9;0.99;1.00E-06;0.021450622;0.143385214;504;1.02
relu;(100, 100, 100, 50);0.1;0.01;l1;1.00E-05;32;0.9;0.999;1.00E-08;0.021450711;0.143381652;506;1.48
relu;(100, 100, 100, 50);0.1;0.01;l2;1.00E-05;32;0.9;0.999;1.00E-06;0.021451331;0.143356885;506;1.47
relu;(100, 50, 25);0;0.001;l2;1.00E-05;32;0.99;0.999;1.00E-08;0.021451627;0.143345058;506;1.04
relu;(100, 50, 25);0.1;0.01;l2;0.0001;32;0.9;0.99;1.00E-06;0.021454197;0.143242433;506;0.87
relu;(100, 100, 100, 50);0.1;0.03;l2;0.0001;64;0.9;0.99;1.00E-06;0.021454602;0.143226249;504;1.39
relu;(100, 100, 100, 50);0;0.03;l2;1.00E-05;32;0.8;0.99;1.00E-08;0.02145768;0.143103367;506;1.23
relu;(100, 50, 25);0;0.001;none;0.0001;16;0.99;0.9;1.00E-06;0.021459365;0.143036071;506;1.45
relu;(100, 100, 100, 50);0.3;0.01;l2;0.0001;32;0.8;0.9;1.00E-06;0.021460419;0.142993985;506;0.89
relu;(50, 50, 50);0.1;0.01;l1;1.00E-05;64;0.9;0.9;1.00E-08;0.021460614;0.142986179;504;0.75
relu;(50, 50, 50);0.1;0.03;none;0.0001;16;0.8;0.99;1.00E-08;0.021461664;0.142944262;506;0.54
relu;(100, 50, 25);0;0.01;none;1.00E-05;32;0.9;0.99;1.00E-06;0.021461855;0.142936626;506;0.71
relu;(50, 50, 50);0.1;0.03;l1;0.0001;64;0.9;0.99;1.00E-06;0.021466067;0.142768403;504;0.94
relu;(100, 50, 25);0;0.01;l1;0.0001;16;0.9;0.9;1.00E-08;0.021468254;0.1426811;506;0.36
relu;(50, 50, 50);0;0.03;l1;0.0001;16;0.8;0.999;1.00E-06;0.021468963;0.142652775;506;0.35
relu;(100, 100, 100, 50);0;0.03;none;0.0001;16;0.8;0.9;1.00E-08;0.021468968;0.142652569;506;1.05
relu;(100, 50, 25);0.1;0.03;l2;0.0001;32;0.8;0.999;1.00E-08;0.021471782;0.142540195;506;0.81
relu;(100, 100, 100, 50);0;0.001;l1;0.0001;64;0.9;0.99;1.00E-06;0.021472017;0.142530823;504;1.48
relu;(100, 100, 100, 50);0.1;0.001;l1;1.00E-05;16;0.99;0.9;1.00E-08;0.021473466;0.142472949;506;1.71
relu;(100, 50, 25);0.1;0.01;none;0.0001;32;0.8;0.999;1.00E-08;0.021473673;0.142464691;506;0.93
relu;(100, 100, 100, 50);0.1;0.03;l2;0.0001;64;0.8;0.9;1.00E-06;0.021474064;0.142449078;504;0.93
relu;(100, 100, 100, 50);0.1;0.03;l2;0.0001;64;0.9;0.9;1.00E-08;0.021474748;0.142421758;504;1.14
relu;(100, 100, 100, 50);0.1;0.01;none;1.00E-05;64;0.9;0.999;1.00E-06;0.021475648;0.142385813;504;1.79
relu;(50, 50, 50);0;0.001;l2;0.01;64;0.8;0.9;1.00E-06;0.021476322;0.142358876;504;0.46
relu;(100, 50, 25);0.1;0.03;l2;0.0001;32;0.8;0.99;1.00E-06;0.021477045;0.142330003;506;0.87
relu;(50, 50, 50);0;0.001;l1;0.0001;32;0.8;0.999;1.00E-06;0.021477474;0.142312887;506;1.06
relu;(50, 50, 50);0;0.03;l1;0.0001;16;0.9;0.99;1.00E-06;0.02147791;0.142295482;506;0.38
relu;(100, 100, 100, 50);0.1;0.01;l2;0.0001;32;0.9;0.99;1.00E-08;0.021478212;0.142283439;506;1.48
relu;(100, 100, 100, 50);0;0.001;l2;0.01;16;0.9;0.99;1.00E-06;0.021478331;0.142278672;506;1
relu;(100, 100, 100, 50);0.1;0.01;l2;1.00E-05;64;0.8;0.99;1.00E-08;0.021479142;0.142246295;504;1.81
relu;(100, 100, 100, 50);0;0.001;l2;0.01;32;0.8;0.99;1.00E-06;0.021479328;0.14223884;506;1.03
relu;(100, 50, 25);0.1;0.03;l2;0.0001;64;0.9;0.9;1.00E-08;0.02147941;0.142235587;504;1.15
relu;(100, 50, 25);0.1;0.01;none;0.01;16;0.9;0.99;1.00E-06;0.021479644;0.142226247;506;0.69
relu;(50, 50, 50);0.1;0.01;l2;1.00E-05;32;0.8;0.9;1.00E-08;0.021479921;0.142215185;506;0.47
relu;(100, 50, 25);0.1;0.001;l1;0.0001;16;0.9;0.9;1.00E-08;0.021481076;0.142169052;506;0.92
relu;(100, 100, 100, 50);0;0.001;none;1.00E-05;32;0.99;0.99;1.00E-06;0.021484065;0.142049668;506;1.52
relu;(100, 100, 100, 50);0.1;0.01;none;1.00E-05;16;0.9;0.99;1.00E-06;0.021484208;0.142043973;506;1.12
relu;(100, 50, 25);0.1;0.03;none;0.0001;16;0.8;0.999;1.00E-08;0.021485146;0.142006515;506;1.06
relu;(50, 50, 50);0.1;0.001;none;1.00E-05;16;0.9;0.9;1.00E-08;0.021489116;0.14184799;506;0.89
relu;(100, 50, 25);0;0.001;none;0.01;32;0.99;0.999;1.00E-06;0.021491304;0.141760615;506;0.66
relu;(100, 50, 25);0;0.03;none;0.0001;32;0.99;0.99;1.00E-06;0.02149156;0.141750374;506;0.33
relu;(100, 100, 100, 50);0.1;0.001;l1;0.0001;16;0.8;0.9;1.00E-08;0.021491972;0.141733932;506;1.36
relu;(100, 50, 25);0.1;0.001;none;0.01;64;0.9;0.9;1.00E-08;0.021492029;0.141731662;504;0.95
relu;(50, 50, 50);0.1;0.03;l1;1.00E-05;32;0.8;0.999;1.00E-08;0.021492045;0.141731007;506;0.78
relu;(100, 100, 100, 50);0.1;0.01;l2;0.0001;64;0.8;0.9;1.00E-06;0.021492248;0.141722899;504;1.8
relu;(100, 50, 25);0.1;0.01;l2;0.0001;64;0.99;0.99;1.00E-06;0.021492827;0.14169977;504;1.09
relu;(50, 50, 50);0;0.01;l1;0.0001;64;0.9;0.9;1.00E-06;0.021493672;0.141666036;504;0.51
relu;(100, 100, 100, 50);0.1;0.03;l1;1.00E-05;32;0.8;0.99;1.00E-08;0.021494945;0.141615202;506;1.94
relu;(50, 50, 50);0.1;0.01;l1;0.0001;16;0.9;0.99;1.00E-08;0.021495221;0.141604177;506;0.78
relu;(100, 100, 100, 50);0.1;0.01;none;0.01;16;0.9;0.9;1.00E-08;0.021496476;0.141554046;506;1.53
relu;(100, 100, 100, 50);0.1;0.03;l2;0.0001;16;0.8;0.99;1.00E-08;0.021499768;0.141422582;506;0.85
relu;(100, 100, 100, 50);0.1;0.01;none;0.01;64;0.8;0.999;1.00E-06;0.0215014;0.141357414;504;1.8
relu;(100, 100, 100, 50);0;0.001;l2;0.01;32;0.8;0.9;1.00E-08;0.021502603;0.141309392;506;1.16
relu;(50, 50, 50);0;0.01;l1;1.00E-05;64;0.99;0.9;1.00E-08;0.021503684;0.141266216;504;0.47
relu;(50, 50, 50);0;0.001;l2;0.01;32;0.8;0.99;1.00E-08;0.021506622;0.141148872;506;0.35
relu;(100, 50, 25);0;0.03;none;0.01;64;0.9;0.999;1.00E-08;0.02150709;0.141130186;504;0.4
relu;(100, 50, 25);0;0.03;l2;0.0001;16;0.8;0.9;1.00E-06;0.021508893;0.141058206;506;0.27
relu;(100, 100, 100, 50);0;0.01;l2;1.00E-05;32;0.9;0.99;1.00E-08;0.021509294;0.141042163;506;1.24
relu;(100, 50, 25);0;0.01;l1;1.00E-05;16;0.8;0.9;1.00E-06;0.021511655;0.14094789;506;0.89
relu;(50, 50, 50);0.3;0.01;l2;0.0001;32;0.8;0.9;1.00E-06;0.021513104;0.140890043;506;0.77
relu;(100, 100, 100, 50);0.1;0.01;l1;1.00E-05;16;0.9;0.99;1.00E-08;0.021513801;0.140862208;506;1.42
relu;(100, 50, 25);0;0.01;none;0.01;16;0.99;0.999;1.00E-06;0.021519196;0.140646769;506;0.66
relu;(100, 50, 25);0;0.03;none;1.00E-05;32;0.8;0.9;1.00E-06;0.021522075;0.140531775;506;0.28
relu;(100, 50, 25);0.1;0.001;none;0.01;64;0.9;0.99;1.00E-08;0.021523008;0.140494534;504;0.97
relu;(100, 50, 25);0;0.001;l1;0.0001;32;0.8;0.99;1.00E-06;0.021525157;0.140408717;506;0.66
relu;(50, 50, 50);0.1;0.001;l2;1.00E-05;64;0.8;0.9;1.00E-08;0.021525732;0.140385732;504;0.48
relu;(100, 50, 25);0.1;0.001;none;0.01;64;0.99;0.99;1.00E-06;0.021527132;0.140329851;504;1.1
relu;(100, 50, 25);0;0.03;none;0.0001;16;0.9;0.99;1.00E-08;0.02152735;0.140321125;506;0.27
relu;(100, 100, 100, 50);0;0.01;l1;1.00E-05;16;0.9;0.999;1.00E-08;0.021527407;0.140318842;506;1.26
relu;(100, 100, 100, 50);0;0.03;l1;1.00E-05;64;0.9;0.99;1.00E-06;0.021527465;0.140316519;504;1.36
relu;(100, 50, 25);0;0.01;none;1.00E-05;16;0.99;0.99;1.00E-08;0.021527707;0.140306854;506;0.64
relu;(100, 50, 25);0;0.03;none;0.0001;16;0.9;0.99;1.00E-06;0.021529277;0.14024419;506;0.28
relu;(100, 50, 25);0.1;0.001;l2;0.0001;16;0.9;0.99;1.00E-06;0.021530298;0.140203399;506;0.77
relu;(50, 50, 50);0.1;0.03;none;1.00E-05;64;0.9;0.9;1.00E-08;0.021531307;0.140163105;504;0.82
relu;(50, 50, 50);0.3;0.01;l2;0.0001;64;0.9;0.99;1.00E-08;0.021531524;0.140154432;504;0.66
relu;(50, 50, 50);0;0.01;l1;1.00E-05;64;0.9;0.9;1.00E-06;0.021532487;0.140116002;504;0.46
relu;(50, 50, 50);0;0.03;l2;0.0001;16;0.99;0.99;1.00E-08;0.021532584;0.140112104;506;0.88
relu;(100, 50, 25);0;0.001;none;1.00E-05;16;0.99;0.99;1.00E-08;0.021533367;0.140080845;506;1.41
relu;(100, 100, 100, 50);0.1;0.03;none;0.01;64;0.8;0.9;1.00E-06;0.021537785;0.139904429;504;1.77
relu;(50, 50, 50);0;0.001;none;0.0001;16;0.99;0.99;1.00E-06;0.021538301;0.1398838;506;0.28
relu;(50, 50, 50);0;0.01;l1;0.0001;32;0.8;0.999;1.00E-08;0.02153872;0.139867058;506;0.4
relu;(50, 50, 50);0.1;0.01;none;0.01;16;0.9;0.99;1.00E-06;0.021539818;0.139823215;506;0.71
relu;(100, 100, 100, 50);0;0.001;l1;1.00E-05;32;0.99;0.99;1.00E-06;0.021541575;0.139753076;506;1.43
relu;(100, 50, 25);0;0.001;l1;0.0001;64;0.8;0.999;1.00E-08;0.02154205;0.139734093;504;0.73
relu;(50, 50, 50);0.1;0.01;l1;0.0001;64;0.8;0.999;1.00E-06;0.021542742;0.139706462;504;0.71
relu;(50, 50, 50);0.1;0.01;l2;1.00E-05;16;0.99;0.99;1.00E-06;0.021543103;0.139692045;506;0.54
relu;(100, 100, 100, 50);0.1;0.03;l1;1.00E-05;64;0.8;0.9;1.00E-06;0.021545731;0.1395871;504;2.25
relu;(100, 50, 25);0;0.03;none;0.0001;64;0.99;0.99;1.00E-06;0.021546006;0.139576119;504;0.38
relu;(50, 50, 50);0;0.03;l1;1.00E-05;16;0.8;0.99;1.00E-08;0.021548316;0.139483877;506;0.36
relu;(50, 50, 50);0.1;0.03;none;0.0001;64;0.8;0.9;1.00E-06;0.021548802;0.139464443;504;0.7
relu;(100, 50, 25);0.1;0.01;l1;1.00E-05;32;0.8;0.999;1.00E-06;0.021548933;0.139459208;506;0.84
relu;(50, 50, 50);0.1;0.03;none;0.01;32;0.8;0.9;1.00E-06;0.021548958;0.139458224;506;0.6
relu;(100, 100, 100, 50);0;0.03;l1;0.0001;16;0.8;0.99;1.00E-06;0.021549562;0.139434122;506;1.1
relu;(100, 50, 25);0.1;0.01;l1;0.0001;16;0.8;0.999;1.00E-06;0.021549646;0.139430768;506;0.93
relu;(50, 50, 50);0.1;0.01;none;1.00E-05;64;0.9;0.9;1.00E-08;0.021550475;0.139397651;504;0.54
relu;(100, 50, 25);0.1;0.01;none;1.00E-05;64;0.9;0.99;1.00E-08;0.021554414;0.139240353;504;1.17
relu;(100, 50, 25);0;0.001;l2;0.01;64;0.9;0.9;1.00E-06;0.021554479;0.139237735;504;0.68
relu;(50, 50, 50);0.1;0.01;l1;0.0001;64;0.8;0.9;1.00E-08;0.021556345;0.139163247;504;0.62
relu;(100, 50, 25);0.1;0.01;l2;0.0001;16;0.9;0.9;1.00E-08;0.021556629;0.139151883;506;0.73
relu;(50, 50, 50);0.1;0.01;l2;1.00E-05;32;0.99;0.99;1.00E-06;0.021556779;0.139145885;506;0.52
relu;(50, 50, 50);0;0.03;l1;1.00E-05;16;0.9;0.9;1.00E-06;0.021558179;0.139089981;506;0.33
relu;(50, 50, 50);0.1;0.01;l2;0.0001;16;0.8;0.99;1.00E-08;0.021558391;0.139081526;506;0.56
relu;(100, 100, 100, 50);0.1;0.01;l2;0.0001;32;0.8;0.999;1.00E-06;0.021558944;0.139059446;506;1.52
relu;(100, 100, 100, 50);0;0.001;l1;0.0001;64;0.99;0.9;1.00E-06;0.021559482;0.139037942;504;1.44
relu;(100, 100, 100, 50);0;0.001;l1;0.0001;32;0.8;0.999;1.00E-06;0.021559528;0.13903612;506;1.14
relu;(100, 100, 100, 50);0.1;0.001;none;0.01;64;0.9;0.9;1.00E-06;0.021559582;0.139033957;504;1.9
relu;(100, 100, 100, 50);0.1;0.03;l2;0.0001;64;0.8;0.9;1.00E-08;0.021560351;0.139003261;504;0.99
relu;(50, 50, 50);0.1;0.03;l2;0.0001;16;0.8;0.9;1.00E-06;0.021560978;0.138978232;506;0.56
relu;(100, 50, 25);0.1;0.03;l1;0.0001;32;0.8;0.9;1.00E-06;0.021562192;0.138929751;506;1.16
relu;(100, 50, 25);0.1;0.001;l1;0.0001;16;0.8;0.9;1.00E-06;0.021562568;0.138914731;506;1.08
relu;(50, 50, 50);0;0.03;l1;0.0001;16;0.8;0.99;1.00E-08;0.021562677;0.138910389;506;0.34
relu;(50, 50, 50);0;0.01;l2;1.00E-05;64;0.8;0.999;1.00E-08;0.021563892;0.138861854;504;0.41
relu;(100, 100, 100, 50);0;0.01;l2;0.0001;64;0.9;0.99;1.00E-08;0.021564387;0.138842085;504;1.5
relu;(50, 50, 50);0.1;0.001;l2;1.00E-05;64;0.99;0.999;1.00E-08;0.021567238;0.138728247;504;0.48
relu;(50, 50, 50);0;0.01;none;0.01;32;0.9;0.999;1.00E-06;0.021567768;0.138707078;506;0.4
relu;(50, 50, 50);0.1;0.001;l1;0.0001;64;0.99;0.999;1.00E-08;0.021568338;0.138684296;504;0.53
relu;(50, 50, 50);0;0.03;l2;1.00E-05;32;0.9;0.99;1.00E-06;0.021570041;0.138616295;506;1.01
relu;(50, 50, 50);0;0.03;l2;1.00E-05;16;0.9;0.99;1.00E-06;0.021572542;0.138516414;506;0.32
relu;(100, 100, 100, 50);0.3;0.01;l2;0.0001;32;0.9;0.99;1.00E-08;0.021573196;0.138490322;506;0.75
relu;(100, 100, 100, 50);0;0.03;l2;0.0001;64;0.9;0.999;1.00E-08;0.021573662;0.138471712;504;1.44
relu;(100, 50, 25);0.1;0.01;l1;1.00E-05;16;0.9;0.9;1.00E-08;0.02157393;0.138460992;506;1
relu;(100, 100, 100, 50);0;0.001;l1;0.0001;16;0.99;0.9;1.00E-08;0.021574454;0.13844006;506;1.1
relu;(50, 50, 50);0.1;0.01;l1;0.0001;32;0.9;0.999;1.00E-06;0.021574763;0.138427713;506;0.71
relu;(50, 50, 50);0.1;0.001;none;1.00E-05;32;0.9;0.99;1.00E-06;0.021575059;0.138415887;506;0.46
relu;(50, 50, 50);0;0.03;none;1.00E-05;16;0.9;0.99;1.00E-06;0.021575066;0.138415636;506;0.31
relu;(100, 50, 25);0;0.01;l1;0.0001;32;0.8;0.9;1.00E-06;0.021575152;0.138412185;506;0.37
relu;(50, 50, 50);0;0.01;l2;1.00E-05;16;0.9;0.99;1.00E-08;0.021575644;0.138392558;506;0.33
relu;(50, 50, 50);0.1;0.01;l2;0.0001;16;0.99;0.99;1.00E-08;0.021577342;0.138324751;506;0.55
relu;(100, 100, 100, 50);0;0.03;none;0.0001;32;0.8;0.9;1.00E-06;0.021577493;0.138318698;506;1.24
relu;(100, 50, 25);0.1;0.01;l2;1.00E-05;16;0.9;0.999;1.00E-08;0.021577684;0.13831108;506;0.69
relu;(100, 100, 100, 50);0;0.001;l2;0.01;16;0.8;0.99;1.00E-06;0.021578062;0.138295965;506;0.97
relu;(100, 50, 25);0.1;0.03;l2;1.00E-05;64;0.8;0.99;1.00E-08;0.021578214;0.138289927;504;0.92
relu;(100, 50, 25);0.1;0.01;l1;0.0001;64;0.8;0.999;1.00E-06;0.021579942;0.138220897;504;1.32
relu;(100, 50, 25);0;0.01;l2;1.00E-05;64;0.9;0.99;1.00E-06;0.021580249;0.138208659;504;0.48
relu;(100, 100, 100, 50);0.1;0.001;l2;0.0001;32;0.8;0.999;1.00E-06;0.021580959;0.138180306;506;1.7
relu;(50, 50, 50);0.1;0.001;l1;0.0001;64;0.99;0.9;1.00E-06;0.021581148;0.138172734;504;0.52
relu;(50, 50, 50);0.1;0.001;l2;0.0001;64;0.9;0.9;1.00E-06;0.02158203;0.138137507;504;0.52
relu;(100, 100, 100, 50);0;0.03;l1;0.0001;16;0.8;0.9;1.00E-06;0.021582219;0.13812996;506;1.05
relu;(100, 50, 25);0.1;0.001;none;0.01;64;0.99;0.999;1.00E-08;0.021583064;0.138096231;504;1.02
relu;(100, 50, 25);0.1;0.01;none;0.01;32;0.8;0.999;1.00E-06;0.021584797;0.138027006;506;0.92
relu;(100, 50, 25);0;0.001;none;1.00E-05;64;0.99;0.9;1.00E-08;0.021585274;0.138007991;504;1.83
relu;(100, 50, 25);0;0.03;none;0.0001;32;0.99;0.99;1.00E-08;0.021585298;0.138007004;506;0.34
relu;(50, 50, 50);0;0.01;none;0.01;16;0.9;0.9;1.00E-08;0.021585319;0.13800618;506;0.37
relu;(100, 100, 100, 50);0;0.001;none;0.01;64;0.99;0.99;1.00E-08;0.02158735;0.137925082;504;1.55
relu;(100, 100, 100, 50);0.1;0.001;l1;0.0001;32;0.9;0.9;1.00E-06;0.021587585;0.137915684;506;1.54
relu;(100, 50, 25);0;0.001;l2;0.01;32;0.9;0.999;1.00E-06;0.021589184;0.137851827;506;0.77
relu;(100, 50, 25);0;0.03;l2;0.0001;16;0.8;0.99;1.00E-06;0.021589985;0.137819853;506;0.31
relu;(100, 50, 25);0;0.01;none;1.00E-05;32;0.8;0.9;1.00E-08;0.021590205;0.137811042;506;0.59
relu;(100, 100, 100, 50);0.1;0.01;l2;0.0001;32;0.8;0.99;1.00E-08;0.021590449;0.137801301;506;1.51
relu;(100, 100, 100, 50);0;0.001;l1;0.0001;64;0.99;0.999;1.00E-06;0.021590631;0.137794059;504;1.58
relu;(100, 100, 100, 50);0.1;0.001;l1;0.0001;64;0.8;0.9;1.00E-06;0.021593051;0.137697416;504;1.97
relu;(100, 100, 100, 50);0.3;0.01;l2;0.0001;64;0.9;0.9;1.00E-06;0.0215931;0.137695449;504;0.93
relu;(100, 50, 25);0;0.01;l1;0.0001;32;0.9;0.99;1.00E-06;0.021593171;0.137692622;506;0.38
relu;(50, 50, 50);0;0.03;none;0.01;64;0.9;0.9;1.00E-06;0.021593921;0.137662675;504;0.56
relu;(100, 100, 100, 50);0;0.001;l2;0.01;16;0.9;0.9;1.00E-06;0.021595722;0.137590763;506;1.01
relu;(100, 50, 25);0;0.03;l1;0.0001;32;0.9;0.99;1.00E-06;0.021599615;0.137435281;506;0.36
relu;(100, 100, 100, 50);0;0.001;l1;0.0001;32;0.9;0.99;1.00E-06;0.02159967;0.137433088;506;1.12
relu;(100, 50, 25);0.1;0.03;l2;1.00E-05;32;0.8;0.99;1.00E-08;0.021600162;0.137413432;506;0.84
relu;(100, 50, 25);0.1;0.01;none;0.0001;32;0.8;0.9;1.00E-08;0.021600424;0.137402989;506;0.91
relu;(100, 50, 25);0.1;0.01;none;1.00E-05;16;0.8;0.99;1.00E-08;0.021603046;0.137298276;506;0.85
relu;(50, 50, 50);0;0.03;l1;0.0001;16;0.8;0.9;1.00E-08;0.021603209;0.13729177;506;0.44
relu;(50, 50, 50);0;0.03;l1;1.00E-05;64;0.8;0.9;1.00E-08;0.021604987;0.137220772;504;0.39
relu;(100, 50, 25);0;0.01;none;1.00E-05;16;0.8;0.999;1.00E-08;0.021605219;0.137211504;506;0.55
relu;(100, 50, 25);0;0.01;none;1.00E-05;16;0.99;0.999;1.00E-06;0.02160549;0.137200678;506;0.56
relu;(50, 50, 50);0.1;0.01;none;1.00E-05;64;0.99;0.99;1.00E-08;0.021607077;0.137137278;504;1.63
relu;(50, 50, 50);0.1;0.01;l1;1.00E-05;16;0.9;0.99;1.00E-08;0.021607506;0.137120176;506;0.72
relu;(100, 100, 100, 50);0.1;0.01;none;0.01;16;0.9;0.999;1.00E-06;0.021608512;0.137079966;506;1.53
relu;(50, 50, 50);0.1;0.03;l1;0.0001;64;0.8;0.99;1.00E-06;0.021608618;0.137075771;504;0.74
relu;(100, 50, 25);0.3;0.01;l2;0.0001;32;0.9;0.9;1.00E-06;0.021610655;0.136994425;506;0.94
relu;(50, 50, 50);0.1;0.01;l2;0.0001;32;0.8;0.99;1.00E-08;0.021612148;0.136934781;506;0.56
relu;(50, 50, 50);0;0.03;none;1.00E-05;64;0.9;0.9;1.00E-08;0.021612178;0.136933581;504;0.38
relu;(100, 50, 25);0;0.03;l1;1.00E-05;32;0.8;0.9;1.00E-06;0.021612308;0.136928384;506;0.35
relu;(100, 50, 25);0.1;0.03;l2;0.0001;16;0.9;0.999;1.00E-06;0.0216127;0.136912754;506;0.8
relu;(100, 100, 100, 50);0.1;0.01;none;0.01;64;0.9;0.999;1.00E-08;0.021614288;0.136849306;504;1.61
relu;(100, 50, 25);0.1;0.01;l1;1.00E-05;16;0.8;0.9;1.00E-08;0.021614419;0.13684408;506;0.86
relu;(50, 50, 50);0;0.03;l2;0.0001;16;0.9;0.99;1.00E-08;0.021615437;0.136803442;506;0.87
relu;(50, 50, 50);0;0.001;l2;0.01;64;0.9;0.9;1.00E-08;0.021617545;0.136719265;504;0.38
relu;(100, 50, 25);0;0.01;l2;0.0001;32;0.8;0.9;1.00E-08;0.021618217;0.136692418;506;0.32
relu;(100, 50, 25);0;0.03;none;0.01;32;0.9;0.999;1.00E-06;0.021620028;0.136620098;506;0.28
relu;(100, 50, 25);0.1;0.01;l2;1.00E-05;16;0.9;0.999;1.00E-06;0.021622323;0.136528459;506;0.7
relu;(50, 50, 50);0;0.01;none;1.00E-05;32;0.8;0.99;1.00E-06;0.021622964;0.136502872;506;0.34
relu;(100, 50, 25);0;0.01;l1;1.00E-05;32;0.99;0.999;1.00E-06;0.021624423;0.136444608;506;0.93
relu;(100, 50, 25);0.3;0.01;l2;0.0001;64;0.8;0.9;1.00E-06;0.021625092;0.136417867;504;1.25
relu;(50, 50, 50);0.1;0.03;none;1.00E-05;64;0.9;0.9;1.00E-06;0.021625154;0.136415408;504;0.85
relu;(50, 50, 50);0.1;0.01;none;0.0001;32;0.8;0.99;1.00E-06;0.021627081;0.136338431;506;1.53
relu;(100, 50, 25);0.1;0.01;l2;0.0001;32;0.8;0.999;1.00E-08;0.021628039;0.136300194;506;0.82
relu;(50, 50, 50);0;0.03;l1;0.0001;64;0.9;0.9;1.00E-06;0.021628562;0.136279321;504;0.42
relu;(50, 50, 50);0;0.01;l2;1.00E-05;64;0.99;0.9;1.00E-06;0.021628694;0.136274039;504;0.41
relu;(100, 100, 100, 50);0.1;0.01;l2;0.0001;64;0.8;0.99;1.00E-08;0.021630512;0.136201435;504;1.83
relu;(100, 50, 25);0;0.01;l2;0.0001;64;0.8;0.999;1.00E-06;0.021631578;0.136158861;504;0.39
relu;(50, 50, 50);0;0.03;l2;0.0001;64;0.9;0.9;1.00E-06;0.021631893;0.136146298;504;1.47
relu;(50, 50, 50);0;0.001;l1;0.0001;16;0.8;0.9;1.00E-08;0.021633166;0.136095453;506;1.24
relu;(100, 50, 25);0;0.03;none;0.0001;16;0.8;0.9;1.00E-06;0.021633984;0.136062768;506;0.27
relu;(100, 50, 25);0;0.01;none;1.00E-05;64;0.9;0.999;1.00E-08;0.021636978;0.135943211;504;0.63
relu;(100, 50, 25);0;0.001;none;0.0001;32;0.99;0.9;1.00E-06;0.021637683;0.135915051;506;1.43
relu;(100, 100, 100, 50);0.1;0.001;l2;0.0001;16;0.9;0.999;1.00E-08;0.021637946;0.135904565;506;1.45
relu;(100, 50, 25);0;0.03;none;0.0001;16;0.8;0.99;1.00E-08;0.021639061;0.13586002;506;0.27
relu;(50, 50, 50);0;0.01;none;0.0001;16;0.99;0.999;1.00E-06;0.02164106;0.135780221;506;0.32
relu;(100, 100, 100, 50);0;0.01;none;1.00E-05;32;0.9;0.99;1.00E-08;0.021641385;0.135767244;506;1.29
relu;(50, 50, 50);0.1;0.01;none;0.01;64;0.8;0.999;1.00E-06;0.021641975;0.135743649;504;0.65
relu;(100, 50, 25);0.1;0.03;l1;0.0001;64;0.9;0.9;1.00E-06;0.021642445;0.13572488;504;1.31
relu;(50, 50, 50);0;0.03;none;1.00E-05;16;0.9;0.9;1.00E-08;0.021642459;0.135724347;506;0.27
relu;(100, 50, 25);0.1;0.01;none;0.01;64;0.8;0.9;1.00E-08;0.021642936;0.135705293;504;0.83
relu;(50, 50, 50);0.1;0.01;none;0.01;16;0.8;0.99;1.00E-08;0.021644005;0.135662617;506;0.66
relu;(100, 50, 25);0.1;0.01;l2;1.00E-05;32;0.8;0.99;1.00E-08;0.021645501;0.135602859;506;0.83
relu;(100, 100, 100, 50);0;0.03;l1;0.0001;32;0.99;0.999;1.00E-06;0.021646496;0.135563105;506;1.32
relu;(100, 100, 100, 50);0;0.03;none;0.01;32;0.8;0.999;1.00E-06;0.021647583;0.135519696;506;1.3
relu;(100, 50, 25);0;0.01;l1;0.0001;32;0.8;0.999;1.00E-06;0.021648363;0.135488571;506;0.39
relu;(100, 50, 25);0.1;0.001;l2;1.00E-05;64;0.8;0.9;1.00E-08;0.021649003;0.135463017;504;0.87
relu;(100, 50, 25);0.1;0.01;l1;0.0001;16;0.9;0.99;1.00E-08;0.021649783;0.135431858;506;0.98
relu;(50, 50, 50);0;0.03;l2;1.00E-05;16;0.9;0.9;1.00E-08;0.021650219;0.135414464;506;0.32
relu;(100, 50, 25);0;0.03;l1;1.00E-05;16;0.99;0.99;1.00E-08;0.021651508;0.135362988;506;0.42
relu;(50, 50, 50);0;0.01;none;0.01;16;0.8;0.999;1.00E-06;0.021651961;0.135344884;506;0.37
relu;(50, 50, 50);0;0.03;l2;0.0001;16;0.8;0.99;1.00E-08;0.021653431;0.135286183;506;1.14
relu;(100, 50, 25);0.1;0.01;none;1.00E-05;32;0.9;0.999;1.00E-08;0.021653541;0.13528179;506;1.09
relu;(100, 100, 100, 50);0.1;0.03;l1;1.00E-05;16;0.8;0.9;1.00E-06;0.021654093;0.135259754;506;1.46
relu;(100, 50, 25);0;0.01;l1;0.0001;16;0.8;0.99;1.00E-08;0.021655667;0.135196868;506;0.49
relu;(100, 50, 25);0.1;0.01;l2;0.0001;64;0.8;0.9;1.00E-06;0.021656423;0.135166693;504;1.01
relu;(50, 50, 50);0;0.03;none;1.00E-05;16;0.8;0.99;1.00E-08;0.021656852;0.135149576;506;0.39
relu;(100, 50, 25);0.1;0.01;l2;1.00E-05;32;0.9;0.9;1.00E-08;0.021657621;0.135118848;506;0.82
relu;(100, 100, 100, 50);0;0.03;l2;1.00E-05;16;0.8;0.999;1.00E-06;0.021658161;0.135097307;506;1.21
relu;(50, 50, 50);0.1;0.01;l1;1.00E-05;64;0.8;0.999;1.00E-06;0.021658659;0.135077384;504;0.94
relu;(100, 100, 100, 50);0;0.03;none;1.00E-05;32;0.9;0.99;1.00E-06;0.02166038;0.135008687;506;1.01
relu;(100, 100, 100, 50);0;0.03;l2;0.0001;16;0.8;0.999;1.00E-06;0.02166182;0.134951155;506;0.95
relu;(50, 50, 50);0.1;0.01;l1;0.0001;32;0.8;0.99;1.00E-06;0.021662116;0.134939368;506;0.83
relu;(100, 50, 25);0.3;0.01;l2;0.0001;32;0.8;0.9;1.00E-08;0.021662852;0.134909971;506;0.51
relu;(100, 50, 25);0.1;0.001;none;0.01;64;0.99;0.99;1.00E-08;0.021663601;0.134880035;504;0.99
relu;(50, 50, 50);0.1;0.03;l1;1.00E-05;16;0.8;0.999;1.00E-08;0.021664252;0.134854064;506;0.66
relu;(50, 50, 50);0;0.01;l1;0.0001;64;0.8;0.999;1.00E-08;0.021664726;0.134835109;504;0.43
relu;(50, 50, 50);0.1;0.03;l2;0.0001;16;0.8;0.999;1.00E-06;0.021665769;0.134793488;506;0.63
relu;(100, 50, 25);0.1;0.001;none;0.01;64;0.99;0.9;1.00E-08;0.021666783;0.134752993;504;0.99
relu;(100, 50, 25);0;0.01;l1;1.00E-05;16;0.8;0.999;1.00E-08;0.021667758;0.134714025;506;0.77
relu;(100, 100, 100, 50);0;0.001;l1;0.0001;16;0.8;0.999;1.00E-08;0.0216686;0.1346804;506;1.11
relu;(50, 50, 50);0;0.001;l2;0.01;16;0.8;0.9;1.00E-06;0.021668834;0.134671059;506;0.35
relu;(50, 50, 50);0.1;0.001;none;0.01;64;0.9;0.99;1.00E-08;0.021669334;0.134651105;504;0.56
relu;(100, 100, 100, 50);0.1;0.01;l1;1.00E-05;64;0.8;0.9;1.00E-06;0.021671939;0.134547068;504;2.06
relu;(100, 50, 25);0;0.001;none;0.01;32;0.8;0.999;1.00E-06;0.02167272;0.134515898;506;0.81
relu;(100, 50, 25);0;0.001;l1;0.0001;64;0.9;0.9;1.00E-06;0.021673549;0.134482765;504;0.85
relu;(100, 100, 100, 50);0;0.001;none;1.00E-05;16;0.99;0.999;1.00E-08;0.021674007;0.134464506;506;1.29
relu;(100, 100, 100, 50);0;0.03;none;1.00E-05;16;0.9;0.999;1.00E-08;0.021675294;0.134413076;506;0.99
relu;(100, 50, 25);0;0.01;l2;0.0001;64;0.9;0.99;1.00E-06;0.021675344;0.134411091;504;0.38
relu;(100, 50, 25);0;0.001;l1;0.0001;64;0.8;0.99;1.00E-06;0.021677465;0.134326404;504;0.77
relu;(100, 100, 100, 50);0.1;0.01;l1;1.00E-05;32;0.9;0.99;1.00E-08;0.021678814;0.134272522;506;1.56
relu;(100, 50, 25);0;0.01;l2;1.00E-05;16;0.8;0.9;1.00E-06;0.021680582;0.134201939;506;0.3
relu;(100, 50, 25);0;0.03;l2;0.0001;32;0.9;0.999;1.00E-06;0.021682347;0.134131422;506;0.42
relu;(50, 50, 50);0;0.01;none;0.0001;16;0.9;0.99;1.00E-08;0.021683787;0.134073928;506;0.32
relu;(50, 50, 50);0.1;0.01;none;0.01;64;0.9;0.9;1.00E-06;0.021684646;0.134039632;504;0.7
relu;(100, 50, 25);0.1;0.01;none;0.0001;64;0.9;0.9;1.00E-06;0.021684736;0.134036025;504;0.85
relu;(50, 50, 50);0.1;0.01;l1;1.00E-05;32;0.9;0.99;1.00E-08;0.021687319;0.133932866;506;0.77
relu;(100, 50, 25);0.1;0.03;l2;0.0001;64;0.9;0.99;1.00E-08;0.021687556;0.13392343;504;0.97
relu;(100, 50, 25);0.1;0.01;none;1.00E-05;32;0.8;0.999;1.00E-06;0.02168768;0.133918483;506;1.07
relu;(100, 100, 100, 50);0;0.03;l1;0.0001;32;0.9;0.999;1.00E-06;0.021687814;0.133913106;506;1.29
relu;(100, 100, 100, 50);0;0.01;none;0.01;16;0.99;0.999;1.00E-06;0.021689696;0.133837977;506;0.88
relu;(100, 50, 25);0;0.001;l1;0.0001;32;0.9;0.99;1.00E-08;0.021693376;0.133691005;506;0.77
relu;(50, 50, 50);0.1;0.03;l1;0.0001;16;0.9;0.99;1.00E-06;0.021693935;0.133668681;506;0.64
relu;(100, 50, 25);0.1;0.001;l2;1.00E-05;64;0.99;0.9;1.00E-06;0.02169401;0.133665683;504;1.01
relu;(100, 100, 100, 50);0.1;0.01;none;0.0001;16;0.9;0.9;1.00E-06;0.021696265;0.133575638;506;1.37
relu;(100, 50, 25);0.1;0.01;none;1.00E-05;32;0.9;0.9;1.00E-06;0.021696788;0.133554757;506;1.05
relu;(50, 50, 50);0;0.03;l1;0.0001;64;0.8;0.999;1.00E-06;0.021696979;0.133547115;504;0.43
relu;(50, 50, 50);0.1;0.01;l2;0.0001;64;0.99;0.99;1.00E-08;0.021697863;0.133511834;504;0.78
relu;(100, 50, 25);0;0.01;none;0.0001;16;0.8;0.99;1.00E-08;0.021698062;0.133503853;506;0.58
relu;(100, 50, 25);0.1;0.01;l2;0.0001;32;0.8;0.9;1.00E-06;0.021699648;0.133440537;506;0.79
relu;(100, 100, 100, 50);0;0.001;l2;0.0001;64;0.99;0.9;1.00E-08;0.021700423;0.133409572;504;1.21
relu;(50, 50, 50);0.1;0.03;none;0.0001;64;0.8;0.9;1.00E-08;0.021700612;0.133402024;504;0.73
relu;(100, 50, 25);0;0.01;l2;0.0001;64;0.9;0.999;1.00E-06;0.02170102;0.133385764;504;0.39
relu;(50, 50, 50);0.1;0.001;none;0.0001;64;0.9;0.9;1.00E-06;0.021701393;0.133370834;504;0.48
relu;(50, 50, 50);0;0.01;l2;0.01;64;0.8;0.99;1.00E-06;0.021701621;0.133361735;504;0.4
relu;(100, 100, 100, 50);0;0.01;none;0.0001;16;0.9;0.999;1.00E-06;0.021702626;0.133321598;506;1.17
relu;(50, 50, 50);0.1;0.01;l1;1.00E-05;64;0.9;0.999;1.00E-08;0.021703027;0.133305587;504;0.8
relu;(100, 50, 25);0.1;0.03;none;0.0001;16;0.8;0.99;1.00E-08;0.021703664;0.133280158;506;1
relu;(100, 50, 25);0;0.01;none;0.01;32;0.9;0.999;1.00E-06;0.02170888;0.133071845;506;0.7
relu;(50, 50, 50);0;0.03;l1;0.0001;16;0.8;0.9;1.00E-06;0.021709705;0.133038902;506;0.37
relu;(100, 100, 100, 50);0.1;0.001;l1;1.00E-05;64;0.99;0.9;1.00E-06;0.021710086;0.133023715;504;1.66
relu;(100, 50, 25);0;0.03;l2;1.00E-05;64;0.8;0.99;1.00E-08;0.021710481;0.133007941;504;0.44
relu;(100, 50, 25);0.1;0.03;none;1.00E-05;16;0.8;0.999;1.00E-08;0.021712071;0.132944414;506;0.95
relu;(100, 100, 100, 50);0.1;0.01;none;1.00E-05;16;0.9;0.999;1.00E-06;0.021716982;0.132748318;506;1.2
relu;(100, 100, 100, 50);0.1;0.01;l1;1.00E-05;32;0.9;0.9;1.00E-08;0.021717124;0.132742656;506;1.56
relu;(100, 50, 25);0.1;0.001;l1;0.0001;64;0.8;0.9;1.00E-06;0.021717602;0.132723567;504;1.18
relu;(100, 50, 25);0;0.03;l2;1.00E-05;32;0.8;0.9;1.00E-06;0.02171774;0.132718048;506;0.3
relu;(100, 100, 100, 50);0;0.03;l1;1.00E-05;64;0.8;0.99;1.00E-06;0.021718854;0.132673545;504;1.39
relu;(50, 50, 50);0;0.01;none;0.0001;64;0.8;0.9;1.00E-08;0.021720706;0.132599582;504;0.47
relu;(100, 50, 25);0;0.01;l1;1.00E-05;16;0.9;0.999;1.00E-08;0.021721082;0.132584576;506;0.84
relu;(100, 100, 100, 50);0;0.01;l2;0.0001;32;0.8;0.99;1.00E-08;0.021721087;0.13258438;506;1.3
relu;(100, 50, 25);0;0.03;l1;1.00E-05;16;0.9;0.9;1.00E-06;0.021722206;0.13253971;506;0.42
relu;(100, 50, 25);0;0.001;l2;0.01;32;0.99;0.999;1.00E-08;0.021723023;0.13250709;506;1
relu;(100, 50, 25);0;0.001;l1;0.0001;16;0.8;0.99;1.00E-08;0.021724241;0.132458438;506;0.68
relu;(50, 50, 50);0;0.03;l2;1.00E-05;16;0.9;0.999;1.00E-06;0.021724467;0.132449408;506;0.31
relu;(100, 50, 25);0;0.001;l1;0.0001;64;0.99;0.9;1.00E-08;0.021724884;0.132432769;504;0.77
relu;(100, 50, 25);0;0.001;l2;0.0001;16;0.99;0.99;1.00E-06;0.021725443;0.132410433;506;0.87
relu;(100, 50, 25);0;0.01;l2;1.00E-05;16;0.9;0.9;1.00E-06;0.021725901;0.132392122;506;0.26
relu;(100, 50, 25);0;0.03;none;1.00E-05;32;0.9;0.99;1.00E-06;0.021728604;0.132284212;506;0.31
relu;(50, 50, 50);0;0.01;none;1.00E-05;16;0.9;0.9;1.00E-06;0.021730794;0.132196759;506;0.4
relu;(50, 50, 50);0.1;0.01;l1;0.0001;32;0.9;0.9;1.00E-08;0.021733459;0.132090331;506;0.74
relu;(100, 50, 25);0;0.03;l2;0.0001;16;0.9;0.99;1.00E-08;0.021734284;0.132057381;506;0.31
relu;(100, 50, 25);0;0.03;l1;1.00E-05;16;0.9;0.9;1.00E-08;0.02173433;0.132055544;506;0.4
relu;(100, 100, 100, 50);0;0.001;l2;0.01;16;0.9;0.99;1.00E-08;0.021734505;0.132048542;506;0.95
relu;(100, 50, 25);0.1;0.01;l1;1.00E-05;32;0.9;0.9;1.00E-08;0.021734585;0.132045344;506;0.97
relu;(100, 100, 100, 50);0.1;0.01;l2;1.00E-05;16;0.8;0.999;1.00E-08;0.021735664;0.132002265;506;1.41
relu;(50, 50, 50);0;0.01;none;0.01;32;0.99;0.999;1.00E-08;0.021736643;0.13196315;506;0.32
relu;(100, 100, 100, 50);0.1;0.01;l2;0.0001;32;0.9;0.99;1.00E-06;0.021737511;0.131928505;506;1.63
relu;(100, 50, 25);0;0.01;none;0.01;16;0.99;0.99;1.00E-08;0.021738266;0.131898338;506;0.6
relu;(50, 50, 50);0.1;0.01;l2;0.0001;32;0.9;0.9;1.00E-08;0.021739174;0.131862109;506;0.62
relu;(50, 50, 50);0.1;0.001;l2;1.00E-05;32;0.8;0.9;1.00E-08;0.021739298;0.131857134;506;0.42
relu;(100, 50, 25);0.1;0.001;l1;1.00E-05;64;0.8;0.9;1.00E-06;0.021739464;0.131850502;504;1.22
relu;(100, 50, 25);0.1;0.01;l2;1.00E-05;32;0.9;0.999;1.00E-08;0.021739831;0.131835875;506;0.87
relu;(100, 50, 25);0.1;0.001;l1;1.00E-05;64;0.9;0.99;1.00E-08;0.021739929;0.131831951;504;1.34
relu;(100, 50, 25);0.1;0.001;l2;1.00E-05;16;0.8;0.9;1.00E-08;0.021740057;0.131826819;506;0.82
relu;(50, 50, 50);0;0.01;none;0.0001;16;0.99;0.99;1.00E-06;0.02174073;0.131799942;506;0.29
relu;(50, 50, 50);0;0.03;l2;1.00E-05;16;0.8;0.99;1.00E-08;0.021742435;0.131731855;506;0.35
relu;(100, 100, 100, 50);0;0.01;l1;1.00E-05;32;0.99;0.9;1.00E-06;0.021743918;0.131672648;506;1.32
relu;(100, 50, 25);0.1;0.03;none;1.00E-05;16;0.9;0.9;1.00E-08;0.021744024;0.13166841;506;0.97
relu;(100, 50, 25);0.1;0.001;l2;0.01;16;0.9;0.999;1.00E-06;0.021745273;0.131618531;506;0.83
relu;(50, 50, 50);0.1;0.001;none;0.01;32;0.99;0.999;1.00E-06;0.021747128;0.131544451;506;0.42
relu;(100, 50, 25);0;0.01;none;0.0001;32;0.8;0.9;1.00E-06;0.02174723;0.131540379;506;0.7
relu;(100, 50, 25);0;0.03;l1;0.0001;32;0.99;0.99;1.00E-08;0.021747325;0.131536581;506;0.36
relu;(100, 50, 25);0;0.03;l2;0.0001;32;0.9;0.999;1.00E-08;0.021748109;0.131505287;506;0.37
relu;(100, 50, 25);0.1;0.03;none;1.00E-05;32;0.9;0.9;1.00E-08;0.021748456;0.131491414;506;1.11
relu;(50, 50, 50);0;0.001;l2;1.00E-05;64;0.99;0.99;1.00E-06;0.021748669;0.131482918;504;0.38
relu;(50, 50, 50);0;0.01;l1;0.0001;32;0.9;0.9;1.00E-06;0.021748702;0.131481598;506;0.4
relu;(50, 50, 50);0;0.001;l1;0.0001;64;0.99;0.99;1.00E-06;0.021749338;0.131456198;504;1.51
relu;(100, 50, 25);0;0.01;l2;0.0001;64;0.9;0.9;1.00E-06;0.021751813;0.131357346;504;0.37
relu;(100, 50, 25);0;0.001;l2;0.01;64;0.8;0.9;1.00E-08;0.021754119;0.131265289;504;0.8
relu;(100, 100, 100, 50);0;0.01;l2;0.0001;64;0.99;0.99;1.00E-08;0.021754152;0.131263958;504;1.58
relu;(100, 50, 25);0.1;0.01;none;0.01;16;0.8;0.9;1.00E-06;0.021754359;0.131255693;506;0.68
relu;(50, 50, 50);0;0.01;l1;1.00E-05;64;0.9;0.999;1.00E-08;0.021754423;0.131253143;504;0.49
relu;(50, 50, 50);0;0.01;l1;0.0001;32;0.99;0.999;1.00E-06;0.021754568;0.13124734;506;0.4
relu;(100, 100, 100, 50);0;0.03;l2;1.00E-05;16;0.9;0.99;1.00E-06;0.02175465;0.131244069;506;1.19
relu;(50, 50, 50);0.1;0.03;none;1.00E-05;32;0.8;0.999;1.00E-06;0.021755699;0.131202166;506;0.61
relu;(50, 50, 50);0;0.01;none;1.00E-05;32;0.99;0.999;1.00E-06;0.021756332;0.13117691;506;0.36
relu;(100, 100, 100, 50);0;0.01;l1;1.00E-05;32;0.8;0.999;1.00E-06;0.021756746;0.13116038;506;1.36
relu;(50, 50, 50);0;0.001;l2;0.01;16;0.9;0.999;1.00E-08;0.021757041;0.131148573;506;0.35
relu;(50, 50, 50);0;0.03;none;1.00E-05;64;0.9;0.99;1.00E-06;0.021759669;0.131043659;504;0.38
relu;(50, 50, 50);0;0.01;l2;1.00E-05;16;0.99;0.9;1.00E-06;0.021760313;0.131017911;506;0.4
relu;(50, 50, 50);0.1;0.001;l1;0.0001;32;0.99;0.9;1.00E-08;0.021760597;0.131006597;506;0.47
relu;(100, 100, 100, 50);0;0.03;none;1.00E-05;16;0.8;0.9;1.00E-08;0.021761298;0.130978583;506;0.89
relu;(50, 50, 50);0;0.03;none;0.01;64;0.8;0.999;1.00E-08;0.021762106;0.130946318;504;0.38
relu;(100, 100, 100, 50);0;0.03;l1;1.00E-05;32;0.8;0.999;1.00E-06;0.021762123;0.13094565;506;1.39
relu;(100, 100, 100, 50);0.1;0.001;l2;1.00E-05;64;0.9;0.9;1.00E-08;0.02176214;0.130944964;504;1.7
relu;(50, 50, 50);0;0.03;none;0.0001;64;0.9;0.999;1.00E-06;0.021762277;0.130939488;504;0.4
relu;(50, 50, 50);0;0.001;l2;0.01;64;0.8;0.99;1.00E-08;0.021762471;0.130931731;504;0.61
relu;(100, 50, 25);0.1;0.01;l2;1.00E-05;32;0.99;0.99;1.00E-08;0.021762678;0.130923489;506;0.83
relu;(100, 50, 25);0;0.03;none;1.00E-05;16;0.9;0.99;1.00E-08;0.021762837;0.130917135;506;0.28
relu;(100, 50, 25);0;0.01;l1;0.0001;64;0.9;0.9;1.00E-06;0.021763013;0.130910108;504;0.61
relu;(100, 100, 100, 50);0;0.03;l1;1.00E-05;32;0.99;0.99;1.00E-08;0.021763068;0.13090791;506;1.08
relu;(100, 50, 25);0.1;0.03;l1;1.00E-05;32;0.9;0.9;1.00E-06;0.021764501;0.130850668;506;0.88
relu;(50, 50, 50);0;0.01;l2;0.0001;32;0.8;0.9;1.00E-06;0.021764654;0.130844569;506;0.36
relu;(100, 50, 25);0.1;0.01;l2;0.0001;64;0.8;0.999;1.00E-08;0.021764843;0.130837032;504;0.94
relu;(100, 50, 25);0;0.03;none;0.01;64;0.8;0.999;1.00E-08;0.021765094;0.130827015;504;0.36
relu;(50, 50, 50);0;0.01;l1;1.00E-05;32;0.8;0.9;1.00E-08;0.021766593;0.130767153;506;0.43
relu;(100, 50, 25);0.1;0.001;l2;0.0001;16;0.9;0.999;1.00E-06;0.021766678;0.130763759;506;0.85
relu;(100, 100, 100, 50);0;0.01;none;0.01;32;0.9;0.99;1.00E-08;0.021768143;0.130705239;506;0.98
relu;(100, 100, 100, 50);0;0.01;none;0.01;32;0.9;0.999;1.00E-06;0.021768277;0.130699897;506;1.02
relu;(50, 50, 50);0;0.03;l2;0.0001;32;0.8;0.999;1.00E-06;0.021768703;0.130682886;506;1.06
relu;(100, 100, 100, 50);0.1;0.03;none;0.0001;64;0.8;0.999;1.00E-08;0.021769557;0.130648761;504;1.76
relu;(50, 50, 50);0.1;0.03;l2;1.00E-05;32;0.8;0.9;1.00E-08;0.021771197;0.130583268;506;0.82
relu;(100, 100, 100, 50);0;0.01;l2;1.00E-05;64;0.99;0.999;1.00E-08;0.021771634;0.130565809;504;1.57
relu;(100, 100, 100, 50);0;0.01;l1;1.00E-05;16;0.99;0.999;1.00E-06;0.021771732;0.130561924;506;1.25
relu;(100, 50, 25);0;0.03;l2;1.00E-05;16;0.99;0.99;1.00E-08;0.02177269;0.130523675;506;0.35
relu;(50, 50, 50);0.1;0.03;none;0.01;64;0.9;0.9;1.00E-08;0.021773737;0.130481849;504;0.62
relu;(100, 50, 25);0.1;0.001;l1;0.0001;64;0.8;0.99;1.00E-06;0.021776075;0.130388492;504;1.35
relu;(100, 50, 25);0.1;0.03;none;1.00E-05;16;0.8;0.99;1.00E-06;0.021776122;0.130386616;506;0.9
relu;(100, 100, 100, 50);0.1;0.001;none;0.01;16;0.9;0.9;1.00E-08;0.021779342;0.130258034;506;1.34
relu;(50, 50, 50);0;0.03;l1;1.00E-05;16;0.9;0.999;1.00E-08;0.021779575;0.130248719;506;0.42
relu;(100, 50, 25);0;0.03;none;0.01;16;0.8;0.999;1.00E-06;0.021779665;0.130245102;506;0.27
relu;(100, 50, 25);0;0.03;l1;0.0001;32;0.99;0.999;1.00E-06;0.021780916;0.130195161;506;0.37
relu;(100, 100, 100, 50);0;0.01;l1;0.0001;64;0.99;0.999;1.00E-06;0.021782308;0.130139559;504;1.52
relu;(100, 50, 25);0.1;0.001;l2;1.00E-05;32;0.8;0.99;1.00E-06;0.021782522;0.130131009;506;0.81
relu;(100, 100, 100, 50);0;0.03;l2;0.0001;32;0.8;0.9;1.00E-06;0.021783412;0.130095495;506;1.07
relu;(50, 50, 50);0.1;0.03;l2;1.00E-05;16;0.8;0.999;1.00E-06;0.02178449;0.130052451;506;0.76
relu;(100, 100, 100, 50);0;0.03;l2;0.0001;64;0.8;0.99;1.00E-08;0.021784987;0.130032588;504;1.31
relu;(100, 100, 100, 50);0;0.01;l2;1.00E-05;16;0.9;0.999;1.00E-08;0.021786593;0.129968439;506;0.94
relu;(100, 100, 100, 50);0;0.01;l1;1.00E-05;16;0.99;0.9;1.00E-08;0.021787922;0.129915367;506;1.18
relu;(100, 50, 25);0;0.01;l1;0.0001;32;0.99;0.99;1.00E-06;0.021790609;0.12980807;506;0.41
relu;(100, 50, 25);0;0.001;l1;0.0001;64;0.99;0.9;1.00E-06;0.0217909;0.12979646;504;0.89
relu;(50, 50, 50);0.1;0.001;l1;0.0001;16;0.9;0.9;1.00E-06;0.021791639;0.129766936;506;0.39
relu;(100, 100, 100, 50);0;0.01;none;0.0001;64;0.9;0.9;1.00E-06;0.021791823;0.129759614;504;1.34
relu;(100, 100, 100, 50);0.1;0.001;none;0.01;64;0.8;0.99;1.00E-06;0.021794212;0.129664198;504;1.89
relu;(50, 50, 50);0.1;0.01;l1;1.00E-05;64;0.8;0.9;1.00E-06;0.021794398;0.129656763;504;0.97
relu;(100, 50, 25);0;0.001;none;0.01;64;0.9;0.9;1.00E-06;0.021796419;0.129576069;504;0.84
relu;(100, 100, 100, 50);0;0.001;l1;1.00E-05;32;0.99;0.999;1.00E-06;0.021798525;0.129491968;506;1.35
relu;(50, 50, 50);0.3;0.01;l2;1.00E-05;64;0.8;0.9;1.00E-06;0.021798843;0.129479253;504;0.7
relu;(100, 50, 25);0;0.03;none;0.01;32;0.9;0.99;1.00E-08;0.021800178;0.129425948;506;0.28
relu;(100, 50, 25);0.3;0.01;l1;1.00E-05;16;0.9;0.9;1.00E-08;0.021801558;0.12937085;506;0.56
relu;(50, 50, 50);0;0.001;l2;0.0001;16;0.99;0.999;1.00E-08;0.021803385;0.129297882;506;0.34
relu;(100, 100, 100, 50);0;0.01;l2;1.00E-05;16;0.8;0.99;1.00E-08;0.021804947;0.129235515;506;0.96
relu;(100, 50, 25);0.3;0.001;l2;1.00E-05;64;0.9;0.99;1.00E-08;0.021806627;0.129168398;504;0.65
relu;(100, 50, 25);0;0.03;l2;0.0001;64;0.99;0.999;1.00E-08;0.021808491;0.129093963;504;0.44
relu;(50, 50, 50);0;0.001;none;1.00E-05;64;0.99;0.999;1.00E-06;0.021808629;0.129088472;504;0.31
relu;(100, 50, 25);0;0.03;l2;1.00E-05;64;0.9;0.9;1.00E-08;0.021808848;0.1290797;504;0.4
relu;(50, 50, 50);0;0.01;l1;0.0001;64;0.8;0.99;1.00E-08;0.021809152;0.129067555;504;0.43
relu;(100, 50, 25);0;0.01;none;1.00E-05;16;0.99;0.99;1.00E-06;0.021809478;0.129054559;506;0.63
relu;(100, 100, 100, 50);0.1;0.01;none;0.01;64;0.9;0.99;1.00E-06;0.021810515;0.12901313;504;1.7
relu;(50, 50, 50);0;0.001;l2;0.01;32;0.9;0.99;1.00E-06;0.021810999;0.128993823;506;0.42
relu;(100, 100, 100, 50);0.1;0.01;l2;0.0001;64;0.8;0.99;1.00E-06;0.021812999;0.128913928;504;1.75
relu;(100, 50, 25);0;0.01;l2;1.00E-05;64;0.99;0.999;1.00E-08;0.021813275;0.128902936;504;0.38
relu;(100, 50, 25);0.1;0.001;l2;0.01;32;0.8;0.99;1.00E-08;0.021815066;0.128831404;506;0.89
relu;(50, 50, 50);0.1;0.001;l1;1.00E-05;16;0.99;0.9;1.00E-06;0.021815557;0.128811807;506;0.43
relu;(100, 100, 100, 50);0.1;0.001;l1;1.00E-05;16;0.8;0.999;1.00E-06;0.021815567;0.128811399;506;1.87
relu;(100, 100, 100, 50);0;0.03;none;1.00E-05;32;0.8;0.9;1.00E-08;0.021816165;0.128787527;506;0.96
relu;(50, 50, 50);0;0.03;l2;1.00E-05;16;0.8;0.999;1.00E-06;0.02181902;0.128673485;506;0.35
relu;(100, 100, 100, 50);0.1;0.001;l1;0.0001;16;0.9;0.9;1.00E-06;0.021820164;0.128627803;506;1.48
relu;(50, 50, 50);0.1;0.01;none;1.00E-05;64;0.99;0.99;1.00E-06;0.0218221;0.128550511;504;1.61
relu;(50, 50, 50);0;0.001;l2;0.01;64;0.8;0.999;1.00E-06;0.021824112;0.128470166;504;0.39
relu;(100, 100, 100, 50);0.1;0.03;none;1.00E-05;32;0.8;0.99;1.00E-08;0.021824294;0.128462902;506;1.47
relu;(100, 100, 100, 50);0.1;0.01;none;0.0001;16;0.9;0.99;1.00E-06;0.021824378;0.128459522;506;1.47
relu;(100, 100, 100, 50);0;0.01;l1;0.0001;16;0.99;0.99;1.00E-08;0.021824936;0.128437237;506;1.36
relu;(100, 50, 25);0;0.001;none;1.00E-05;16;0.8;0.999;1.00E-06;0.021825355;0.128420516;506;1.29
relu;(50, 50, 50);0;0.03;none;1.00E-05;16;0.8;0.999;1.00E-08;0.021826268;0.128384072;506;0.32
relu;(100, 100, 100, 50);0.1;0.03;l2;1.00E-05;32;0.9;0.999;1.00E-06;0.021826516;0.128374171;506;0.68
relu;(100, 100, 100, 50);0;0.01;none;1.00E-05;64;0.8;0.9;1.00E-06;0.021826983;0.128355525;504;1.59
relu;(50, 50, 50);0.1;0.01;none;0.0001;16;0.9;0.999;1.00E-08;0.021827337;0.128341387;506;0.7
relu;(50, 50, 50);0.1;0.01;l1;1.00E-05;16;0.8;0.99;1.00E-08;0.021827499;0.128334916;506;0.68
relu;(50, 50, 50);0;0.01;none;0.0001;64;0.99;0.99;1.00E-06;0.021829292;0.128263312;504;0.43
relu;(100, 50, 25);0;0.001;l1;1.00E-05;32;0.99;0.999;1.00E-06;0.0218307;0.12820707;506;0.67
relu;(50, 50, 50);0;0.01;l2;0.01;64;0.8;0.9;1.00E-08;0.021833101;0.128111196;504;0.49
relu;(100, 100, 100, 50);0;0.03;none;0.0001;64;0.8;0.9;1.00E-08;0.021833267;0.128104547;504;1.46
relu;(100, 50, 25);0;0.03;none;0.0001;64;0.8;0.99;1.00E-06;0.021833601;0.128091239;504;0.37
relu;(100, 50, 25);0;0.01;l1;1.00E-05;32;0.8;0.9;1.00E-06;0.02183381;0.128082864;506;0.91
relu;(50, 50, 50);0;0.001;l2;0.01;64;0.9;0.99;1.00E-08;0.021834529;0.128054171;504;0.42
relu;(50, 50, 50);0.1;0.03;l1;1.00E-05;16;0.8;0.99;1.00E-08;0.021835131;0.128030129;506;0.56
relu;(100, 50, 25);0;0.01;l2;0.0001;16;0.99;0.99;1.00E-06;0.021835443;0.128017679;506;0.27
relu;(100, 50, 25);0.1;0.01;none;0.0001;64;0.8;0.9;1.00E-08;0.021835917;0.127998738;504;1.05
relu;(100, 50, 25);0.1;0.01;l2;0.0001;64;0.9;0.9;1.00E-08;0.02183724;0.127945912;504;0.98
relu;(100, 50, 25);0.1;0.01;l1;0.0001;32;0.9;0.999;1.00E-08;0.02183824;0.127905965;506;1.1
relu;(100, 50, 25);0;0.01;none;1.00E-05;32;0.99;0.99;1.00E-06;0.021841497;0.127775899;506;0.61
relu;(100, 50, 25);0.1;0.01;none;1.00E-05;32;0.9;0.99;1.00E-08;0.021841745;0.127765996;506;1.05
relu;(100, 50, 25);0;0.03;none;0.01;64;0.9;0.99;1.00E-08;0.021842568;0.127733132;504;0.36
relu;(100, 100, 100, 50);0.1;0.01;none;0.0001;32;0.99;0.99;1.00E-06;0.021842889;0.127720296;506;1.7
relu;(50, 50, 50);0;0.03;l1;0.0001;32;0.99;0.99;1.00E-06;0.021842965;0.127717262;506;0.43
relu;(50, 50, 50);0;0.03;none;0.0001;16;0.99;0.99;1.00E-08;0.02184619;0.127588486;506;0.32
relu;(100, 50, 25);0;0.001;none;1.00E-05;16;0.99;0.9;1.00E-06;0.021846305;0.127583898;506;1.35
relu;(100, 100, 100, 50);0.1;0.01;l2;1.00E-05;64;0.8;0.99;1.00E-06;0.021847164;0.127549606;504;1.74
relu;(100, 100, 100, 50);0;0.03;l2;0.0001;64;0.8;0.9;1.00E-08;0.021847358;0.127541857;504;1.26
relu;(50, 50, 50);0.3;0.01;l1;1.00E-05;32;0.9;0.9;1.00E-08;0.021847535;0.12753476;506;0.68
relu;(50, 50, 50);0.1;0.01;none;1.00E-05;16;0.9;0.9;1.00E-08;0.021848808;0.127483946;506;0.38
relu;(100, 50, 25);0;0.01;none;0.0001;16;0.8;0.999;1.00E-06;0.021849254;0.127466127;506;0.66
relu;(100, 100, 100, 50);0.1;0.03;l1;1.00E-05;16;0.8;0.99;1.00E-06;0.021849267;0.127465621;506;1.5
relu;(50, 50, 50);0.1;0.03;none;1.00E-05;64;0.8;0.99;1.00E-08;0.021852251;0.127346467;504;0.86
relu;(50, 50, 50);0.1;0.01;none;1.00E-05;32;0.99;0.999;1.00E-08;0.021854691;0.127249017;506;0.44
relu;(100, 100, 100, 50);0;0.03;l1;0.0001;32;0.9;0.9;1.00E-06;0.021855104;0.127232513;506;1.32
relu;(100, 100, 100, 50);0;0.03;l1;1.00E-05;64;0.8;0.9;1.00E-08;0.021856481;0.12717751;504;1.4
relu;(50, 50, 50);0.3;0.01;l2;0.0001;32;0.8;0.9;1.00E-08;0.021857469;0.127138071;506;0.74
relu;(50, 50, 50);0;0.03;l1;0.0001;64;0.8;0.9;1.00E-08;0.02185921;0.127068526;504;0.45
relu;(100, 50, 25);0;0.001;l2;0.01;16;0.8;0.99;1.00E-08;0.02185946;0.127058565;506;0.73
relu;(100, 50, 25);0;0.01;none;0.01;32;0.8;0.999;1.00E-06;0.021859583;0.127053629;506;0.7
relu;(100, 100, 100, 50);0;0.001;none;0.0001;16;0.9;0.99;1.00E-06;0.02186027;0.127026196;506;0.93
relu;(100, 50, 25);0;0.03;none;1.00E-05;64;0.8;0.99;1.00E-06;0.021860652;0.127010977;504;0.36
relu;(50, 50, 50);0.1;0.001;l2;0.0001;32;0.8;0.9;1.00E-08;0.021860945;0.126999275;506;0.42
relu;(100, 50, 25);0.1;0.001;l1;0.0001;64;0.99;0.999;1.00E-06;0.021862037;0.126955636;504;1.29
relu;(50, 50, 50);0;0.01;l2;0.01;32;0.8;0.99;1.00E-08;0.021862434;0.126939799;506;0.32
relu;(100, 100, 100, 50);0.3;0.01;l2;0.0001;16;0.9;0.9;1.00E-06;0.02186636;0.126783012;506;0.69
relu;(100, 50, 25);0;0.03;l2;0.0001;64;0.8;0.999;1.00E-08;0.021866864;0.126762871;504;0.37
relu;(100, 100, 100, 50);0;0.03;l2;0.0001;64;0.9;0.99;1.00E-08;0.02186699;0.12675784;504;1.46
relu;(50, 50, 50);0;0.03;l1;1.00E-05;32;0.8;0.9;1.00E-06;0.021867046;0.126755603;506;0.42
relu;(100, 50, 25);0.1;0.03;none;1.00E-05;64;0.9;0.999;1.00E-06;0.02186945;0.126659616;504;1.16
relu;(100, 100, 100, 50);0;0.03;l1;0.0001;16;0.8;0.99;1.00E-08;0.021870044;0.126635881;506;1.02
relu;(100, 50, 25);0;0.03;l2;0.0001;16;0.9;0.999;1.00E-08;0.021870066;0.126635017;506;0.32
relu;(100, 50, 25);0.1;0.001;l2;0.0001;32;0.8;0.9;1.00E-08;0.021870397;0.126621806;506;0.87
relu;(100, 100, 100, 50);0;0.001;l1;0.0001;32;0.99;0.9;1.00E-06;0.021870758;0.126607372;506;1.18
relu;(50, 50, 50);0.1;0.01;none;0.0001;16;0.9;0.999;1.00E-06;0.021872821;0.126525002;506;0.41
relu;(50, 50, 50);0.1;0.001;l1;0.0001;64;0.99;0.99;1.00E-06;0.021872972;0.126518971;504;0.56
relu;(100, 100, 100, 50);0;0.01;l2;1.00E-05;16;0.99;0.9;1.00E-08;0.021873058;0.126515535;506;0.99
relu;(100, 50, 25);0.1;0.03;l1;1.00E-05;64;0.8;0.99;1.00E-08;0.02187516;0.126431598;504;1.02
relu;(100, 100, 100, 50);0.1;0.01;none;0.0001;32;0.99;0.999;1.00E-08;0.021875353;0.126423891;506;1.75
relu;(100, 100, 100, 50);0;0.03;l1;0.0001;16;0.9;0.999;1.00E-08;0.021875491;0.126418364;506;1.08
relu;(100, 50, 25);0;0.001;l2;0.01;16;0.8;0.99;1.00E-06;0.021875765;0.126407438;506;0.79
relu;(100, 50, 25);0.1;0.001;l2;1.00E-05;32;0.9;0.99;1.00E-06;0.021876458;0.126379746;506;0.73
relu;(100, 100, 100, 50);0;0.01;l1;1.00E-05;64;0.9;0.9;1.00E-06;0.021877032;0.12635684;504;1.69
relu;(100, 50, 25);0;0.01;none;0.01;32;0.99;0.999;1.00E-08;0.021877178;0.126351012;506;0.7
relu;(100, 100, 100, 50);0;0.03;l1;1.00E-05;32;0.8;0.9;1.00E-06;0.021877661;0.126331714;506;1.33
relu;(50, 50, 50);0;0.03;none;0.0001;16;0.8;0.9;1.00E-06;0.021877669;0.126331404;506;0.31
relu;(100, 100, 100, 50);0.1;0.001;l2;1.00E-05;64;0.99;0.99;1.00E-08;0.021879216;0.126269619;504;1.7
relu;(100, 50, 25);0;0.01;l2;1.00E-05;16;0.8;0.99;1.00E-08;0.021879694;0.126250548;506;0.29
relu;(50, 50, 50);0;0.01;l2;0.0001;16;0.8;0.999;1.00E-06;0.021879762;0.126247799;506;0.35
relu;(100, 100, 100, 50);0;0.01;none;0.0001;32;0.8;0.99;1.00E-08;0.021879843;0.126244567;506;1.3
relu;(100, 100, 100, 50);0.1;0.001;l1;0.0001;32;0.8;0.999;1.00E-06;0.021880107;0.126234024;506;1.5
relu;(100, 50, 25);0;0.01;none;0.0001;16;0.99;0.999;1.00E-06;0.021881022;0.126197499;506;0.53
relu;(100, 50, 25);0;0.03;l2;1.00E-05;16;0.9;0.9;1.00E-06;0.021881711;0.126169971;506;0.35
relu;(100, 100, 100, 50);0;0.001;l2;0.01;64;0.9;0.9;1.00E-06;0.02188185;0.126164416;504;1.41
relu;(50, 50, 50);0.1;0.03;l2;0.0001;16;0.9;0.99;1.00E-06;0.021881856;0.126164188;506;0.6
relu;(100, 100, 100, 50);0;0.03;l1;1.00E-05;16;0.9;0.9;1.00E-06;0.021884237;0.126069101;506;1.24
relu;(100, 100, 100, 50);0.1;0.01;l2;0.0001;16;0.9;0.9;1.00E-06;0.021884515;0.126057996;506;1.38
relu;(100, 100, 100, 50);0;0.01;none;0.0001;16;0.99;0.999;1.00E-06;0.021885483;0.126019346;506;1.2
relu;(50, 50, 50);0;0.001;l2;0.01;64;0.8;0.999;1.00E-08;0.02188567;0.126011885;504;0.42
relu;(50, 50, 50);0.1;0.03;none;1.00E-05;64;0.9;0.999;1.00E-06;0.021885824;0.126005745;504;0.75
relu;(100, 50, 25);0;0.001;l2;1.00E-05;64;0.99;0.9;1.00E-08;0.021885992;0.125999027;504;0.92
relu;(50, 50, 50);0;0.03;l2;1.00E-05;64;0.8;0.9;1.00E-08;0.02188634;0.125985136;504;1.2
relu;(50, 50, 50);0;0.01;l1;0.0001;32;0.9;0.999;1.00E-06;0.021886664;0.125972209;506;0.41
relu;(100, 100, 100, 50);0;0.03;l1;0.0001;32;0.8;0.99;1.00E-06;0.021888017;0.125918163;506;1.31
relu;(50, 50, 50);0;0.03;l1;0.0001;16;0.99;0.999;1.00E-06;0.021888139;0.125913301;506;0.37
relu;(50, 50, 50);0;0.01;none;0.0001;32;0.8;0.999;1.00E-06;0.021888224;0.12590991;506;0.36
relu;(100, 50, 25);0.1;0.03;l1;1.00E-05;16;0.8;0.9;1.00E-06;0.021888562;0.125896377;506;0.83
relu;(100, 100, 100, 50);0;0.001;l2;0.01;64;0.8;0.9;1.00E-06;0.02188981;0.125846566;504;1.4
relu;(100, 100, 100, 50);0;0.01;none;1.00E-05;32;0.99;0.999;1.00E-08;0.021890624;0.125814043;506;1.28
relu;(50, 50, 50);0.1;0.01;none;0.01;64;0.8;0.9;1.00E-08;0.02189227;0.12574831;504;0.71
relu;(100, 50, 25);0;0.03;none;0.01;16;0.99;0.999;1.00E-06;0.021892952;0.125721067;506;0.3
relu;(100, 100, 100, 50);0.1;0.01;l2;0.0001;16;0.9;0.999;1.00E-08;0.021893152;0.125713102;506;1.33
relu;(50, 50, 50);0.3;0.001;l1;0.0001;32;0.8;0.9;1.00E-08;0.02189325;0.125709165;506;0.7
relu;(50, 50, 50);0.1;0.001;l1;0.0001;16;0.99;0.999;1.00E-06;0.021894162;0.125672779;506;0.42
relu;(100, 50, 25);0;0.001;l2;0.01;32;0.8;0.999;1.00E-06;0.021895009;0.125638934;506;0.67
relu;(100, 50, 25);0;0.03;l1;1.00E-05;64;0.8;0.9;1.00E-08;0.021895833;0.125606012;504;0.56
relu;(100, 50, 25);0.1;0.03;none;0.01;64;0.9;0.9;1.00E-08;0.021896486;0.125579965;504;1.01
relu;(50, 50, 50);0.1;0.03;l2;0.0001;64;0.8;0.9;1.00E-08;0.02189669;0.125571814;504;0.67
relu;(50, 50, 50);0.1;0.001;none;0.0001;16;0.9;0.9;1.00E-08;0.021896701;0.125571368;506;0.38
relu;(50, 50, 50);0.1;0.03;none;1.00E-05;32;0.8;0.99;1.00E-06;0.021897501;0.125539415;506;0.73
relu;(100, 100, 100, 50);0;0.01;l2;0.0001;32;0.8;0.9;1.00E-08;0.021897699;0.125531526;506;1.32
relu;(100, 100, 100, 50);0;0.01;none;0.0001;16;0.99;0.9;1.00E-06;0.021898754;0.125489386;506;1.12
relu;(100, 100, 100, 50);0;0.03;none;1.00E-05;32;0.99;0.99;1.00E-08;0.02189931;0.125467163;506;1.02
relu;(50, 50, 50);0;0.01;l2;1.00E-05;16;0.99;0.99;1.00E-08;0.021899477;0.12546052;506;0.34
relu;(50, 50, 50);0;0.01;none;1.00E-05;64;0.8;0.999;1.00E-08;0.02190069;0.125412087;504;0.4
relu;(50, 50, 50);0;0.03;l2;1.00E-05;32;0.9;0.9;1.00E-06;0.021901471;0.125380898;506;0.45
relu;(50, 50, 50);0.1;0.001;l2;1.00E-05;16;0.99;0.99;1.00E-08;0.021901596;0.125375898;506;0.42
relu;(100, 50, 25);0;0.03;l2;1.00E-05;16;0.99;0.999;1.00E-06;0.021901863;0.12536522;506;0.27
relu;(100, 100, 100, 50);0;0.01;none;0.01;32;0.9;0.9;1.00E-06;0.02190213;0.125354558;506;1.04
relu;(100, 100, 100, 50);0.1;0.01;none;0.0001;16;0.8;0.999;1.00E-06;0.021902289;0.12534822;506;1.42
relu;(100, 100, 100, 50);0;0.03;none;1.00E-05;64;0.9;0.9;1.00E-08;0.021904076;0.125276853;504;1.3
relu;(50, 50, 50);0.1;0.01;l2;0.0001;16;0.9;0.9;1.00E-06;0.021904426;0.125262872;506;0.47
relu;(100, 100, 100, 50);0.1;0.001;none;0.01;16;0.8;0.999;1.00E-06;0.021904428;0.125262782;506;1.39
relu;(100, 50, 25);0.1;0.03;l1;1.00E-05;16;0.9;0.99;1.00E-06;0.021905114;0.125235386;506;0.9
relu;(100, 50, 25);0.1;0.03;l1;1.00E-05;32;0.8;0.999;1.00E-06;0.021906377;0.12518498;506;0.98
relu;(50, 50, 50);0.1;0.01;l1;0.0001;64;0.9;0.99;1.00E-06;0.02190736;0.125145694;504;0.83
relu;(100, 100, 100, 50);0;0.03;none;1.00E-05;32;0.9;0.99;1.00E-08;0.021908845;0.125086401;506;1.05
relu;(100, 100, 100, 50);0.1;0.001;none;1.00E-05;16;0.99;0.99;1.00E-06;0.021912669;0.124933717;506;1.51
relu;(50, 50, 50);0.1;0.03;l2;0.0001;32;0.8;0.9;1.00E-08;0.021913356;0.124906249;506;0.72
relu;(100, 50, 25);0.1;0.03;l1;1.00E-05;32;0.8;0.9;1.00E-08;0.021913817;0.124887854;506;1.06
relu;(100, 50, 25);0;0.01;none;0.0001;32;0.99;0.9;1.00E-08;0.021914724;0.124851649;506;0.67
relu;(100, 100, 100, 50);0.1;0.01;l2;1.00E-05;32;0.9;0.9;1.00E-06;0.0219148;0.124848616;506;1.47
relu;(50, 50, 50);0.3;0.01;l2;1.00E-05;32;0.9;0.9;1.00E-08;0.02191609;0.12479709;506;0.68
relu;(100, 50, 25);0.1;0.01;l2;1.00E-05;16;0.9;0.9;1.00E-06;0.021916441;0.124783079;506;0.66
relu;(50, 50, 50);0.1;0.03;l2;1.00E-05;64;0.9;0.99;1.00E-08;0.02191668;0.124773518;504;0.74
relu;(50, 50, 50);0.1;0.01;none;0.0001;64;0.9;0.9;1.00E-06;0.021917044;0.124758983;504;1.09
relu;(100, 100, 100, 50);0;0.01;none;0.0001;16;0.8;0.999;1.00E-08;0.021918276;0.124709774;506;1.21
relu;(100, 50, 25);0.1;0.001;l2;0.0001;64;0.9;0.9;1.00E-06;0.021919481;0.124661654;504;1.08
relu;(100, 50, 25);0;0.01;l1;1.00E-05;64;0.8;0.99;1.00E-06;0.021920546;0.124619129;504;0.81
relu;(100, 50, 25);0;0.001;l2;0.0001;16;0.99;0.9;1.00E-08;0.021920676;0.124613928;506;0.78
relu;(100, 50, 25);0.1;0.01;none;1.00E-05;64;0.99;0.99;1.00E-06;0.021921624;0.124576098;504;1.13
relu;(100, 50, 25);0.1;0.001;l2;0.0001;16;0.9;0.9;1.00E-08;0.021923259;0.124510778;506;0.71
relu;(50, 50, 50);0.1;0.01;l1;1.00E-05;16;0.9;0.9;1.00E-06;0.02192362;0.124496362;506;0.68
relu;(100, 100, 100, 50);0.1;0.03;none;0.01;16;0.9;0.99;1.00E-08;0.021924962;0.124442804;506;1.37
relu;(50, 50, 50);0.1;0.03;l1;1.00E-05;32;0.9;0.99;1.00E-08;0.02192638;0.124386153;506;0.57
relu;(50, 50, 50);0.1;0.01;l2;0.0001;16;0.8;0.999;1.00E-06;0.021926584;0.124377994;506;0.69
relu;(100, 50, 25);0;0.01;l1;0.0001;32;0.9;0.999;1.00E-06;0.021927093;0.124357702;506;0.34
relu;(100, 100, 100, 50);0;0.001;l2;0.01;32;0.9;0.999;1.00E-08;0.021929124;0.124276582;506;1.2
relu;(100, 50, 25);0.1;0.001;l1;1.00E-05;32;0.9;0.999;1.00E-08;0.021929614;0.124257026;506;0.92
relu;(100, 50, 25);0.1;0.03;none;0.0001;32;0.8;0.99;1.00E-06;0.021929998;0.124241696;506;0.91
relu;(100, 50, 25);0;0.001;l2;0.01;16;0.9;0.99;1.00E-08;0.021930184;0.124234259;506;0.6
relu;(50, 50, 50);0.1;0.01;l2;1.00E-05;32;0.9;0.99;1.00E-08;0.021930458;0.124223301;506;0.61
relu;(100, 100, 100, 50);0.1;0.001;l1;1.00E-05;32;0.8;0.999;1.00E-06;0.02193248;0.124142545;506;1.9
relu;(50, 50, 50);0.1;0.01;l1;0.0001;64;0.99;0.99;1.00E-06;0.021933175;0.124114797;504;0.81
relu;(100, 100, 100, 50);0.1;0.01;l1;1.00E-05;16;0.99;0.99;1.00E-08;0.021933854;0.124087711;506;1.36
relu;(100, 50, 25);0.1;0.001;l2;0.01;64;0.8;0.9;1.00E-08;0.021934964;0.124043346;504;1.17
relu;(100, 50, 25);0;0.001;l2;0.01;32;0.9;0.9;1.00E-08;0.021935207;0.124033672;506;0.61
relu;(100, 50, 25);0.1;0.01;l1;0.0001;16;0.8;0.999;1.00E-08;0.021937067;0.123959396;506;0.96
relu;(100, 100, 100, 50);0;0.03;l2;1.00E-05;32;0.99;0.99;1.00E-08;0.021937432;0.123944818;506;1.24
relu;(100, 50, 25);0;0.001;l2;0.01;16;0.8;0.9;1.00E-08;0.021938517;0.123901492;506;0.74
relu;(100, 50, 25);0;0.001;none;0.0001;16;0.9;0.99;1.00E-08;0.021939585;0.123858833;506;1.32
relu;(100, 50, 25);0;0.03;l1;0.0001;64;0.8;0.999;1.00E-08;0.021939707;0.123853943;504;0.48
relu;(100, 50, 25);0.1;0.01;none;0.01;32;0.8;0.99;1.00E-06;0.021940267;0.123831594;506;0.73
relu;(50, 50, 50);0;0.001;l1;0.0001;16;0.99;0.999;1.00E-06;0.021940334;0.123828908;506;0.94
relu;(100, 50, 25);0.1;0.03;none;1.00E-05;64;0.8;0.99;1.00E-08;0.021940405;0.123826087;504;1.2
relu;(100, 100, 100, 50);0.1;0.03;l1;1.00E-05;16;0.8;0.9;1.00E-08;0.021941341;0.123788715;506;1.52
relu;(50, 50, 50);0.1;0.03;l1;1.00E-05;16;0.9;0.9;1.00E-06;0.021942125;0.123757376;506;0.76
relu;(50, 50, 50);0;0.01;none;0.01;16;0.9;0.999;1.00E-06;0.021943806;0.123690255;506;0.36
relu;(50, 50, 50);0.1;0.01;l2;0.0001;16;0.8;0.999;1.00E-08;0.021945208;0.123634284;506;0.45
relu;(100, 100, 100, 50);0.1;0.001;l2;0.0001;16;0.8;0.99;1.00E-06;0.021945266;0.123631948;506;1.4
relu;(100, 100, 100, 50);0;0.001;l2;0.01;16;0.8;0.999;1.00E-08;0.021945739;0.123613086;506;0.98
relu;(50, 50, 50);0.1;0.03;l2;1.00E-05;64;0.8;0.99;1.00E-06;0.021946171;0.123595827;504;0.72
relu;(100, 50, 25);0.1;0.01;none;0.01;16;0.8;0.999;1.00E-08;0.021947096;0.123558869;506;0.71
relu;(100, 50, 25);0;0.001;l2;1.00E-05;32;0.99;0.9;1.00E-08;0.021947475;0.123543766;506;0.86
relu;(100, 50, 25);0;0.03;none;0.0001;64;0.9;0.99;1.00E-06;0.021947511;0.123542294;504;0.4
relu;(100, 50, 25);0.1;0.001;l2;0.01;16;0.8;0.999;1.00E-08;0.021948307;0.123510538;506;0.79
relu;(50, 50, 50);0.1;0.03;none;0.0001;64;0.8;0.99;1.00E-08;0.021951705;0.123374835;504;0.77
relu;(50, 50, 50);0;0.03;l1;0.0001;32;0.9;0.9;1.00E-06;0.021952279;0.1233519;506;0.42
relu;(100, 50, 25);0.1;0.001;l1;0.0001;32;0.99;0.9;1.00E-08;0.02195493;0.123246047;506;1.19
relu;(100, 100, 100, 50);0.1;0.03;l2;0.0001;32;0.8;0.99;1.00E-06;0.021954981;0.123243993;506;0.75
relu;(50, 50, 50);0;0.01;none;0.01;16;0.99;0.99;1.00E-06;0.021955147;0.123237373;506;0.37
relu;(50, 50, 50);0.1;0.001;none;1.00E-05;32;0.9;0.9;1.00E-08;0.021955795;0.123211506;506;0.4
relu;(100, 50, 25);0;0.001;l2;0.01;16;0.9;0.99;1.00E-06;0.021955858;0.123208964;506;0.69
relu;(100, 50, 25);0;0.03;l1;0.0001;64;0.9;0.9;1.00E-06;0.021956574;0.123180392;504;0.41
relu;(100, 50, 25);0.1;0.01;none;0.01;32;0.8;0.999;1.00E-08;0.021958013;0.123122929;506;0.84
relu;(100, 50, 25);0.1;0.001;none;0.0001;64;0.8;0.99;1.00E-06;0.021958784;0.123092143;504;0.45
relu;(100, 50, 25);0;0.03;none;0.0001;16;0.8;0.999;1.00E-06;0.02195976;0.123053141;506;0.27
relu;(100, 50, 25);0;0.01;l1;0.0001;32;0.8;0.999;1.00E-08;0.021961325;0.122990676;506;0.36
relu;(50, 50, 50);0.1;0.03;l1;0.0001;32;0.9;0.999;1.00E-06;0.021961894;0.122967926;506;0.79
relu;(100, 50, 25);0;0.03;none;0.01;64;0.8;0.9;1.00E-06;0.02196197;0.122964895;504;0.38
relu;(50, 50, 50);0.1;0.03;l1;1.00E-05;64;0.8;0.99;1.00E-08;0.021964864;0.122849312;504;0.81
relu;(50, 50, 50);0.1;0.03;l1;1.00E-05;16;0.8;0.99;1.00E-06;0.021965671;0.12281709;506;0.58
relu;(50, 50, 50);0;0.001;l2;0.01;32;0.99;0.999;1.00E-08;0.021966018;0.12280326;506;0.35
relu;(50, 50, 50);0;0.03;l1;1.00E-05;64;0.9;0.99;1.00E-08;0.021971494;0.122584562;504;0.41
relu;(100, 50, 25);0.1;0.001;l1;0.0001;64;0.99;0.9;1.00E-06;0.02197239;0.122548789;504;1.31
relu;(50, 50, 50);0;0.03;l2;0.0001;16;0.9;0.99;1.00E-06;0.021972444;0.122546617;506;1.22
relu;(100, 50, 25);0;0.03;l2;0.0001;32;0.99;0.99;1.00E-06;0.021973345;0.122510633;506;0.97
relu;(100, 50, 25);0.1;0.03;l1;1.00E-05;32;0.8;0.99;1.00E-08;0.021973413;0.122507916;506;1.03
relu;(100, 100, 100, 50);0.1;0.03;none;0.0001;16;0.8;0.9;1.00E-08;0.021974981;0.122445308;506;1.34
relu;(100, 100, 100, 50);0.1;0.01;l2;1.00E-05;32;0.99;0.999;1.00E-08;0.021975771;0.122413759;506;1.47
relu;(50, 50, 50);0.1;0.01;none;0.01;16;0.8;0.9;1.00E-08;0.021975876;0.12240957;506;0.7
relu;(100, 50, 25);0;0.03;none;0.01;16;0.8;0.99;1.00E-06;0.0219761;0.122400628;506;0.26
relu;(100, 100, 100, 50);0;0.03;none;0.01;16;0.8;0.999;1.00E-06;0.021976333;0.122391318;506;1.16
relu;(100, 100, 100, 50);0;0.03;l2;1.00E-05;32;0.99;0.99;1.00E-06;0.021977279;0.122353556;506;1.19
relu;(50, 50, 50);0.1;0.001;l2;0.01;32;0.8;0.99;1.00E-08;0.021977939;0.12232718;506;0.44
relu;(50, 50, 50);0.1;0.01;none;1.00E-05;16;0.99;0.999;1.00E-08;0.021978341;0.122311148;506;0.4
relu;(100, 100, 100, 50);0.1;0.001;l1;0.0001;32;0.8;0.999;1.00E-08;0.021979788;0.122253339;506;1.55
relu;(50, 50, 50);0;0.001;l2;0.01;16;0.8;0.999;1.00E-06;0.021980038;0.122243367;506;0.35
relu;(100, 100, 100, 50);0;0.03;l2;0.0001;32;0.99;0.99;1.00E-08;0.021980207;0.122236634;506;1.08
relu;(100, 100, 100, 50);0.1;0.001;l1;1.00E-05;32;0.9;0.9;1.00E-06;0.021980726;0.122215903;506;1.77
relu;(100, 50, 25);0.1;0.001;l2;1.00E-05;64;0.8;0.999;1.00E-06;0.021981731;0.122175756;504;1.01
relu;(50, 50, 50);0.1;0.01;l2;0.0001;16;0.8;0.99;1.00E-06;0.021982262;0.122154569;506;0.52
relu;(100, 100, 100, 50);0.1;0.001;l1;0.0001;64;0.8;0.9;1.00E-08;0.021982373;0.122150112;504;2.04
relu;(100, 50, 25);0;0.001;l2;1.00E-05;16;0.8;0.99;1.00E-06;0.021982754;0.122134923;506;0.68
relu;(100, 50, 25);0.1;0.001;none;0.0001;32;0.99;0.99;1.00E-08;0.021983435;0.122107697;506;0.38
relu;(100, 100, 100, 50);0;0.01;l2;0.0001;32;0.9;0.9;1.00E-08;0.021984483;0.12206586;506;1.36
relu;(50, 50, 50);0;0.01;l1;1.00E-05;32;0.9;0.99;1.00E-08;0.021984762;0.12205472;506;0.36
relu;(100, 100, 100, 50);0;0.01;none;0.01;64;0.8;0.99;1.00E-06;0.021985036;0.122043796;504;1.31
relu;(100, 100, 100, 50);0.1;0.001;l2;0.0001;16;0.9;0.999;1.00E-06;0.021987845;0.121931603;506;1.4
relu;(100, 100, 100, 50);0;0.03;none;1.00E-05;32;0.8;0.99;1.00E-06;0.021987974;0.121926455;506;0.99
relu;(50, 50, 50);0;0.001;none;0.0001;16;0.9;0.9;1.00E-08;0.021989599;0.121861543;506;0.3
relu;(100, 50, 25);0.1;0.01;none;0.0001;16;0.8;0.999;1.00E-06;0.021990012;0.121845081;506;0.95
relu;(50, 50, 50);0;0.03;l2;0.0001;64;0.9;0.99;1.00E-06;0.021990312;0.121833089;504;1.58
relu;(50, 50, 50);0.1;0.01;none;1.00E-05;16;0.8;0.9;1.00E-08;0.021990458;0.121827263;506;0.39
relu;(50, 50, 50);0;0.01;l2;1.00E-05;32;0.8;0.999;1.00E-08;0.021990849;0.121811629;506;0.35
relu;(100, 100, 100, 50);0;0.01;none;0.01;32;0.9;0.9;1.00E-08;0.021991056;0.121803374;506;1.05
relu;(100, 100, 100, 50);0;0.03;none;0.01;64;0.8;0.99;1.00E-08;0.021992026;0.121764637;504;1.47
relu;(50, 50, 50);0.1;0.01;l1;0.0001;32;0.9;0.99;1.00E-06;0.021993638;0.121700261;506;0.76
relu;(50, 50, 50);0;0.03;l1;0.0001;32;0.99;0.99;1.00E-08;0.02199408;0.121682619;506;0.41
relu;(100, 100, 100, 50);0.1;0.001;none;1.00E-05;32;0.99;0.9;1.00E-06;0.021995208;0.12163755;506;1.7
relu;(100, 50, 25);0;0.01;none;1.00E-05;64;0.8;0.999;1.00E-06;0.021996134;0.121600574;504;0.74
relu;(100, 50, 25);0;0.01;none;1.00E-05;64;0.8;0.99;1.00E-06;0.021996289;0.121594402;504;0.66
relu;(100, 50, 25);0;0.001;l2;0.0001;16;0.9;0.999;1.00E-06;0.021997476;0.121547013;506;0.82
relu;(50, 50, 50);0.1;0.001;l2;0.01;16;0.8;0.99;1.00E-06;0.021997583;0.121542737;506;0.37
relu;(100, 50, 25);0.1;0.03;none;1.00E-05;32;0.9;0.999;1.00E-06;0.021998597;0.121502223;506;1.12
relu;(100, 50, 25);0;0.03;l1;1.00E-05;16;0.9;0.99;1.00E-08;0.022001497;0.121386417;506;0.38
relu;(100, 50, 25);0.1;0.001;l1;0.0001;32;0.9;0.999;1.00E-06;0.02200234;0.121352767;506;1.07
relu;(100, 100, 100, 50);0.1;0.01;l1;1.00E-05;16;0.8;0.999;1.00E-06;0.022003848;0.121292526;506;1.34
relu;(100, 50, 25);0.1;0.001;none;1.00E-05;64;0.8;0.99;1.00E-06;0.02200422;0.121277684;504;0.45
relu;(100, 100, 100, 50);0;0.03;l1;0.0001;32;0.9;0.99;1.00E-06;0.022004727;0.121257428;506;1.39
relu;(50, 50, 50);0;0.01;l2;1.00E-05;16;0.9;0.9;1.00E-08;0.022005217;0.121237881;506;0.31
relu;(100, 100, 100, 50);0;0.03;l2;0.0001;32;0.9;0.99;1.00E-06;0.022005862;0.121212089;506;1.08
relu;(100, 100, 100, 50);0.1;0.01;l2;0.0001;32;0.99;0.99;1.00E-08;0.022005928;0.121209476;506;1.48
relu;(100, 50, 25);0.1;0.001;l1;0.0001;64;0.9;0.999;1.00E-06;0.022006015;0.121205987;504;1.37
relu;(100, 50, 25);0;0.001;l2;0.01;32;0.8;0.999;1.00E-08;0.02200826;0.121116338;506;0.67
relu;(100, 50, 25);0.1;0.03;none;1.00E-05;64;0.9;0.9;1.00E-08;0.022008321;0.121113891;504;1.2
relu;(100, 100, 100, 50);0;0.03;l1;1.00E-05;64;0.8;0.9;1.00E-06;0.022008879;0.12109164;504;1.38
relu;(50, 50, 50);0;0.01;none;1.00E-05;64;0.99;0.99;1.00E-06;0.022010151;0.121040829;504;0.4
relu;(100, 100, 100, 50);0.1;0.01;l2;0.0001;64;0.9;0.99;1.00E-06;0.022010462;0.121028405;504;1.82
relu;(100, 100, 100, 50);0;0.03;none;0.0001;32;0.9;0.999;1.00E-06;0.02201098;0.121007726;506;1.27
relu;(100, 100, 100, 50);0;0.001;l2;0.01;64;0.8;0.99;1.00E-08;0.022012452;0.120948919;504;1.41
relu;(100, 100, 100, 50);0;0.001;l1;0.0001;32;0.99;0.99;1.00E-06;0.02201274;0.120937441;506;1.31
relu;(50, 50, 50);0.1;0.03;none;1.00E-05;32;0.8;0.9;1.00E-06;0.022012868;0.120932317;506;0.74
relu;(100, 100, 100, 50);0;0.03;l2;1.00E-05;64;0.99;0.99;1.00E-08;0.022013136;0.120921603;504;1.42
relu;(100, 50, 25);0.1;0.03;none;0.01;64;0.8;0.99;1.00E-08;0.022013154;0.120920898;504;1.04
relu;(100, 50, 25);0;0.03;l2;0.0001;64;0.8;0.99;1.00E-06;0.022013219;0.120918318;504;0.38
relu;(100, 50, 25);0;0.03;none;0.0001;64;0.8;0.99;1.00E-08;0.022015252;0.120837123;504;0.37
relu;(100, 50, 25);0;0.03;l2;0.0001;64;0.99;0.9;1.00E-08;0.02201743;0.120750155;504;0.46
relu;(100, 100, 100, 50);0;0.03;l2;0.0001;32;0.8;0.99;1.00E-06;0.02201771;0.120738963;506;1.06
relu;(100, 50, 25);0.1;0.01;none;0.01;32;0.9;0.99;1.00E-06;0.022018115;0.120722786;506;0.92
relu;(100, 50, 25);0;0.001;l2;0.01;32;0.99;0.999;1.00E-06;0.022019635;0.120662092;506;0.79
relu;(100, 50, 25);0;0.001;l2;0.0001;32;0.99;0.99;1.00E-08;0.022019859;0.12065316;506;0.85
relu;(100, 50, 25);0.3;0.01;l2;0.0001;32;0.9;0.99;1.00E-08;0.022019965;0.120648899;506;0.92
relu;(100, 50, 25);0;0.01;l2;0.0001;16;0.99;0.999;1.00E-06;0.022020512;0.120627076;506;0.26
relu;(100, 50, 25);0.1;0.01;none;1.00E-05;16;0.9;0.999;1.00E-06;0.022020519;0.120626798;506;0.95
relu;(100, 50, 25);0.1;0.001;l2;0.0001;32;0.9;0.9;1.00E-08;0.022022941;0.120530078;506;0.83
relu;(50, 50, 50);0;0.03;none;0.0001;16;0.9;0.99;1.00E-08;0.022023285;0.120516345;506;0.37
relu;(50, 50, 50);0;0.03;l2;1.00E-05;64;0.8;0.9;1.00E-06;0.02202519;0.120440263;504;1.39
relu;(100, 100, 100, 50);0.1;0.01;l2;1.00E-05;16;0.8;0.99;1.00E-08;0.022028031;0.120326807;506;1.33
relu;(50, 50, 50);0.1;0.01;l2;0.0001;16;0.9;0.99;1.00E-08;0.0220281;0.120324041;506;0.47
relu;(50, 50, 50);0;0.01;l2;0.0001;16;0.9;0.9;1.00E-06;0.022028756;0.120297864;506;0.3
relu;(100, 100, 100, 50);0.1;0.01;none;0.0001;16;0.8;0.99;1.00E-08;0.022029199;0.120280169;506;1.28
relu;(100, 50, 25);0.1;0.03;none;0.01;64;0.8;0.99;1.00E-06;0.022029255;0.120277913;504;1
relu;(100, 50, 25);0;0.03;l1;0.0001;16;0.9;0.99;1.00E-08;0.022029887;0.12025267;506;0.37
relu;(50, 50, 50);0;0.03;none;1.00E-05;64;0.9;0.99;1.00E-08;0.022031168;0.120201523;504;0.38
relu;(50, 50, 50);0.1;0.01;l1;0.0001;16;0.8;0.99;1.00E-08;0.022031877;0.120173225;506;0.63
relu;(50, 50, 50);0;0.01;none;0.01;16;0.8;0.9;1.00E-06;0.022032382;0.12015304;506;0.32
relu;(100, 50, 25);0;0.01;l2;0.0001;32;0.8;0.9;1.00E-06;0.022033544;0.120106649;506;0.3
relu;(100, 50, 25);0.1;0.01;l2;1.00E-05;32;0.9;0.99;1.00E-06;0.022033738;0.12009891;506;0.87
relu;(50, 50, 50);0;0.01;l2;1.00E-05;64;0.99;0.99;1.00E-06;0.02203522;0.120039704;504;0.39
relu;(100, 100, 100, 50);0;0.01;l1;1.00E-05;32;0.8;0.99;1.00E-08;0.022037295;0.119956843;506;1.37
relu;(50, 50, 50);0;0.03;l2;1.00E-05;32;0.99;0.999;1.00E-08;0.022037318;0.119955926;506;1.11
relu;(100, 50, 25);0.1;0.01;l1;1.00E-05;16;0.9;0.99;1.00E-06;0.022037435;0.119951263;506;0.87
relu;(100, 50, 25);0;0.01;l1;1.00E-05;16;0.9;0.99;1.00E-08;0.022037645;0.119942875;506;0.84
relu;(50, 50, 50);0;0.01;none;0.01;32;0.9;0.99;1.00E-06;0.022037737;0.119939193;506;0.36
relu;(50, 50, 50);0.1;0.03;l1;0.0001;32;0.8;0.9;1.00E-08;0.022039981;0.119849573;506;0.62
relu;(100, 100, 100, 50);0;0.01;none;0.0001;64;0.9;0.999;1.00E-08;0.022040743;0.119819177;504;1.38
relu;(100, 100, 100, 50);0;0.03;none;1.00E-05;16;0.9;0.9;1.00E-06;0.022042434;0.119751632;506;0.93
relu;(100, 50, 25);0;0.03;none;0.01;32;0.9;0.99;1.00E-06;0.022043024;0.11972808;506;0.28
relu;(100, 50, 25);0.1;0.01;none;1.00E-05;64;0.9;0.999;1.00E-06;0.022043379;0.119713883;504;1.21
relu;(100, 50, 25);0;0.01;l1;1.00E-05;64;0.9;0.999;1.00E-06;0.022043496;0.119709215;504;1.08
relu;(100, 50, 25);0;0.03;none;0.0001;32;0.99;0.999;1.00E-08;0.02204418;0.119681908;506;0.36
relu;(50, 50, 50);0.1;0.03;none;1.00E-05;32;0.9;0.9;1.00E-08;0.022045116;0.119644531;506;0.66
relu;(100, 50, 25);0.1;0.001;l1;0.0001;16;0.9;0.99;1.00E-06;0.022045558;0.119626868;506;0.98
relu;(100, 50, 25);0.1;0.01;l1;1.00E-05;64;0.9;0.9;1.00E-08;0.022046911;0.119572858;504;1.32
relu;(50, 50, 50);0.1;0.001;l2;0.01;32;0.99;0.999;1.00E-08;0.022048679;0.119502239;506;0.5
relu;(100, 100, 100, 50);0;0.001;l2;0.01;32;0.9;0.999;1.00E-06;0.022048842;0.119495745;506;1.17
relu;(50, 50, 50);0.3;0.01;l2;1.00E-05;32;0.9;0.9;1.00E-06;0.022049599;0.11946551;506;0.83
relu;(100, 50, 25);0;0.001;l2;0.0001;64;0.99;0.99;1.00E-08;0.022050961;0.119411116;504;0.92
relu;(100, 50, 25);0.1;0.01;none;0.0001;32;0.8;0.9;1.00E-06;0.022051737;0.119380137;506;0.92
relu;(100, 50, 25);0.1;0.001;none;0.01;64;0.8;0.999;1.00E-06;0.022053739;0.119300163;504;0.95
relu;(100, 100, 100, 50);0;0.01;none;1.00E-05;64;0.9;0.9;1.00E-08;0.022054117;0.11928506;504;1.5
relu;(50, 50, 50);0;0.03;none;1.00E-05;32;0.8;0.9;1.00E-08;0.022054422;0.119272878;506;0.34
relu;(50, 50, 50);0;0.001;l1;0.0001;16;0.99;0.99;1.00E-08;0.022054799;0.119257827;506;0.98
relu;(50, 50, 50);0;0.01;l2;1.00E-05;16;0.99;0.999;1.00E-06;0.022056128;0.119204764;506;0.32
relu;(50, 50, 50);0;0.01;none;0.01;32;0.99;0.99;1.00E-06;0.022056269;0.119199134;506;0.35
relu;(100, 50, 25);0.1;0.01;none;1.00E-05;64;0.9;0.99;1.00E-06;0.022056476;0.119190871;504;1.21
relu;(100, 100, 100, 50);0;0.03;l2;0.0001;64;0.99;0.99;1.00E-06;0.022058789;0.119098497;504;1.37
relu;(100, 100, 100, 50);0.1;0.01;none;1.00E-05;64;0.8;0.999;1.00E-06;0.022059425;0.119073121;504;1.71
relu;(50, 50, 50);0.1;0.01;l1;0.0001;16;0.9;0.999;1.00E-06;0.022059845;0.11905633;506;0.75
relu;(100, 50, 25);0;0.03;l2;0.0001;16;0.9;0.9;1.00E-06;0.02206014;0.11904454;506;0.35
relu;(100, 100, 100, 50);0;0.01;l2;0.0001;32;0.99;0.99;1.00E-08;0.022060375;0.119035165;506;1.31
relu;(100, 100, 100, 50);0.1;0.01;none;0.0001;64;0.8;0.999;1.00E-06;0.022060931;0.119012973;504;1.94
relu;(100, 100, 100, 50);0;0.01;l1;1.00E-05;64;0.99;0.99;1.00E-08;0.022060961;0.119011777;504;1.67
relu;(50, 50, 50);0;0.03;l2;0.0001;32;0.99;0.999;1.00E-08;0.022060982;0.119010944;506;0.88
relu;(100, 50, 25);0;0.01;none;0.01;16;0.9;0.99;1.00E-08;0.022061931;0.118973032;506;0.68
relu;(50, 50, 50);0.1;0.01;l2;1.00E-05;64;0.99;0.999;1.00E-08;0.022061982;0.118971001;504;0.71
relu;(100, 100, 100, 50);0.1;0.001;none;0.0001;32;0.8;0.9;1.00E-06;0.022062066;0.118967654;506;1.34
relu;(100, 50, 25);0.1;0.01;l1;0.0001;16;0.9;0.9;1.00E-08;0.022062326;0.118957246;506;1.01
relu;(100, 100, 100, 50);0;0.01;none;0.01;32;0.99;0.9;1.00E-06;0.022064799;0.118858515;506;1
relu;(100, 100, 100, 50);0.1;0.01;l2;0.0001;16;0.99;0.999;1.00E-06;0.022064985;0.118851088;506;1.32
relu;(100, 100, 100, 50);0.1;0.001;l1;0.0001;64;0.99;0.99;1.00E-08;0.022068113;0.118726145;504;2.07
relu;(100, 100, 100, 50);0;0.01;l2;1.00E-05;16;0.99;0.99;1.00E-06;0.022069347;0.118676891;506;1.02
relu;(50, 50, 50);0;0.03;l1;1.00E-05;32;0.8;0.99;1.00E-06;0.022069414;0.118674212;506;0.4
relu;(100, 50, 25);0.1;0.001;none;0.0001;16;0.8;0.9;1.00E-08;0.022069588;0.118667271;506;0.34
relu;(100, 50, 25);0.1;0.01;l1;0.0001;32;0.8;0.999;1.00E-08;0.022070849;0.118616897;506;1.13
relu;(100, 100, 100, 50);0;0.03;l1;1.00E-05;32;0.8;0.999;1.00E-08;0.022073142;0.118525332;506;1.37
relu;(100, 50, 25);0;0.001;l1;1.00E-05;16;0.9;0.999;1.00E-06;0.022073609;0.118506664;506;0.8
relu;(100, 50, 25);0;0.03;l1;1.00E-05;16;0.99;0.999;1.00E-08;0.022073619;0.118506286;506;0.33
relu;(50, 50, 50);0.1;0.01;l1;0.0001;16;0.8;0.999;1.00E-08;0.02207414;0.118485493;506;0.79
relu;(100, 50, 25);0;0.01;l1;1.00E-05;32;0.9;0.999;1.00E-06;0.022075821;0.118418362;506;0.82
relu;(100, 50, 25);0;0.001;l2;0.01;32;0.8;0.9;1.00E-06;0.022076849;0.118377273;506;0.77
relu;(50, 50, 50);0.1;0.001;none;0.0001;64;0.9;0.99;1.00E-08;0.022077834;0.11833794;504;0.48
relu;(100, 100, 100, 50);0.1;0.01;none;0.01;64;0.8;0.999;1.00E-08;0.02207878;0.118300165;504;1.83
relu;(50, 50, 50);0;0.03;l2;0.0001;16;0.8;0.999;1.00E-06;0.022080968;0.118212788;506;0.81
relu;(50, 50, 50);0;0.03;none;1.00E-05;32;0.9;0.9;1.00E-08;0.022082243;0.118161897;506;0.43
relu;(100, 100, 100, 50);0;0.03;none;0.0001;32;0.9;0.99;1.00E-06;0.022083965;0.118093101;506;1.22
relu;(100, 50, 25);0.1;0.001;l2;1.00E-05;16;0.8;0.999;1.00E-06;0.022084581;0.118068502;506;0.71
relu;(50, 50, 50);0;0.01;none;1.00E-05;16;0.99;0.99;1.00E-06;0.022084704;0.118063625;506;0.36
relu;(50, 50, 50);0.1;0.01;l1;0.0001;16;0.9;0.9;1.00E-06;0.022085621;0.118026989;506;0.66
relu;(100, 100, 100, 50);0.1;0.001;l1;0.0001;16;0.9;0.9;1.00E-08;0.022085975;0.118012861;506;1.36
relu;(100, 50, 25);0;0.01;none;1.00E-05;16;0.9;0.999;1.00E-08;0.02208698;0.117972702;506;0.68
relu;(100, 100, 100, 50);0;0.001;l1;0.0001;32;0.9;0.9;1.00E-06;0.0220873;0.117959923;506;1.18
relu;(50, 50, 50);0;0.03;none;1.00E-05;64;0.8;0.99;1.00E-08;0.022087375;0.117956925;504;0.39
relu;(50, 50, 50);0.1;0.03;none;0.01;32;0.8;0.999;1.00E-08;0.022088381;0.117916766;506;0.63
relu;(100, 100, 100, 50);0;0.03;l1;1.00E-05;16;0.9;0.9;1.00E-08;0.022088447;0.117914148;506;1.27
relu;(50, 50, 50);0.1;0.001;none;0.0001;32;0.99;0.99;1.00E-08;0.022089947;0.117854228;506;0.47
relu;(50, 50, 50);0;0.001;l2;0.0001;64;0.99;0.999;1.00E-06;0.022090222;0.117843244;504;0.44
relu;(100, 50, 25);0;0.01;none;0.0001;64;0.99;0.999;1.00E-06;0.022091738;0.117782711;504;0.75
relu;(50, 50, 50);0.1;0.03;none;0.01;64;0.8;0.9;1.00E-06;0.022092879;0.117737139;504;0.58
relu;(100, 100, 100, 50);0.1;0.01;l2;0.0001;64;0.99;0.999;1.00E-08;0.022092904;0.11773614;504;1.82
relu;(100, 100, 100, 50);0.1;0.01;l2;0.0001;32;0.9;0.999;1.00E-06;0.022094628;0.117667309;506;1.49
relu;(100, 50, 25);0.1;0.01;l2;1.00E-05;64;0.8;0.9;1.00E-06;0.022094944;0.117654695;504;0.95
relu;(100, 100, 100, 50);0.1;0.001;none;0.0001;64;0.8;0.999;1.00E-08;0.022095372;0.117637595;504;1.77
relu;(100, 50, 25);0;0.03;l2;0.0001;32;0.8;0.99;1.00E-08;0.022095379;0.1176373;506;0.73
relu;(100, 100, 100, 50);0;0.03;l1;1.00E-05;64;0.99;0.99;1.00E-08;0.022096388;0.117597002;504;1.32
relu;(100, 100, 100, 50);0;0.001;l2;0.01;16;0.9;0.999;1.00E-08;0.022096587;0.117589061;506;0.91
relu;(100, 100, 100, 50);0;0.001;l2;0.01;64;0.8;0.99;1.00E-06;0.022098546;0.117510826;504;1.39
relu;(100, 100, 100, 50);0.1;0.01;none;0.0001;32;0.9;0.9;1.00E-06;0.022098767;0.117501994;506;1.6
relu;(50, 50, 50);0;0.001;l2;0.01;64;0.8;0.9;1.00E-08;0.022099065;0.117490106;504;0.47
relu;(100, 100, 100, 50);0;0.001;l2;1.00E-05;16;0.9;0.99;1.00E-08;0.022099701;0.117464697;506;1.21
relu;(100, 50, 25);0;0.03;none;0.0001;32;0.8;0.9;1.00E-06;0.02210025;0.117442804;506;0.3
relu;(100, 50, 25);0;0.03;l1;1.00E-05;16;0.8;0.999;1.00E-06;0.022100789;0.117421257;506;0.4
relu;(50, 50, 50);0.1;0.01;none;0.0001;16;0.8;0.99;1.00E-08;0.022100905;0.117416645;506;1.1
relu;(50, 50, 50);0;0.01;l2;0.0001;32;0.9;0.999;1.00E-08;0.02210113;0.117407635;506;0.36
relu;(100, 100, 100, 50);0;0.03;none;0.01;16;0.9;0.9;1.00E-06;0.022102153;0.11736681;506;1.16
relu;(100, 50, 25);0;0.01;none;0.01;16;0.8;0.999;1.00E-06;0.022102216;0.117364279;506;0.68
relu;(100, 100, 100, 50);0.1;0.01;none;0.0001;64;0.9;0.99;1.00E-06;0.022102666;0.117346297;504;2.02
relu;(50, 50, 50);0.1;0.03;none;0.01;64;0.9;0.99;1.00E-08;0.022104632;0.117267796;504;0.74
relu;(100, 50, 25);0.3;0.01;l2;0.0001;64;0.9;0.9;1.00E-08;0.02210552;0.117232328;504;1.02
relu;(50, 50, 50);0;0.001;none;1.00E-05;16;0.99;0.99;1.00E-06;0.022105781;0.117221908;506;0.34
relu;(50, 50, 50);0;0.01;l1;0.01;64;0.8;0.9;1.00E-06;0.022106267;0.117202509;504;0.42
relu;(50, 50, 50);0.1;0.03;l2;1.00E-05;16;0.9;0.99;1.00E-06;0.022106273;0.117202275;506;0.68
relu;(100, 50, 25);0.1;0.01;none;0.01;64;0.99;0.99;1.00E-08;0.022108066;0.11713068;504;0.87
relu;(100, 100, 100, 50);0.1;0.01;l1;1.00E-05;64;0.9;0.99;1.00E-06;0.022108548;0.117111417;504;2.16
relu;(100, 50, 25);0.1;0.001;none;0.0001;16;0.8;0.9;1.00E-06;0.022108586;0.117109879;506;0.36
relu;(100, 100, 100, 50);0.1;0.01;l1;1.00E-05;16;0.9;0.999;1.00E-08;0.02210887;0.117098568;506;1.35
relu;(100, 100, 100, 50);0;0.03;none;0.01;16;0.9;0.999;1.00E-06;0.022109885;0.117058004;506;1.17
relu;(100, 50, 25);0.1;0.01;none;0.0001;64;0.9;0.999;1.00E-06;0.022110675;0.117026462;504;0.89
relu;(100, 100, 100, 50);0;0.01;l2;0.0001;64;0.99;0.999;1.00E-06;0.022111704;0.116985402;504;1.52
relu;(100, 50, 25);0;0.03;l2;0.0001;64;0.99;0.99;1.00E-08;0.022112373;0.116958657;504;0.44
relu;(100, 100, 100, 50);0;0.03;l2;0.0001;32;0.9;0.9;1.00E-08;0.022113373;0.116918729;506;1.07
relu;(50, 50, 50);0;0.001;l1;0.0001;32;0.8;0.9;1.00E-06;0.022114195;0.116885891;506;1.06
relu;(100, 50, 25);0.1;0.03;l1;1.00E-05;16;0.8;0.99;1.00E-06;0.022115715;0.11682521;506;0.96
relu;(100, 50, 25);0;0.001;l2;0.01;64;0.9;0.99;1.00E-06;0.022116264;0.116803268;504;0.68
relu;(100, 50, 25);0;0.03;l2;1.00E-05;64;0.9;0.99;1.00E-08;0.022116698;0.116785963;504;0.44
relu;(100, 50, 25);0;0.01;none;0.0001;32;0.99;0.99;1.00E-06;0.022118369;0.116719205;506;0.66
relu;(100, 100, 100, 50);0.1;0.01;none;0.0001;16;0.8;0.99;1.00E-06;0.022119134;0.116688666;506;1.36
relu;(100, 100, 100, 50);0.1;0.01;l2;1.00E-05;16;0.99;0.999;1.00E-06;0.022120452;0.116636034;506;1.39
relu;(50, 50, 50);0;0.01;l1;1.00E-05;16;0.99;0.999;1.00E-08;0.022121209;0.116605825;506;0.43
relu;(50, 50, 50);0;0.01;l2;1.00E-05;32;0.8;0.99;1.00E-08;0.022122251;0.116564187;506;0.39
relu;(100, 50, 25);0.1;0.001;l1;1.00E-05;64;0.8;0.999;1.00E-08;0.022122679;0.116547087;504;1.12
relu;(100, 100, 100, 50);0;0.01;l2;0.0001;64;0.9;0.999;1.00E-08;0.022123338;0.116520794;504;1.53
relu;(100, 100, 100, 50);0.1;0.001;none;1.00E-05;64;0.99;0.99;1.00E-08;0.022124645;0.116468574;504;1.85
relu;(100, 100, 100, 50);0;0.01;none;0.0001;64;0.9;0.9;1.00E-08;0.022125253;0.11644433;504;1.41
relu;(100, 100, 100, 50);0.1;0.001;l2;1.00E-05;64;0.99;0.999;1.00E-08;0.02212568;0.116427257;504;1.61
relu;(100, 50, 25);0;0.01;l1;1.00E-05;64;0.9;0.9;1.00E-08;0.022126293;0.116402791;504;1.15
relu;(100, 50, 25);0;0.001;l2;0.01;64;0.99;0.99;1.00E-06;0.02212695;0.11637653;504;0.68
relu;(50, 50, 50);0;0.03;l1;1.00E-05;32;0.9;0.9;1.00E-06;0.022127325;0.116361551;506;0.38
relu;(100, 50, 25);0.1;0.03;none;0.0001;64;0.9;0.99;1.00E-08;0.022127455;0.116356391;504;0.85
relu;(100, 100, 100, 50);0.1;0.001;l2;1.00E-05;64;0.8;0.999;1.00E-06;0.022127783;0.116343261;504;1.65
relu;(100, 50, 25);0;0.03;none;1.00E-05;64;0.8;0.99;1.00E-08;0.022130138;0.116249251;504;0.4
relu;(100, 50, 25);0.1;0.01;none;0.01;16;0.8;0.999;1.00E-06;0.022130976;0.116215787;506;0.77
relu;(50, 50, 50);0;0.01;l1;0.0001;32;0.8;0.99;1.00E-06;0.022131737;0.116185394;506;0.39
relu;(100, 50, 25);0;0.001;l2;0.0001;32;0.99;0.99;1.00E-06;0.022132776;0.116143885;506;0.73
relu;(50, 50, 50);0;0.03;none;1.00E-05;32;0.8;0.99;1.00E-08;0.022132838;0.11614142;506;0.33
relu;(100, 50, 25);0;0.03;none;1.00E-05;32;0.8;0.999;1.00E-08;0.022134953;0.116056969;506;0.32
relu;(100, 100, 100, 50);0.1;0.01;l2;1.00E-05;16;0.9;0.99;1.00E-08;0.022135308;0.116042759;506;1.38
relu;(100, 50, 25);0;0.001;l2;0.01;32;0.9;0.999;1.00E-08;0.022137312;0.115962729;506;0.77
relu;(100, 100, 100, 50);0;0.03;l2;0.0001;64;0.9;0.9;1.00E-08;0.02213834;0.115921689;504;1.4
relu;(100, 100, 100, 50);0;0.001;l1;0.0001;64;0.9;0.9;1.00E-08;0.022138454;0.115917132;504;1.35
relu;(50, 50, 50);0.1;0.001;l2;0.0001;64;0.8;0.9;1.00E-06;0.022139879;0.115860225;504;0.54
relu;(100, 50, 25);0;0.01;none;0.01;32;0.8;0.999;1.00E-08;0.022142602;0.115751481;506;0.68
relu;(100, 100, 100, 50);0.1;0.01;none;0.0001;16;0.99;0.999;1.00E-06;0.022143202;0.115727539;506;1.42
relu;(100, 50, 25);0;0.001;l2;0.01;32;0.99;0.99;1.00E-06;0.022143462;0.115717151;506;0.93
relu;(50, 50, 50);0;0.01;l2;0.01;32;0.8;0.999;1.00E-06;0.022143783;0.115704343;506;0.4
relu;(50, 50, 50);0.1;0.01;l2;0.0001;16;0.9;0.999;1.00E-08;0.022146269;0.115605063;506;0.45
relu;(50, 50, 50);0.1;0.001;none;0.0001;64;0.8;0.99;1.00E-08;0.02214754;0.115554306;504;0.45
relu;(100, 50, 25);0;0.01;none;1.00E-05;32;0.99;0.999;1.00E-06;0.022149795;0.115464239;506;0.68
relu;(100, 100, 100, 50);0.1;0.001;l1;0.0001;64;0.8;0.99;1.00E-06;0.022150614;0.115431538;504;2
relu;(100, 50, 25);0.1;0.01;none;0.01;32;0.99;0.999;1.00E-06;0.022151187;0.115408656;506;0.82
relu;(100, 100, 100, 50);0;0.03;l2;1.00E-05;32;0.9;0.99;1.00E-08;0.022152843;0.115342543;506;1.14
relu;(100, 50, 25);0.1;0.03;l2;1.00E-05;64;0.8;0.999;1.00E-08;0.022154943;0.115258667;504;0.97
relu;(100, 100, 100, 50);0;0.001;l2;0.01;32;0.8;0.999;1.00E-06;0.022155999;0.115216481;506;1.2
relu;(100, 50, 25);0.3;0.01;l2;0.0001;32;0.8;0.9;1.00E-06;0.022156443;0.115198757;506;0.49
relu;(100, 100, 100, 50);0;0.03;l1;0.0001;16;0.99;0.999;1.00E-06;0.022157045;0.115174714;506;1.1
relu;(100, 100, 100, 50);0;0.01;l2;0.0001;32;0.9;0.999;1.00E-06;0.022157358;0.115162231;506;1.3
relu;(50, 50, 50);0;0.01;none;0.0001;64;0.99;0.999;1.00E-06;0.022158027;0.115135514;504;0.4
relu;(50, 50, 50);0.1;0.01;l2;1.00E-05;16;0.8;0.9;1.00E-06;0.022159816;0.115064046;506;0.51
relu;(50, 50, 50);0.1;0.01;none;0.0001;16;0.9;0.9;1.00E-08;0.022161056;0.115014543;506;1.21
relu;(50, 50, 50);0;0.001;l1;0.0001;16;0.9;0.99;1.00E-06;0.02216375;0.114906959;506;1.06
relu;(50, 50, 50);0.1;0.001;l1;0.0001;16;0.99;0.99;1.00E-08;0.022165491;0.114837431;506;0.43
relu;(100, 50, 25);0;0.03;none;1.00E-05;64;0.9;0.99;1.00E-06;0.022165492;0.114837401;504;0.36
relu;(50, 50, 50);0.1;0.001;l1;1.00E-05;32;0.9;0.99;1.00E-08;0.022165564;0.114834525;506;0.46
relu;(50, 50, 50);0;0.001;l2;0.0001;16;0.99;0.99;1.00E-06;0.022166584;0.114793798;506;0.32
relu;(100, 50, 25);0;0.03;none;0.01;64;0.9;0.999;1.00E-06;0.022167925;0.114740242;504;0.41
relu;(50, 50, 50);0.1;0.01;none;1.00E-05;64;0.9;0.999;1.00E-06;0.022168639;0.114711713;504;1.28
relu;(100, 100, 100, 50);0;0.01;l2;1.00E-05;16;0.8;0.999;1.00E-08;0.022169763;0.114666859;506;0.94
relu;(100, 50, 25);0.1;0.01;l2;1.00E-05;32;0.8;0.9;1.00E-06;0.022171153;0.114611341;506;0.86
relu;(100, 50, 25);0;0.001;l2;0.01;64;0.99;0.999;1.00E-08;0.022174027;0.114496576;504;0.64
relu;(50, 50, 50);0;0.03;none;0.0001;16;0.99;0.999;1.00E-08;0.022174285;0.114486254;506;0.3
relu;(100, 50, 25);0;0.001;l1;0.0001;16;0.9;0.9;1.00E-06;0.022174885;0.114462309;506;0.66
relu;(50, 50, 50);0;0.01;none;1.00E-05;32;0.9;0.99;1.00E-08;0.02217546;0.11443935;506;0.33
relu;(50, 50, 50);0;0.001;none;0.01;64;0.99;0.999;1.00E-08;0.022175997;0.114417891;504;1.1
relu;(50, 50, 50);0;0.01;none;0.01;64;0.99;0.99;1.00E-06;0.022176126;0.114412753;504;0.37
relu;(100, 100, 100, 50);0.1;0.001;l1;1.00E-05;32;0.99;0.99;1.00E-08;0.022176911;0.11438139;506;1.71
relu;(50, 50, 50);0;0.03;l2;1.00E-05;64;0.99;0.99;1.00E-06;0.022178187;0.114330448;504;1.39
relu;(50, 50, 50);0.1;0.01;l1;0.0001;32;0.99;0.99;1.00E-08;0.02217828;0.114326706;506;0.57
relu;(100, 50, 25);0;0.001;none;0.0001;32;0.8;0.99;1.00E-06;0.022179647;0.114272148;506;1.52
relu;(100, 100, 100, 50);0;0.03;l2;0.0001;16;0.8;0.99;1.00E-08;0.02218083;0.114224877;506;0.94
relu;(100, 100, 100, 50);0;0.03;none;1.00E-05;16;0.8;0.999;1.00E-06;0.022181549;0.114196174;506;0.89
relu;(100, 50, 25);0;0.01;none;0.0001;16;0.8;0.999;1.00E-08;0.022181935;0.114180775;506;0.59
relu;(50, 50, 50);0.1;0.001;l1;0.0001;16;0.9;0.999;1.00E-06;0.02218207;0.114175374;506;0.44
relu;(100, 50, 25);0;0.001;l2;0.01;16;0.9;0.999;1.00E-06;0.022182113;0.114173642;506;0.72
relu;(100, 100, 100, 50);0;0.01;l2;1.00E-05;32;0.99;0.999;1.00E-06;0.022182279;0.114167004;506;1.19
relu;(50, 50, 50);0.1;0.01;l1;1.00E-05;16;0.9;0.9;1.00E-08;0.022183956;0.114100051;506;0.7
relu;(50, 50, 50);0;0.001;l2;0.01;16;0.9;0.99;1.00E-06;0.022184349;0.11408434;506;0.35
relu;(100, 100, 100, 50);0;0.03;l1;0.0001;64;0.9;0.99;1.00E-06;0.022184424;0.114081358;504;1.6
relu;(100, 50, 25);0.1;0.001;l2;1.00E-05;16;0.9;0.9;1.00E-06;0.022184551;0.114076293;506;0.69
relu;(100, 100, 100, 50);0.1;0.03;none;0.0001;64;0.8;0.9;1.00E-06;0.022184765;0.114067748;504;1.78
relu;(50, 50, 50);0.1;0.03;l2;1.00E-05;16;0.8;0.9;1.00E-08;0.022185866;0.114023795;506;0.65
relu;(100, 50, 25);0.1;0.03;l2;1.00E-05;32;0.9;0.9;1.00E-08;0.022188797;0.113906743;506;0.74
relu;(100, 50, 25);0;0.01;l1;1.00E-05;64;0.8;0.9;1.00E-08;0.022190797;0.113826852;504;1.09
relu;(100, 100, 100, 50);0;0.03;none;1.00E-05;64;0.8;0.9;1.00E-08;0.022191035;0.11381734;504;1.24
relu;(100, 50, 25);0.1;0.01;none;0.0001;32;0.9;0.99;1.00E-08;0.022191509;0.113798444;506;1.01
relu;(100, 50, 25);0.1;0.03;none;0.01;64;0.8;0.9;1.00E-06;0.022192989;0.113739324;504;1.12
relu;(100, 50, 25);0.1;0.01;l2;0.0001;16;0.8;0.99;1.00E-06;0.022193347;0.113725027;506;0.82
relu;(100, 100, 100, 50);0;0.01;none;0.01;32;0.99;0.999;1.00E-06;0.022193972;0.113700085;506;1.16
relu;(100, 100, 100, 50);0.1;0.03;l1;1.00E-05;64;0.8;0.9;1.00E-08;0.022194436;0.113681527;504;2.17
relu;(100, 100, 100, 50);0.1;0.03;none;0.01;64;0.8;0.99;1.00E-08;0.022195605;0.113634862;504;1.78
relu;(100, 50, 25);0.1;0.01;l2;0.0001;16;0.99;0.999;1.00E-06;0.022196154;0.113612925;506;0.74
relu;(100, 50, 25);0.1;0.01;none;0.01;16;0.9;0.99;1.00E-08;0.022196178;0.113611986;506;0.65
relu;(100, 50, 25);0.1;0.01;l2;0.0001;16;0.99;0.999;1.00E-08;0.022196381;0.113603854;506;0.7
relu;(50, 50, 50);0.1;0.03;l2;1.00E-05;16;0.8;0.9;1.00E-06;0.022196431;0.113601877;506;0.74
relu;(50, 50, 50);0;0.03;l1;0.0001;16;0.8;0.99;1.00E-06;0.022197556;0.113556951;506;0.36
relu;(50, 50, 50);0.1;0.01;none;0.01;16;0.9;0.99;1.00E-08;0.022198264;0.113528663;506;0.74
relu;(100, 100, 100, 50);0;0.03;l2;0.0001;32;0.8;0.999;1.00E-08;0.02219942;0.113482519;506;1.11
relu;(100, 50, 25);0;0.001;l1;0.0001;64;0.9;0.99;1.00E-08;0.022200288;0.113447829;504;0.92
relu;(100, 100, 100, 50);0.1;0.03;none;0.01;16;0.8;0.999;1.00E-08;0.022200647;0.113433523;506;1.37
relu;(100, 50, 25);0;0.001;none;1.00E-05;32;0.99;0.999;1.00E-08;0.022200795;0.113427579;506;1.55
relu;(100, 50, 25);0;0.001;l1;1.00E-05;32;0.9;0.999;1.00E-06;0.022201449;0.113401468;506;0.68
relu;(50, 50, 50);0.1;0.001;l1;0.0001;16;0.99;0.999;1.00E-08;0.022202425;0.113362513;506;0.43
relu;(50, 50, 50);0;0.01;l1;0.0001;16;0.99;0.99;1.00E-06;0.022203405;0.113323353;506;0.36
relu;(100, 50, 25);0.1;0.03;none;0.01;64;0.9;0.9;1.00E-06;0.022203589;0.113316028;504;0.97
relu;(50, 50, 50);0;0.03;none;0.01;16;0.8;0.99;1.00E-08;0.022204064;0.113297049;506;0.31
relu;(100, 100, 100, 50);0.1;0.03;l2;0.0001;64;0.9;0.9;1.00E-06;0.022204189;0.113292049;504;1.43
relu;(100, 50, 25);0.1;0.03;none;0.01;32;0.8;0.999;1.00E-06;0.022204454;0.113281476;506;0.89
relu;(50, 50, 50);0;0.03;none;0.0001;64;0.9;0.99;1.00E-06;0.02220538;0.113244508;504;0.4
relu;(100, 100, 100, 50);0.1;0.01;l2;0.0001;16;0.8;0.9;1.00E-08;0.022205554;0.11323755;506;1.32
relu;(100, 50, 25);0.1;0.01;l1;0.0001;32;0.9;0.99;1.00E-06;0.022206211;0.11321132;506;1.08
relu;(100, 100, 100, 50);0;0.01;none;0.01;64;0.8;0.999;1.00E-08;0.022206948;0.113181878;504;1.24
relu;(100, 100, 100, 50);0.1;0.001;l2;1.00E-05;32;0.99;0.9;1.00E-08;0.022207347;0.113165957;506;1.33
relu;(100, 50, 25);0;0.03;l2;1.00E-05;16;0.8;0.9;1.00E-06;0.022207729;0.113150699;506;0.33
relu;(100, 50, 25);0;0.03;none;1.00E-05;32;0.99;0.999;1.00E-08;0.022207827;0.113146767;506;0.28
relu;(100, 50, 25);0;0.03;none;0.01;32;0.8;0.999;1.00E-06;0.022208148;0.113133976;506;0.29
relu;(100, 100, 100, 50);0.1;0.01;l1;0.0001;64;0.8;0.99;1.00E-08;0.0222091;0.113095957;504;2.26
relu;(50, 50, 50);0;0.01;l2;0.0001;64;0.9;0.9;1.00E-08;0.022209279;0.113088794;504;0.39
relu;(100, 100, 100, 50);0;0.03;l1;1.00E-05;16;0.8;0.9;1.00E-08;0.022209318;0.113087253;506;1.31
relu;(100, 100, 100, 50);0;0.03;none;1.00E-05;16;0.99;0.99;1.00E-08;0.022209409;0.113083586;506;0.92
relu;(100, 50, 25);0;0.01;none;0.0001;32;0.99;0.9;1.00E-06;0.022209418;0.113083263;506;0.75
relu;(50, 50, 50);0;0.01;none;0.01;16;0.99;0.9;1.00E-06;0.022209453;0.113081853;506;0.39
relu;(50, 50, 50);0.3;0.03;l2;0.0001;64;0.8;0.999;1.00E-08;0.022210741;0.113030402;504;1.12
relu;(100, 50, 25);0;0.03;l2;1.00E-05;32;0.9;0.9;1.00E-08;0.022210875;0.113025074;506;0.29
relu;(100, 100, 100, 50);0;0.01;none;0.0001;32;0.9;0.99;1.00E-06;0.022211196;0.113012256;506;1.27
relu;(50, 50, 50);0;0.03;none;0.0001;64;0.99;0.999;1.00E-08;0.022212206;0.112971927;504;0.37
relu;(100, 50, 25);0;0.01;none;0.0001;16;0.9;0.999;1.00E-08;0.022212619;0.112955402;506;0.63
relu;(100, 100, 100, 50);0;0.01;l1;0.0001;32;0.8;0.99;1.00E-06;0.022213886;0.112904802;506;1.53
relu;(100, 100, 100, 50);0;0.001;l2;1.00E-05;32;0.99;0.999;1.00E-08;0.022214315;0.112887707;506;1.29
relu;(100, 100, 100, 50);0;0.01;l2;1.00E-05;64;0.8;0.99;1.00E-08;0.022215363;0.112845825;504;1.4
relu;(50, 50, 50);0;0.001;l2;0.01;32;0.9;0.9;1.00E-08;0.022216544;0.112798655;506;0.33
relu;(100, 100, 100, 50);0.1;0.001;l2;0.01;16;0.8;0.99;1.00E-08;0.022216901;0.112784418;506;1.63
relu;(50, 50, 50);0.1;0.001;l2;0.0001;16;0.9;0.99;1.00E-06;0.02221698;0.112781278;506;0.39
relu;(100, 50, 25);0.1;0.001;none;0.0001;64;0.9;0.999;1.00E-08;0.022217207;0.112772216;504;0.53
relu;(50, 50, 50);0.1;0.03;none;0.0001;32;0.8;0.9;1.00E-08;0.022217283;0.112769158;506;0.42
relu;(100, 50, 25);0.1;0.001;none;0.0001;32;0.9;0.9;1.00E-06;0.022218434;0.112723207;506;0.35
relu;(100, 50, 25);0;0.03;l1;0.0001;32;0.9;0.999;1.00E-08;0.022220645;0.112634922;506;0.35
relu;(100, 100, 100, 50);0.1;0.01;l2;1.00E-05;16;0.8;0.999;1.00E-06;0.022221216;0.112612084;506;1.33
relu;(50, 50, 50);0.1;0.03;none;0.01;64;0.9;0.9;1.00E-06;0.022222403;0.112564697;504;0.7
relu;(100, 100, 100, 50);0;0.01;none;1.00E-05;32;0.8;0.9;1.00E-06;0.022222621;0.112555986;506;1.3
relu;(50, 50, 50);0;0.001;l2;0.01;16;0.99;0.99;1.00E-08;0.022222854;0.112546671;506;0.32
relu;(50, 50, 50);0.1;0.01;l1;1.00E-05;16;0.9;0.999;1.00E-08;0.022223929;0.112503756;506;0.52
relu;(100, 100, 100, 50);0.1;0.01;none;0.0001;64;0.8;0.9;1.00E-08;0.022224909;0.112464625;504;1.98
relu;(50, 50, 50);0.1;0.001;l2;0.01;16;0.9;0.999;1.00E-06;0.022225035;0.112459602;506;0.37
relu;(100, 50, 25);0;0.01;l2;0.01;16;0.8;0.999;1.00E-08;0.022225211;0.112452575;506;0.28
relu;(100, 100, 100, 50);0.1;0.01;none;0.0001;64;0.9;0.99;1.00E-08;0.022225336;0.11244759;504;1.95
relu;(50, 50, 50);0;0.01;none;1.00E-05;32;0.8;0.9;1.00E-06;0.022226262;0.11241058;506;0.35
relu;(100, 50, 25);0;0.03;none;0.0001;16;0.9;0.9;1.00E-08;0.022227895;0.112345384;506;0.29
relu;(100, 100, 100, 50);0;0.01;none;0.01;64;0.9;0.9;1.00E-08;0.022227914;0.112344627;504;1.23
relu;(50, 50, 50);0.1;0.001;l2;1.00E-05;32;0.9;0.9;1.00E-08;0.022230224;0.112252371;506;0.42
relu;(100, 100, 100, 50);0.1;0.03;none;1.00E-05;64;0.8;0.99;1.00E-08;0.022230281;0.112250109;504;1.78
relu;(100, 100, 100, 50);0;0.001;l1;0.0001;16;0.9;0.99;1.00E-06;0.022230471;0.112242522;506;1.1
relu;(50, 50, 50);0;0.03;none;1.00E-05;16;0.9;0.999;1.00E-08;0.022230628;0.112236252;506;0.3
relu;(100, 50, 25);0.1;0.03;l1;1.00E-05;32;0.9;0.99;1.00E-06;0.022230861;0.112226937;506;1.09
relu;(100, 50, 25);0;0.001;none;0.0001;64;0.99;0.999;1.00E-08;0.022231359;0.11220705;504;1.66
relu;(100, 50, 25);0.1;0.001;l1;1.00E-05;64;0.9;0.9;1.00E-06;0.022231901;0.112185394;504;1.28
relu;(50, 50, 50);0;0.001;none;0.0001;32;0.99;0.99;1.00E-08;0.022231923;0.112184529;506;0.34
relu;(50, 50, 50);0.1;0.001;l2;0.0001;64;0.8;0.99;1.00E-06;0.022232824;0.11214853;504;0.53
relu;(100, 100, 100, 50);0.1;0.01;l1;0.0001;64;0.8;0.99;1.00E-06;0.022232848;0.112147588;504;2.33
relu;(50, 50, 50);0.1;0.01;l1;1.00E-05;32;0.99;0.99;1.00E-06;0.022234569;0.112078872;506;0.71
relu;(50, 50, 50);0.1;0.01;l2;1.00E-05;32;0.99;0.999;1.00E-08;0.022235351;0.112047623;506;0.54
relu;(100, 100, 100, 50);0;0.03;l1;0.0001;64;0.99;0.99;1.00E-06;0.02223632;0.112008928;504;1.66
relu;(50, 50, 50);0.1;0.001;l2;0.0001;64;0.99;0.9;1.00E-06;0.022236858;0.111987452;504;0.48
relu;(100, 50, 25);0;0.03;l1;1.00E-05;32;0.9;0.999;1.00E-06;0.022238496;0.111922053;506;0.34
relu;(100, 100, 100, 50);0.1;0.001;l2;0.01;64;0.8;0.999;1.00E-06;0.022239301;0.111889892;504;1.86
relu;(50, 50, 50);0.1;0.01;l2;0.0001;64;0.8;0.9;1.00E-06;0.022241007;0.111821765;504;0.68
relu;(50, 50, 50);0.1;0.01;none;1.00E-05;16;0.99;0.9;1.00E-08;0.022242503;0.11176203;506;0.36
relu;(100, 50, 25);0.1;0.001;l2;0.01;32;0.8;0.9;1.00E-08;0.022244512;0.111681806;506;0.96
relu;(50, 50, 50);0;0.01;none;0.01;16;0.99;0.99;1.00E-08;0.022245835;0.111628944;506;0.29
relu;(100, 100, 100, 50);0;0.03;none;0.0001;16;0.9;0.9;1.00E-08;0.02224744;0.111564848;506;1
relu;(100, 50, 25);0;0.01;l2;0.01;64;0.9;0.9;1.00E-08;0.022247937;0.111545011;504;0.41
relu;(100, 100, 100, 50);0;0.03;none;1.00E-05;64;0.99;0.999;1.00E-06;0.022248396;0.111526705;504;1.38
relu;(50, 50, 50);0;0.001;l1;1.00E-05;16;0.99;0.9;1.00E-08;0.022250117;0.111457947;506;1.14
relu;(100, 50, 25);0.1;0.03;l2;1.00E-05;64;0.9;0.999;1.00E-08;0.022250436;0.11144521;504;0.97
relu;(100, 50, 25);0.3;0.03;l2;1.00E-05;32;0.8;0.99;1.00E-06;0.022250816;0.111430056;506;0.76
relu;(100, 50, 25);0;0.01;none;0.0001;32;0.9;0.99;1.00E-06;0.022251349;0.111408756;506;0.64
relu;(100, 50, 25);0;0.03;l2;0.0001;16;0.9;0.9;1.00E-08;0.022251432;0.111405428;506;0.4
relu;(100, 50, 25);0.1;0.001;l2;0.0001;32;0.9;0.999;1.00E-06;0.022251766;0.111392105;506;0.8
relu;(100, 100, 100, 50);0;0.001;none;1.00E-05;32;0.99;0.9;1.00E-08;0.022252244;0.11137301;506;1.53
relu;(100, 50, 25);0.1;0.001;l2;0.01;64;0.9;0.99;1.00E-06;0.022253921;0.111306035;504;1.2
relu;(100, 50, 25);0;0.01;l2;0.0001;64;0.99;0.99;1.00E-08;0.022255682;0.111235723;504;0.41
relu;(50, 50, 50);0;0.01;l1;1.00E-05;32;0.99;0.99;1.00E-08;0.022257139;0.111177524;506;0.4
relu;(100, 50, 25);0;0.01;l1;1.00E-05;16;0.8;0.999;1.00E-06;0.022258638;0.111117678;506;0.81
relu;(50, 50, 50);0.1;0.03;l2;0.0001;64;0.8;0.9;1.00E-06;0.022258783;0.111111902;504;0.72
relu;(100, 50, 25);0;0.03;l1;1.00E-05;64;0.99;0.999;1.00E-08;0.022259612;0.111078798;504;0.42
relu;(100, 100, 100, 50);0;0.01;none;0.01;32;0.9;0.999;1.00E-08;0.022259652;0.111077185;506;1.03
relu;(100, 50, 25);0;0.01;none;0.01;16;0.99;0.9;1.00E-06;0.022260422;0.111046429;506;0.61
relu;(100, 100, 100, 50);0.1;0.001;l2;0.01;16;0.8;0.9;1.00E-08;0.022261731;0.110994182;506;1.53
relu;(50, 50, 50);0;0.01;none;1.00E-05;16;0.99;0.999;1.00E-06;0.022262083;0.110980128;506;0.38
relu;(50, 50, 50);0;0.03;l1;1.00E-05;64;0.99;0.99;1.00E-06;0.022263302;0.110931424;504;0.44
relu;(50, 50, 50);0;0.01;l1;0.0001;16;0.99;0.9;1.00E-06;0.022264536;0.110882155;506;0.37
relu;(100, 100, 100, 50);0.1;0.03;l2;1.00E-05;16;0.9;0.9;1.00E-08;0.022265082;0.110860349;506;0.6
relu;(100, 50, 25);0;0.03;none;1.00E-05;32;0.8;0.99;1.00E-06;0.022265269;0.110852887;506;0.31
relu;(50, 50, 50);0.1;0.001;l2;1.00E-05;64;0.99;0.99;1.00E-08;0.022265595;0.110839862;504;0.49
relu;(100, 50, 25);0;0.001;l1;0.0001;32;0.9;0.9;1.00E-06;0.022266992;0.110784084;506;0.67
relu;(100, 50, 25);0;0.03;l2;1.00E-05;16;0.8;0.9;1.00E-08;0.022267387;0.110768288;506;0.3
relu;(100, 50, 25);0;0.03;l1;1.00E-05;64;0.8;0.99;1.00E-06;0.022267657;0.11075751;504;0.77
relu;(100, 50, 25);0.1;0.01;none;1.00E-05;16;0.99;0.999;1.00E-06;0.022268276;0.110732783;506;0.97
relu;(100, 50, 25);0;0.01;l1;0.0001;16;0.99;0.999;1.00E-08;0.022268549;0.110721887;506;0.32
relu;(100, 100, 100, 50);0;0.01;l2;1.00E-05;64;0.9;0.999;1.00E-06;0.022268658;0.110717521;504;1.39
relu;(50, 50, 50);0.1;0.01;none;1.00E-05;16;0.99;0.99;1.00E-06;0.022268743;0.110714131;506;0.41
relu;(100, 100, 100, 50);0.1;0.001;l2;0.0001;32;0.9;0.9;1.00E-08;0.022268971;0.110705022;506;1.65
relu;(50, 50, 50);0;0.01;l1;0.0001;32;0.8;0.99;1.00E-08;0.022270405;0.110647787;506;0.48
relu;(100, 50, 25);0.1;0.001;l2;0.01;16;0.9;0.9;1.00E-06;0.022270962;0.110625546;506;0.82
relu;(100, 50, 25);0;0.03;none;0.01;32;0.8;0.99;1.00E-06;0.022272764;0.110553577;506;0.29
relu;(100, 100, 100, 50);0.1;0.01;none;0.0001;16;0.9;0.999;1.00E-08;0.022273805;0.110511997;506;1.42
relu;(50, 50, 50);0;0.001;none;1.00E-05;32;0.99;0.9;1.00E-06;0.022274527;0.110483151;506;0.34
relu;(100, 50, 25);0.1;0.01;none;0.0001;64;0.99;0.99;1.00E-06;0.022276224;0.110415404;504;0.88
relu;(50, 50, 50);0;0.03;l1;0.0001;64;0.99;0.99;1.00E-08;0.02227702;0.110383598;504;0.45
relu;(50, 50, 50);0.1;0.03;l1;0.0001;64;0.9;0.9;1.00E-08;0.022277156;0.110378177;504;0.59
relu;(100, 100, 100, 50);0.1;0.03;l2;0.0001;64;0.8;0.999;1.00E-08;0.022277774;0.110353494;504;1.01
relu;(50, 50, 50);0;0.01;l1;0.0001;16;0.8;0.9;1.00E-06;0.022277902;0.110348382;506;0.38
relu;(50, 50, 50);0.3;0.03;l2;0.0001;64;0.8;0.9;1.00E-06;0.022278125;0.110339498;504;0.96
relu;(100, 100, 100, 50);0.1;0.01;none;0.01;64;0.99;0.99;1.00E-06;0.02227843;0.110327318;504;1.52
relu;(50, 50, 50);0.1;0.01;l2;0.0001;64;0.8;0.99;1.00E-06;0.022278567;0.11032185;504;0.83
relu;(50, 50, 50);0;0.001;l1;1.00E-05;16;0.99;0.99;1.00E-08;0.022282423;0.110167849;506;1.11
relu;(100, 100, 100, 50);0;0.01;none;0.01;64;0.9;0.9;1.00E-06;0.022282713;0.110156262;504;1.2
relu;(100, 50, 25);0;0.001;l2;0.01;64;0.9;0.9;1.00E-08;0.022282777;0.11015369;504;0.74
relu;(100, 50, 25);0;0.001;l1;0.0001;32;0.8;0.99;1.00E-08;0.022282868;0.110150085;506;0.74
relu;(50, 50, 50);0.1;0.01;none;1.00E-05;16;0.8;0.99;1.00E-06;0.022283158;0.110138508;506;0.5
relu;(50, 50, 50);0;0.01;l2;0.0001;32;0.8;0.9;1.00E-08;0.022283421;0.110128;506;0.38
relu;(100, 100, 100, 50);0;0.03;l2;1.00E-05;32;0.99;0.999;1.00E-08;0.022283496;0.110125005;506;1.23
relu;(50, 50, 50);0;0.01;l2;0.01;64;0.8;0.99;1.00E-08;0.022286979;0.109985902;504;0.37
relu;(50, 50, 50);0.1;0.001;none;0.01;64;0.99;0.9;1.00E-08;0.022287036;0.109983626;504;0.49
relu;(50, 50, 50);0;0.01;l2;0.01;16;0.8;0.99;1.00E-06;0.022287524;0.109964128;506;0.37
relu;(50, 50, 50);0.1;0.01;l2;0.0001;32;0.9;0.99;1.00E-08;0.022287596;0.109961254;506;0.88
relu;(100, 50, 25);0.1;0.001;l2;0.0001;64;0.8;0.9;1.00E-08;0.02228835;0.109931171;504;1.03
relu;(50, 50, 50);0;0.03;l1;0.0001;64;0.8;0.999;1.00E-08;0.022288756;0.109914934;504;0.46
relu;(100, 50, 25);0.1;0.03;none;1.00E-05;16;0.8;0.999;1.00E-06;0.022289421;0.109888373;506;0.92
relu;(100, 50, 25);0;0.01;none;0.01;64;0.99;0.99;1.00E-08;0.022289507;0.109884969;504;0.88
relu;(50, 50, 50);0;0.001;none;1.00E-05;64;0.99;0.9;1.00E-06;0.022289592;0.109881542;504;0.38
relu;(100, 50, 25);0.1;0.03;none;1.00E-05;64;0.8;0.9;1.00E-08;0.022289636;0.109879797;504;1.22
relu;(100, 50, 25);0.1;0.001;none;0.01;16;0.8;0.99;1.00E-06;0.022289961;0.10986683;506;0.39
relu;(50, 50, 50);0.1;0.03;none;0.01;32;0.9;0.9;1.00E-08;0.022289978;0.109866147;506;0.61
relu;(100, 100, 100, 50);0.1;0.001;none;1.00E-05;16;0.8;0.999;1.00E-08;0.022290596;0.109841473;506;1.54
relu;(100, 50, 25);0;0.001;l2;0.01;16;0.99;0.99;1.00E-08;0.022292151;0.109779379;506;0.72
relu;(50, 50, 50);0.3;0.01;l1;1.00E-05;32;0.9;0.9;1.00E-06;0.022293843;0.109711783;506;0.58
relu;(100, 100, 100, 50);0.1;0.01;l2;0.0001;64;0.8;0.9;1.00E-08;0.022293919;0.109708779;504;1.75
relu;(100, 100, 100, 50);0;0.03;none;1.00E-05;64;0.8;0.999;1.00E-06;0.022295812;0.109633159;504;1.28
relu;(100, 50, 25);0;0.03;none;0.01;64;0.9;0.9;1.00E-08;0.022297435;0.10956837;504;0.36
relu;(50, 50, 50);0.1;0.001;l2;0.01;32;0.8;0.999;1.00E-06;0.022297438;0.109568248;506;0.41
relu;(50, 50, 50);0.1;0.01;none;0.0001;32;0.99;0.99;1.00E-08;0.022299292;0.10949421;506;1.24
relu;(100, 50, 25);0.1;0.01;l1;1.00E-05;32;0.8;0.99;1.00E-06;0.022299494;0.10948612;506;1.12
relu;(100, 50, 25);0.1;0.01;l1;1.00E-05;16;0.9;0.999;1.00E-06;0.02230158;0.109402824;506;0.98
relu;(100, 100, 100, 50);0;0.03;l2;1.00E-05;64;0.9;0.999;1.00E-06;0.022301955;0.109387853;504;1.21
relu;(100, 50, 25);0;0.01;none;1.00E-05;16;0.9;0.999;1.00E-06;0.022302407;0.109369814;506;0.64
relu;(100, 100, 100, 50);0;0.001;l1;0.0001;16;0.8;0.9;1.00E-08;0.022302856;0.109351885;506;1.14
relu;(100, 100, 100, 50);0;0.01;l2;1.00E-05;32;0.9;0.9;1.00E-08;0.022302993;0.109346384;506;1.23
relu;(100, 100, 100, 50);0;0.001;l2;1.00E-05;16;0.99;0.999;1.00E-06;0.022303112;0.109341633;506;1.23
relu;(100, 100, 100, 50);0.1;0.01;l1;1.00E-05;32;0.8;0.9;1.00E-08;0.022306616;0.109201696;506;1.5
relu;(50, 50, 50);0.1;0.01;none;1.00E-05;32;0.99;0.99;1.00E-08;0.022309987;0.10906709;506;0.41
relu;(100, 50, 25);0;0.03;l2;0.0001;32;0.8;0.99;1.00E-06;0.022311078;0.109023512;506;0.64
relu;(50, 50, 50);0;0.01;l2;0.01;16;0.9;0.999;1.00E-06;0.022311839;0.108993122;506;0.36
relu;(50, 50, 50);0;0.01;l1;1.00E-05;16;0.9;0.9;1.00E-06;0.02231196;0.108988324;506;0.35
relu;(100, 100, 100, 50);0;0.03;l2;1.00E-05;16;0.9;0.9;1.00E-08;0.022312743;0.108957031;506;1.19
relu;(50, 50, 50);0;0.001;l2;0.01;64;0.9;0.999;1.00E-06;0.022312983;0.108947462;504;0.42
relu;(100, 100, 100, 50);0;0.001;none;0.0001;32;0.99;0.9;1.00E-08;0.022314727;0.108877794;506;1.19
relu;(50, 50, 50);0;0.001;none;0.0001;64;0.99;0.999;1.00E-06;0.022316044;0.108825208;504;1.45
relu;(100, 100, 100, 50);0.1;0.001;none;1.00E-05;16;0.9;0.999;1.00E-08;0.022316436;0.108809558;506;1.56
relu;(50, 50, 50);0;0.03;none;1.00E-05;32;0.9;0.999;1.00E-06;0.022316444;0.108809244;506;0.4
relu;(50, 50, 50);0.1;0.03;l1;1.00E-05;16;0.9;0.99;1.00E-08;0.022316641;0.108801385;506;0.7
relu;(50, 50, 50);0.1;0.01;l2;0.0001;16;0.9;0.999;1.00E-06;0.022318572;0.10872427;506;0.51
relu;(100, 100, 100, 50);0;0.01;l1;1.00E-05;32;0.9;0.9;1.00E-08;0.022319268;0.10869648;506;1.47
relu;(50, 50, 50);0.1;0.001;none;0.01;32;0.99;0.999;1.00E-08;0.022322906;0.108551179;506;0.4
relu;(50, 50, 50);0;0.001;l2;0.0001;32;0.99;0.99;1.00E-06;0.022323153;0.108541309;506;0.36
relu;(100, 50, 25);0.1;0.01;l1;0.0001;32;0.8;0.999;1.00E-06;0.022323215;0.108538854;506;1.02
relu;(100, 50, 25);0.3;0.01;none;0.0001;64;0.9;0.9;1.00E-08;0.02232417;0.108500702;504;0.47
relu;(100, 100, 100, 50);0;0.01;none;0.01;64;0.8;0.999;1.00E-06;0.022324657;0.10848128;504;1.41
relu;(100, 100, 100, 50);0;0.01;l2;1.00E-05;16;0.99;0.999;1.00E-06;0.022325196;0.108459741;506;1
relu;(50, 50, 50);0;0.001;none;0.0001;16;0.99;0.9;1.00E-08;0.022325767;0.108436941;506;0.31
relu;(50, 50, 50);0;0.01;l1;0.0001;64;0.8;0.9;1.00E-08;0.022326104;0.108423482;504;0.46
relu;(50, 50, 50);0.1;0.001;l2;1.00E-05;16;0.99;0.9;1.00E-06;0.02232736;0.1083733;506;0.38
relu;(100, 50, 25);0;0.001;l1;0.0001;32;0.99;0.999;1.00E-06;0.022327382;0.10837246;506;0.74
relu;(100, 50, 25);0.1;0.001;l2;0.0001;16;0.8;0.999;1.00E-06;0.022327588;0.108364225;506;0.81
relu;(100, 50, 25);0;0.03;l1;1.00E-05;32;0.8;0.99;1.00E-06;0.022327687;0.108360265;506;0.38
relu;(50, 50, 50);0;0.03;l1;1.00E-05;32;0.99;0.999;1.00E-06;0.022328503;0.108327685;506;0.4
relu;(100, 100, 100, 50);0.1;0.03;l1;1.00E-05;32;0.9;0.999;1.00E-08;0.022328695;0.108320001;506;1.87
relu;(100, 50, 25);0;0.01;none;0.0001;16;0.8;0.99;1.00E-06;0.02232874;0.108318202;506;0.59
relu;(100, 100, 100, 50);0;0.001;none;0.0001;64;0.99;0.999;1.00E-06;0.02232876;0.108317408;504;1.64
relu;(100, 50, 25);0.1;0.03;l1;1.00E-05;16;0.9;0.999;1.00E-08;0.02232882;0.108315026;506;0.89
relu;(100, 50, 25);0.3;0.01;l2;0.0001;64;0.9;0.99;1.00E-06;0.022329355;0.108293656;504;0.97
relu;(100, 100, 100, 50);0;0.01;l1;1.00E-05;16;0.9;0.99;1.00E-08;0.022329783;0.108276578;506;1.3
relu;(100, 50, 25);0.1;0.001;none;0.01;16;0.8;0.999;1.00E-06;0.022330592;0.108244263;506;0.42
relu;(100, 50, 25);0.1;0.001;l2;0.01;16;0.8;0.9;1.00E-06;0.022331615;0.108203385;506;0.84
relu;(100, 100, 100, 50);0;0.01;l1;1.00E-05;64;0.9;0.999;1.00E-06;0.022331732;0.108198711;504;1.66
relu;(100, 50, 25);0;0.03;l2;0.0001;16;0.8;0.999;1.00E-06;0.022332021;0.108187205;506;0.31
relu;(100, 100, 100, 50);0;0.001;l1;0.0001;32;0.99;0.99;1.00E-08;0.022332643;0.108162359;506;1.21
relu;(50, 50, 50);0;0.03;none;1.00E-05;32;0.99;0.99;1.00E-06;0.022332669;0.10816129;506;0.36
relu;(100, 50, 25);0;0.001;l1;0.0001;16;0.99;0.999;1.00E-08;0.022333127;0.108143008;506;0.64
relu;(100, 100, 100, 50);0;0.03;l1;1.00E-05;32;0.9;0.99;1.00E-08;0.022333474;0.108129166;506;1.21
relu;(50, 50, 50);0.1;0.01;none;0.0001;16;0.8;0.99;1.00E-06;0.022334236;0.10809875;506;1.12
relu;(100, 50, 25);0;0.01;l1;1.00E-05;32;0.9;0.99;1.00E-08;0.022334904;0.108072044;506;0.84
relu;(100, 50, 25);0;0.01;l1;1.00E-05;32;0.99;0.9;1.00E-08;0.022335309;0.108055885;506;0.82
relu;(100, 100, 100, 50);0;0.03;none;0.0001;16;0.8;0.999;1.00E-08;0.022336456;0.10801008;506;1.03
relu;(100, 50, 25);0;0.03;l2;0.0001;32;0.99;0.99;1.00E-08;0.022337462;0.107969906;506;1.17
relu;(100, 100, 100, 50);0;0.001;l1;0.0001;64;0.8;0.9;1.00E-08;0.022338115;0.107943806;504;1.36
relu;(100, 50, 25);0.1;0.001;l2;0.01;64;0.9;0.99;1.00E-08;0.022338383;0.107933118;504;1.2
relu;(100, 100, 100, 50);0;0.001;l2;0.01;16;0.99;0.9;1.00E-06;0.02233992;0.107871753;506;0.94
relu;(100, 50, 25);0.1;0.01;l1;1.00E-05;64;0.99;0.999;1.00E-06;0.022339929;0.107871369;504;1.16
relu;(100, 50, 25);0;0.01;l1;1.00E-05;64;0.8;0.999;1.00E-06;0.022340351;0.107854527;504;0.69
relu;(100, 50, 25);0;0.03;none;0.01;16;0.99;0.99;1.00E-06;0.022340423;0.10785167;506;0.27
relu;(100, 50, 25);0.1;0.001;none;0.0001;16;0.99;0.999;1.00E-06;0.022340692;0.107840899;506;0.33
relu;(100, 50, 25);0.1;0.001;l2;0.0001;64;0.99;0.9;1.00E-08;0.022341339;0.107815067;504;1.06
relu;(50, 50, 50);0;0.03;l2;1.00E-05;32;0.9;0.99;1.00E-08;0.02234192;0.107791881;506;0.71
relu;(100, 50, 25);0.1;0.001;none;0.0001;32;0.8;0.9;1.00E-08;0.022341928;0.107791541;506;0.4
relu;(100, 50, 25);0;0.03;none;0.01;64;0.8;0.9;1.00E-08;0.022343254;0.107738614;504;0.36
relu;(100, 50, 25);0;0.03;l2;1.00E-05;64;0.99;0.99;1.00E-06;0.022343367;0.107734105;504;0.33
relu;(100, 50, 25);0;0.03;none;1.00E-05;32;0.8;0.9;1.00E-08;0.022344434;0.107691481;506;0.28
relu;(50, 50, 50);0;0.01;none;0.0001;64;0.99;0.9;1.00E-08;0.022345009;0.107668538;504;0.38
relu;(100, 50, 25);0.1;0.03;l2;1.00E-05;64;0.9;0.999;1.00E-06;0.022345307;0.107656625;504;0.98
relu;(50, 50, 50);0;0.01;l2;0.0001;32;0.99;0.99;1.00E-08;0.022345495;0.107649101;506;0.33
relu;(100, 100, 100, 50);0;0.001;l1;0.0001;32;0.99;0.9;1.00E-08;0.02234622;0.107620172;506;1.3
relu;(100, 50, 25);0;0.01;l2;0.01;64;0.8;0.999;1.00E-08;0.022346712;0.107600492;504;0.36
relu;(50, 50, 50);0.1;0.01;none;0.0001;16;0.8;0.999;1.00E-06;0.022347902;0.107552998;506;1.31
relu;(100, 100, 100, 50);0.1;0.001;none;1.00E-05;16;0.9;0.9;1.00E-08;0.022347923;0.107552144;506;1.6
relu;(50, 50, 50);0.1;0.01;none;0.0001;32;0.99;0.999;1.00E-06;0.022349778;0.107478071;506;0.74
relu;(50, 50, 50);0.1;0.03;l1;1.00E-05;64;0.9;0.9;1.00E-06;0.022350829;0.107436086;504;0.66
relu;(100, 50, 25);0;0.03;none;1.00E-05;32;0.9;0.9;1.00E-06;0.022352171;0.107382513;506;0.41
relu;(100, 100, 100, 50);0;0.03;none;0.0001;64;0.8;0.9;1.00E-06;0.022352603;0.107365251;504;1.35
relu;(100, 50, 25);0;0.001;none;0.0001;32;0.99;0.999;1.00E-08;0.02235279;0.107357797;506;1.44
relu;(100, 100, 100, 50);0;0.001;none;0.0001;64;0.9;0.9;1.00E-08;0.022353031;0.107348151;504;1.62
relu;(100, 50, 25);0;0.01;l2;1.00E-05;32;0.9;0.9;1.00E-08;0.022353789;0.107317905;506;0.3
relu;(100, 50, 25);0;0.01;none;0.01;64;0.8;0.99;1.00E-06;0.022353973;0.107310551;504;0.95
relu;(100, 100, 100, 50);0;0.01;none;0.0001;32;0.9;0.9;1.00E-08;0.022354042;0.107307797;506;1.24
relu;(100, 50, 25);0;0.03;none;1.00E-05;16;0.99;0.99;1.00E-08;0.02235572;0.107240802;506;0.27
relu;(100, 100, 100, 50);0;0.01;l1;1.00E-05;16;0.99;0.99;1.00E-06;0.022357722;0.10716083;506;1.24
relu;(50, 50, 50);0;0.001;l1;0.0001;32;0.8;0.99;1.00E-08;0.022357948;0.107151826;506;1.09
relu;(100, 100, 100, 50);0;0.03;l1;1.00E-05;32;0.99;0.999;1.00E-08;0.022358389;0.107134206;506;1.13
relu;(100, 100, 100, 50);0;0.001;l1;0.0001;16;0.8;0.99;1.00E-08;0.022359891;0.107074224;506;1.03
relu;(100, 100, 100, 50);0.1;0.01;none;0.01;64;0.99;0.99;1.00E-08;0.022360426;0.107052869;504;1.63
relu;(100, 100, 100, 50);0.1;0.001;none;0.0001;32;0.99;0.9;1.00E-08;0.022361604;0.107005825;506;1.38
relu;(100, 50, 25);0.1;0.001;l2;0.01;32;0.8;0.999;1.00E-08;0.022362065;0.106987383;506;0.97
relu;(100, 100, 100, 50);0.1;0.03;l2;1.00E-05;64;0.9;0.999;1.00E-08;0.022362188;0.106982482;504;1.28
relu;(50, 50, 50);0;0.01;none;0.0001;32;0.8;0.9;1.00E-06;0.022362955;0.106951856;506;0.36
relu;(100, 50, 25);0;0.01;l1;0.0001;32;0.8;0.99;1.00E-08;0.022363796;0.106918259;506;0.36
relu;(100, 100, 100, 50);0;0.001;l2;0.01;64;0.9;0.9;1.00E-08;0.02236422;0.106901338;504;1.39
relu;(50, 50, 50);0;0.03;l2;1.00E-05;16;0.8;0.999;1.00E-08;0.022364631;0.106884933;506;0.38
relu;(50, 50, 50);0;0.03;l1;1.00E-05;16;0.99;0.99;1.00E-06;0.022364776;0.106879146;506;0.43
relu;(100, 100, 100, 50);0;0.03;l1;0.0001;64;0.8;0.999;1.00E-06;0.022365474;0.106851257;504;1.59
relu;(100, 100, 100, 50);0.1;0.001;l2;1.00E-05;32;0.8;0.99;1.00E-08;0.022366396;0.106814444;506;1.42
relu;(50, 50, 50);0.1;0.03;none;1.00E-05;32;0.9;0.999;1.00E-08;0.022366971;0.106791465;506;0.84
relu;(100, 50, 25);0;0.03;l2;1.00E-05;16;0.9;0.999;1.00E-06;0.022367892;0.106754685;506;0.46
relu;(100, 50, 25);0;0.03;l1;0.0001;16;0.9;0.9;1.00E-06;0.022368096;0.10674656;506;0.53
relu;(100, 100, 100, 50);0.1;0.001;none;0.0001;64;0.9;0.99;1.00E-08;0.022369242;0.1067008;504;1.67
relu;(100, 50, 25);0.1;0.01;none;0.01;16;0.99;0.99;1.00E-08;0.022369398;0.106694546;506;0.66
relu;(100, 100, 100, 50);0;0.01;none;0.0001;16;0.9;0.999;1.00E-08;0.022370288;0.106659031;506;1.16
relu;(100, 50, 25);0;0.01;l1;0.0001;32;0.9;0.99;1.00E-08;0.022370645;0.106644779;506;0.36
relu;(50, 50, 50);0;0.03;l1;1.00E-05;64;0.8;0.999;1.00E-06;0.02237104;0.106629007;504;0.48
relu;(50, 50, 50);0;0.03;none;1.00E-05;16;0.99;0.99;1.00E-06;0.022374176;0.106503751;506;0.31
relu;(100, 50, 25);0;0.01;none;1.00E-05;16;0.9;0.99;1.00E-06;0.022376179;0.106423781;506;0.57
relu;(100, 100, 100, 50);0.1;0.001;l1;0.0001;32;0.99;0.999;1.00E-06;0.022377295;0.106379186;506;1.74
relu;(100, 50, 25);0;0.01;none;0.0001;32;0.99;0.99;1.00E-08;0.022377345;0.106377208;506;0.68
relu;(50, 50, 50);0;0.01;l1;0.0001;16;0.99;0.9;1.00E-08;0.022377622;0.106366145;506;0.38
relu;(100, 50, 25);0;0.01;l2;0.0001;64;0.99;0.9;1.00E-08;0.022377962;0.106352578;504;0.4
relu;(100, 100, 100, 50);0.1;0.001;l2;1.00E-05;64;0.99;0.9;1.00E-06;0.022378272;0.106340205;504;1.86
relu;(50, 50, 50);0.1;0.03;l2;0.0001;64;0.9;0.99;1.00E-08;0.022378447;0.106333207;504;0.51
relu;(100, 50, 25);0.1;0.03;l2;1.00E-05;64;0.8;0.999;1.00E-06;0.022378513;0.106330551;504;0.88
relu;(100, 100, 100, 50);0;0.01;none;0.0001;64;0.8;0.999;1.00E-08;0.022378674;0.106324137;504;1.35
relu;(50, 50, 50);0.1;0.03;none;0.01;64;0.9;0.999;1.00E-06;0.022379154;0.106304981;504;0.61
relu;(100, 50, 25);0;0.01;l2;1.00E-05;16;0.9;0.999;1.00E-06;0.022379279;0.106299991;506;0.41
relu;(50, 50, 50);0.1;0.01;l2;0.0001;32;0.8;0.9;1.00E-08;0.022379404;0.106294984;506;0.58
relu;(50, 50, 50);0.1;0.03;l1;1.00E-05;16;0.9;0.999;1.00E-08;0.022379489;0.106291602;506;0.48
relu;(50, 50, 50);0.1;0.03;none;0.0001;32;0.8;0.99;1.00E-08;0.022380095;0.1062674;506;0.83
relu;(100, 50, 25);0.1;0.01;l2;1.00E-05;64;0.8;0.9;1.00E-08;0.022381758;0.106200978;504;0.87
relu;(100, 50, 25);0;0.03;none;0.01;16;0.8;0.999;1.00E-08;0.022382321;0.106178487;506;0.28
relu;(50, 50, 50);0.1;0.001;l2;1.00E-05;16;0.9;0.99;1.00E-06;0.022382849;0.106157422;506;0.41
relu;(100, 100, 100, 50);0;0.03;l2;1.00E-05;64;0.8;0.9;1.00E-08;0.022383821;0.106118576;504;1.35
relu;(100, 50, 25);0;0.001;l1;1.00E-05;32;0.8;0.9;1.00E-06;0.022384331;0.106098242;506;0.72
relu;(50, 50, 50);0.1;0.01;none;0.01;64;0.9;0.999;1.00E-06;0.022385431;0.106054313;504;0.82
relu;(100, 50, 25);0;0.03;none;0.01;64;0.9;0.99;1.00E-06;0.022385726;0.106042506;504;0.36
relu;(100, 100, 100, 50);0;0.01;none;0.0001;16;0.9;0.9;1.00E-06;0.022386506;0.106011377;506;1.14
relu;(100, 100, 100, 50);0;0.001;l2;0.01;32;0.8;0.9;1.00E-06;0.022386919;0.105994892;506;1.11
relu;(100, 100, 100, 50);0.1;0.01;l1;0.0001;16;0.9;0.999;1.00E-08;0.022387107;0.105987355;506;1.84
relu;(50, 50, 50);0;0.01;none;0.0001;64;0.9;0.9;1.00E-06;0.022387528;0.105970553;504;0.38
relu;(100, 50, 25);0;0.01;l1;1.00E-05;64;0.99;0.9;1.00E-08;0.022388017;0.105951046;504;0.84
relu;(100, 100, 100, 50);0;0.01;none;0.0001;16;0.8;0.9;1.00E-06;0.022389227;0.105902687;506;1.17
relu;(50, 50, 50);0;0.001;l1;0.0001;16;0.9;0.9;1.00E-06;0.022389305;0.105899576;506;1.06
relu;(50, 50, 50);0;0.01;l1;1.00E-05;16;0.99;0.99;1.00E-06;0.022390779;0.105840719;506;0.38
relu;(100, 100, 100, 50);0.1;0.01;l1;0.0001;64;0.8;0.999;1.00E-06;0.022390935;0.10583451;504;2.32
relu;(50, 50, 50);0.1;0.01;l2;0.0001;64;0.99;0.999;1.00E-08;0.022390948;0.105833975;504;0.76
relu;(100, 100, 100, 50);0.1;0.03;none;0.0001;16;0.8;0.9;1.00E-06;0.02239198;0.10579276;506;1.3
relu;(100, 50, 25);0.1;0.03;none;0.01;16;0.9;0.99;1.00E-06;0.022392744;0.105762248;506;0.73
relu;(100, 100, 100, 50);0;0.03;none;0.01;64;0.8;0.999;1.00E-08;0.022393609;0.105727733;504;1.51
relu;(100, 50, 25);0.1;0.001;l1;1.00E-05;16;0.8;0.9;1.00E-08;0.022394234;0.105702756;506;0.93
relu;(50, 50, 50);0;0.01;l2;1.00E-05;32;0.9;0.9;1.00E-06;0.022394578;0.105689032;506;0.4
relu;(100, 50, 25);0;0.03;l2;0.0001;32;0.8;0.999;1.00E-08;0.022395232;0.105662916;506;0.45
relu;(100, 100, 100, 50);0.1;0.001;none;0.0001;16;0.99;0.999;1.00E-08;0.022396275;0.105621236;506;1.16
relu;(100, 100, 100, 50);0.1;0.01;none;1.00E-05;32;0.9;0.9;1.00E-08;0.022396535;0.105610877;506;1.41
relu;(100, 50, 25);0.1;0.03;none;0.0001;32;0.8;0.99;1.00E-08;0.022397521;0.105571497;506;0.91
relu;(100, 50, 25);0.1;0.03;l2;1.00E-05;32;0.9;0.99;1.00E-08;0.022398527;0.105531304;506;0.91
relu;(100, 50, 25);0.1;0.001;none;0.0001;32;0.8;0.999;1.00E-08;0.022398977;0.105513355;506;0.37
relu;(100, 100, 100, 50);0;0.01;l2;0.0001;64;0.9;0.99;1.00E-06;0.022399084;0.105509062;504;1.52
relu;(100, 50, 25);0;0.03;none;1.00E-05;16;0.8;0.99;1.00E-08;0.022399698;0.105484547;506;0.39
relu;(50, 50, 50);0.1;0.01;l1;1.00E-05;16;0.8;0.999;1.00E-08;0.022401105;0.105428385;506;0.67
relu;(100, 50, 25);0;0.01;l2;0.0001;64;0.99;0.99;1.00E-06;0.022401539;0.105411021;504;0.36
relu;(100, 100, 100, 50);0.1;0.01;l1;1.00E-05;32;0.99;0.999;1.00E-06;0.022401672;0.105405714;506;1.7
relu;(100, 100, 100, 50);0.1;0.001;l2;0.01;32;0.8;0.9;1.00E-08;0.022402045;0.105390821;506;1.79
relu;(100, 50, 25);0.1;0.03;none;0.01;32;0.8;0.99;1.00E-08;0.022402312;0.105380174;506;0.81
relu;(100, 100, 100, 50);0;0.03;l1;1.00E-05;16;0.9;0.999;1.00E-08;0.022402662;0.105366205;506;1.19
relu;(100, 50, 25);0;0.03;none;0.0001;64;0.9;0.9;1.00E-08;0.022404442;0.105295113;504;0.37
relu;(100, 100, 100, 50);0.1;0.001;none;1.00E-05;64;0.9;0.9;1.00E-08;0.022405046;0.105270977;504;1.78
relu;(100, 100, 100, 50);0;0.03;l1;1.00E-05;16;0.9;0.999;1.00E-06;0.022405179;0.105265689;506;1.22
relu;(100, 50, 25);0;0.01;l2;0.01;16;0.8;0.9;1.00E-06;0.022405709;0.105244497;506;0.28
relu;(100, 100, 100, 50);0;0.01;none;0.0001;16;0.8;0.99;1.00E-08;0.022407115;0.10518837;506;1.18
relu;(100, 100, 100, 50);0;0.03;none;0.01;16;0.8;0.99;1.00E-06;0.022407116;0.105188323;506;1.17
relu;(100, 100, 100, 50);0.1;0.01;none;1.00E-05;32;0.99;0.999;1.00E-08;0.022407305;0.105180789;506;1.45
relu;(50, 50, 50);0.1;0.01;l1;1.00E-05;32;0.8;0.999;1.00E-06;0.022407643;0.10516726;506;0.86
relu;(50, 50, 50);0.1;0.001;l2;0.0001;64;0.99;0.9;1.00E-08;0.022408669;0.105126305;504;0.57
relu;(50, 50, 50);0.1;0.03;none;1.00E-05;64;0.8;0.9;1.00E-08;0.022409053;0.10511097;504;0.78
relu;(100, 50, 25);0.1;0.03;none;0.0001;16;0.8;0.9;1.00E-08;0.022409561;0.105090684;506;0.91
relu;(50, 50, 50);0;0.03;none;0.0001;64;0.99;0.999;1.00E-06;0.022409921;0.105076287;504;0.39
relu;(100, 100, 100, 50);0;0.03;l2;0.0001;32;0.8;0.999;1.00E-06;0.02241037;0.10505838;506;1.11
relu;(100, 50, 25);0;0.01;l2;0.01;32;0.9;0.9;1.00E-08;0.022410693;0.105045466;506;0.29
relu;(100, 50, 25);0.1;0.01;l1;1.00E-05;64;0.99;0.99;1.00E-08;0.02241138;0.105018025;504;1.12
relu;(100, 50, 25);0.1;0.03;none;0.01;32;0.8;0.99;1.00E-06;0.022412312;0.104980819;506;0.78
relu;(100, 100, 100, 50);0.1;0.01;none;0.01;32;0.8;0.999;1.00E-08;0.022412319;0.104980526;506;1.7
relu;(100, 50, 25);0;0.03;none;0.01;64;0.99;0.999;1.00E-08;0.02241257;0.104970522;504;0.37
relu;(100, 50, 25);0.1;0.03;none;0.0001;16;0.9;0.9;1.00E-08;0.022412636;0.104967887;506;0.97
relu;(50, 50, 50);0;0.03;l2;1.00E-05;16;0.8;0.9;1.00E-08;0.022413025;0.104952359;506;0.35
relu;(50, 50, 50);0.1;0.01;none;0.0001;16;0.8;0.999;1.00E-08;0.022413284;0.104941992;506;1.3
relu;(100, 100, 100, 50);0;0.001;none;1.00E-05;32;0.99;0.99;1.00E-08;0.022413649;0.104927419;506;1.3
relu;(50, 50, 50);0.1;0.01;l2;0.0001;32;0.9;0.9;1.00E-06;0.022415128;0.104868367;506;0.67
relu;(50, 50, 50);0.1;0.01;l1;0.0001;32;0.8;0.9;1.00E-06;0.022416478;0.104814475;506;0.81
relu;(100, 100, 100, 50);0;0.001;l1;0.0001;16;0.9;0.9;1.00E-06;0.022416675;0.104806605;506;1.05
relu;(50, 50, 50);0;0.03;none;0.0001;64;0.8;0.999;1.00E-08;0.022416714;0.104805035;504;0.38
relu;(100, 100, 100, 50);0;0.01;l1;1.00E-05;32;0.9;0.99;1.00E-06;0.022417157;0.104787325;506;1.41
relu;(100, 50, 25);0.1;0.01;l1;0.0001;16;0.9;0.999;1.00E-08;0.022417213;0.104785089;506;0.97
relu;(100, 50, 25);0;0.001;l2;0.0001;32;0.9;0.9;1.00E-06;0.022417671;0.104766812;506;0.8
relu;(50, 50, 50);0.1;0.001;l2;1.00E-05;32;0.99;0.99;1.00E-08;0.02241857;0.104730924;506;0.43
relu;(100, 100, 100, 50);0.1;0.03;l2;1.00E-05;64;0.8;0.99;1.00E-06;0.022418603;0.104729592;504;1.2
relu;(50, 50, 50);0.3;0.01;none;0.0001;32;0.8;0.9;1.00E-08;0.022418622;0.104728857;506;0.77
relu;(100, 50, 25);0;0.03;l2;0.0001;64;0.9;0.9;1.00E-06;0.022418978;0.104714602;504;0.37
relu;(100, 100, 100, 50);0.1;0.03;none;0.0001;32;0.8;0.99;1.00E-06;0.022419472;0.104694894;506;1.46
relu;(100, 100, 100, 50);0.1;0.03;l2;0.0001;64;0.8;0.99;1.00E-06;0.022420263;0.104663303;504;0.98
relu;(50, 50, 50);0.1;0.03;l2;0.0001;32;0.9;0.99;1.00E-08;0.022420809;0.104641516;506;0.78
relu;(50, 50, 50);0;0.03;none;0.01;64;0.8;0.999;1.00E-06;0.022421002;0.104633803;504;0.46
relu;(100, 50, 25);0.3;0.01;l2;0.0001;32;0.9;0.9;1.00E-08;0.022423116;0.104549355;506;0.97
relu;(50, 50, 50);0.1;0.001;l2;0.01;32;0.8;0.999;1.00E-08;0.022423559;0.104531683;506;0.45
relu;(50, 50, 50);0;0.03;l1;1.00E-05;32;0.8;0.99;1.00E-08;0.022426171;0.104427382;506;0.42
relu;(100, 100, 100, 50);0;0.01;l2;0.0001;32;0.99;0.999;1.00E-06;0.022427188;0.10438675;506;1.33
relu;(50, 50, 50);0.1;0.03;l2;0.0001;64;0.9;0.999;1.00E-06;0.02242733;0.104381076;504;0.8
relu;(50, 50, 50);0;0.01;l2;0.0001;16;0.8;0.99;1.00E-06;0.022427573;0.104371376;506;0.36
relu;(100, 50, 25);0.1;0.001;l2;1.00E-05;64;0.99;0.99;1.00E-06;0.022427904;0.104358149;504;1.05
relu;(100, 100, 100, 50);0;0.01;none;0.0001;32;0.8;0.9;1.00E-06;0.02242815;0.104348333;506;1.32
relu;(100, 50, 25);0;0.01;none;0.01;64;0.9;0.99;1.00E-06;0.022428295;0.104342551;504;0.93
relu;(100, 100, 100, 50);0.1;0.01;none;0.0001;64;0.99;0.99;1.00E-06;0.022428801;0.104322347;504;1.96
relu;(50, 50, 50);0.1;0.03;l2;1.00E-05;16;0.9;0.999;1.00E-08;0.022429565;0.104291824;506;0.74
relu;(50, 50, 50);0.1;0.03;l2;1.00E-05;64;0.9;0.9;1.00E-08;0.022429837;0.10428099;504;0.7
relu;(100, 100, 100, 50);0.1;0.001;l2;1.00E-05;32;0.8;0.999;1.00E-08;0.022429952;0.104276371;506;1.32
relu;(100, 100, 100, 50);0;0.001;none;0.0001;64;0.99;0.9;1.00E-08;0.02243058;0.104251286;504;1.45
relu;(100, 50, 25);0.3;0.001;none;1.00E-05;32;0.99;0.9;1.00E-06;0.022430594;0.104250764;506;0.47
relu;(50, 50, 50);0;0.01;none;1.00E-05;64;0.8;0.9;1.00E-06;0.022431753;0.104204478;504;0.38
relu;(100, 100, 100, 50);0;0.01;none;1.00E-05;64;0.9;0.9;1.00E-06;0.022432457;0.10417633;504;1.54
relu;(50, 50, 50);0.1;0.01;l2;1.00E-05;16;0.8;0.99;1.00E-08;0.022432596;0.1041708;506;0.55
relu;(100, 50, 25);0.1;0.01;none;0.0001;16;0.99;0.99;1.00E-08;0.022433344;0.104140916;506;0.92
relu;(50, 50, 50);0;0.01;none;0.01;64;0.99;0.99;1.00E-08;0.022433442;0.104137;504;0.37
relu;(100, 50, 25);0.1;0.01;l1;0.0001;16;0.99;0.99;1.00E-06;0.022433745;0.104124893;506;1.03
relu;(100, 50, 25);0;0.03;l2;1.00E-05;64;0.9;0.9;1.00E-06;0.02243456;0.104092376;504;0.38
relu;(50, 50, 50);0.1;0.03;none;0.01;32;0.9;0.999;1.00E-06;0.022434842;0.104081091;506;0.78
relu;(100, 100, 100, 50);0;0.03;none;0.0001;32;0.9;0.9;1.00E-08;0.022434987;0.104075311;506;1.26
relu;(100, 50, 25);0;0.03;l1;1.00E-05;16;0.9;0.999;1.00E-08;0.022436312;0.104022391;506;0.4
relu;(100, 50, 25);0;0.01;none;0.0001;16;0.9;0.9;1.00E-06;0.022436729;0.104005734;506;0.61
relu;(50, 50, 50);0.3;0.01;l1;1.00E-05;16;0.8;0.99;1.00E-06;0.022439934;0.103877777;506;0.68
relu;(100, 50, 25);0;0.01;none;0.01;16;0.8;0.9;1.00E-08;0.022440127;0.103870045;506;0.6
relu;(50, 50, 50);0.1;0.001;l2;0.01;32;0.9;0.99;1.00E-06;0.022440785;0.103843775;506;0.45
relu;(100, 100, 100, 50);0.1;0.01;l2;0.0001;32;0.8;0.99;1.00E-06;0.022440834;0.103841799;506;1.48
relu;(100, 50, 25);0.1;0.01;none;0.01;16;0.99;0.999;1.00E-08;0.022441193;0.103827482;506;0.82
relu;(100, 100, 100, 50);0.1;0.01;none;0.01;16;0.9;0.999;1.00E-08;0.022441638;0.10380973;506;1.54
relu;(50, 50, 50);0.1;0.03;none;0.01;16;0.9;0.99;1.00E-06;0.022441667;0.103808545;506;0.75
relu;(50, 50, 50);0;0.03;l2;1.00E-05;64;0.9;0.999;1.00E-06;0.022442016;0.103794627;504;1.49
relu;(100, 50, 25);0.1;0.001;l2;0.01;16;0.8;0.999;1.00E-06;0.022442038;0.103793744;506;0.84
relu;(100, 100, 100, 50);0;0.03;l1;0.0001;16;0.9;0.9;1.00E-08;0.022442112;0.103790778;506;1.13
relu;(50, 50, 50);0;0.03;l2;0.0001;16;0.8;0.999;1.00E-08;0.022442556;0.103773048;506;1
relu;(100, 100, 100, 50);0;0.001;l2;0.0001;64;0.9;0.999;1.00E-08;0.022442802;0.103763231;504;1.33
relu;(100, 50, 25);0;0.03;l2;1.00E-05;16;0.99;0.9;1.00E-08;0.022443071;0.103752481;506;0.37
relu;(100, 50, 25);0.1;0.01;l1;1.00E-05;16;0.8;0.9;1.00E-06;0.022443723;0.103726459;506;0.81
relu;(50, 50, 50);0;0.03;l2;0.01;64;0.99;0.999;1.00E-08;0.022444104;0.103711228;504;1.27
relu;(100, 50, 25);0;0.001;none;1.00E-05;32;0.8;0.999;1.00E-08;0.022444441;0.103697773;506;1.42
relu;(50, 50, 50);0;0.01;l1;1.00E-05;32;0.9;0.999;1.00E-06;0.022444595;0.103691645;506;0.36
relu;(100, 100, 100, 50);0.1;0.01;l1;1.00E-05;32;0.8;0.999;1.00E-08;0.022444841;0.103681818;506;1.48
relu;(100, 50, 25);0;0.001;l2;0.01;32;0.9;0.99;1.00E-08;0.022445083;0.103672133;506;0.83
relu;(50, 50, 50);0.1;0.03;l2;0.0001;16;0.9;0.9;1.00E-08;0.022446633;0.103610253;506;0.66
relu;(100, 50, 25);0;0.01;l2;1.00E-05;32;0.8;0.9;1.00E-06;0.022447068;0.103592853;506;0.34
relu;(50, 50, 50);0;0.001;l1;1.00E-05;16;0.9;0.9;1.00E-08;0.02244732;0.103582799;506;1.13
relu;(100, 50, 25);0;0.01;none;0.01;32;0.99;0.99;1.00E-06;0.022447352;0.103581515;506;0.71
relu;(100, 50, 25);0;0.03;l1;1.00E-05;16;0.8;0.99;1.00E-08;0.022447455;0.103577404;506;0.35
relu;(100, 100, 100, 50);0;0.03;none;1.00E-05;64;0.8;0.99;1.00E-06;0.022447542;0.10357394;504;1.31
relu;(100, 50, 25);0.1;0.01;none;1.00E-05;32;0.8;0.99;1.00E-06;0.02244797;0.10355683;506;1.06
relu;(100, 50, 25);0;0.03;none;0.0001;16;0.9;0.999;1.00E-06;0.022448372;0.103540795;506;0.26
relu;(100, 50, 25);0;0.001;l2;0.01;64;0.8;0.99;1.00E-08;0.022449621;0.103490931;504;0.8
relu;(100, 50, 25);0.1;0.01;none;0.0001;64;0.9;0.999;1.00E-08;0.02244964;0.103490145;504;0.96
relu;(100, 50, 25);0.1;0.01;none;0.0001;16;0.99;0.99;1.00E-06;0.022449751;0.103485706;506;0.81
relu;(100, 50, 25);0.1;0.01;none;0.0001;16;0.9;0.99;1.00E-08;0.022449962;0.103477302;506;1.02
relu;(100, 50, 25);0.1;0.001;none;0.0001;64;0.9;0.999;1.00E-06;0.0224508;0.103443832;504;0.52
relu;(100, 100, 100, 50);0;0.03;none;0.01;64;0.9;0.999;1.00E-06;0.022452207;0.103387634;504;1.53
relu;(100, 50, 25);0;0.01;l2;1.00E-05;32;0.9;0.999;1.00E-06;0.022452881;0.103360714;506;0.3
relu;(100, 50, 25);0;0.001;l1;1.00E-05;64;0.99;0.99;1.00E-08;0.022452906;0.103359735;504;0.81
relu;(100, 100, 100, 50);0;0.001;l1;0.0001;32;0.8;0.99;1.00E-06;0.022453117;0.103351312;506;1.13
relu;(100, 50, 25);0;0.01;none;1.00E-05;32;0.8;0.99;1.00E-08;0.02245348;0.103336823;506;0.67
relu;(50, 50, 50);0;0.01;l1;0.0001;16;0.8;0.999;1.00E-06;0.02245479;0.103284489;506;0.43
relu;(100, 100, 100, 50);0;0.01;none;1.00E-05;16;0.8;0.99;1.00E-08;0.022454943;0.103278399;506;1.17
relu;(100, 100, 100, 50);0;0.01;l2;0.01;64;0.9;0.9;1.00E-08;0.022455388;0.10326063;504;1.44
relu;(100, 100, 100, 50);0;0.03;l1;0.0001;32;0.8;0.999;1.00E-08;0.02245672;0.103207426;506;1.27
relu;(50, 50, 50);0;0.03;l2;0.0001;16;0.99;0.99;1.00E-06;0.022456871;0.103201373;506;0.91
relu;(100, 100, 100, 50);0;0.01;l2;0.0001;16;0.9;0.999;1.00E-08;0.022457294;0.103184503;506;1.14
relu;(100, 50, 25);0.1;0.03;none;0.0001;32;0.9;0.999;1.00E-08;0.022457407;0.103180007;506;0.94
relu;(100, 100, 100, 50);0;0.01;none;0.01;16;0.8;0.9;1.00E-06;0.02245754;0.103174682;506;0.94
relu;(100, 50, 25);0.1;0.001;l1;1.00E-05;16;0.9;0.9;1.00E-08;0.022457909;0.103159951;506;1.14
relu;(100, 50, 25);0;0.01;none;0.01;16;0.8;0.9;1.00E-06;0.022458215;0.103147722;506;0.58
relu;(100, 100, 100, 50);0.1;0.001;none;0.0001;32;0.8;0.9;1.00E-08;0.022458501;0.103136302;506;1.3
relu;(100, 100, 100, 50);0;0.001;l2;1.00E-05;32;0.9;0.999;1.00E-08;0.022458715;0.103127745;506;1.36
relu;(50, 50, 50);0.1;0.01;l2;1.00E-05;64;0.8;0.9;1.00E-08;0.022458726;0.103127319;504;0.87
relu;(100, 50, 25);0.1;0.03;l2;0.0001;16;0.8;0.999;1.00E-06;0.022458803;0.103124254;506;0.75
relu;(50, 50, 50);0;0.01;none;1.00E-05;32;0.99;0.9;1.00E-06;0.022458883;0.10312106;506;0.33
relu;(100, 50, 25);0;0.03;none;0.01;32;0.8;0.99;1.00E-08;0.022458944;0.103118617;506;0.3
relu;(100, 100, 100, 50);0.1;0.01;l1;0.0001;16;0.8;0.999;1.00E-08;0.02246191;0.103000167;506;1.69
relu;(100, 100, 100, 50);0.1;0.001;l2;1.00E-05;16;0.9;0.99;1.00E-08;0.022462459;0.102978234;506;1.5
relu;(100, 50, 25);0;0.03;none;0.01;32;0.99;0.99;1.00E-08;0.022462657;0.102970317;506;0.31
relu;(50, 50, 50);0;0.03;none;1.00E-05;64;0.99;0.99;1.00E-08;0.022463351;0.102942621;504;0.39
relu;(100, 50, 25);0;0.01;l2;1.00E-05;16;0.9;0.99;1.00E-08;0.022465648;0.102850904;506;0.27
relu;(100, 100, 100, 50);0;0.01;l1;1.00E-05;32;0.8;0.9;1.00E-08;0.022466598;0.102812962;506;1.37
relu;(50, 50, 50);0.1;0.001;l1;0.0001;64;0.8;0.999;1.00E-08;0.022466699;0.102808906;504;0.51
relu;(100, 50, 25);0;0.03;none;0.0001;16;0.8;0.999;1.00E-08;0.022466924;0.102799946;506;0.26
relu;(100, 50, 25);0;0.01;l1;1.00E-05;16;0.99;0.99;1.00E-06;0.022467817;0.102764264;506;0.87
relu;(100, 50, 25);0;0.01;l1;1.00E-05;16;0.8;0.99;1.00E-06;0.022468887;0.102721538;506;0.86
relu;(100, 100, 100, 50);0.1;0.001;l1;0.0001;64;0.9;0.99;1.00E-06;0.022469096;0.102713212;504;2.05
relu;(100, 50, 25);0;0.01;none;0.01;64;0.9;0.999;1.00E-06;0.022470318;0.102664408;504;0.79
relu;(100, 100, 100, 50);0.1;0.01;none;1.00E-05;16;0.8;0.9;1.00E-08;0.022470355;0.102662908;506;1.14
relu;(50, 50, 50);0.1;0.03;l1;1.00E-05;64;0.9;0.9;1.00E-08;0.022471141;0.102631535;504;0.62
relu;(50, 50, 50);0;0.001;none;1.00E-05;64;0.99;0.99;1.00E-06;0.022471862;0.102602754;504;0.44
relu;(50, 50, 50);0;0.01;l2;0.01;32;0.9;0.999;1.00E-08;0.022472394;0.10258149;506;0.32
relu;(100, 100, 100, 50);0;0.03;l2;1.00E-05;16;0.8;0.99;1.00E-08;0.022472805;0.102565093;506;1.14
relu;(50, 50, 50);0;0.001;l2;0.01;32;0.8;0.9;1.00E-06;0.022473289;0.102545753;506;0.36
relu;(100, 100, 100, 50);0.1;0.03;l1;1.00E-05;16;0.8;0.999;1.00E-06;0.022473573;0.102534394;506;1.45
relu;(100, 100, 100, 50);0;0.01;none;1.00E-05;16;0.8;0.999;1.00E-06;0.022473647;0.102531467;506;1.07
relu;(100, 50, 25);0.1;0.001;l1;1.00E-05;64;0.99;0.999;1.00E-06;0.022473762;0.102526877;504;1.45
relu;(100, 50, 25);0.1;0.001;none;0.0001;16;0.8;0.99;1.00E-08;0.022474262;0.102506877;506;0.34
relu;(50, 50, 50);0;0.001;l2;0.01;64;0.99;0.99;1.00E-06;0.022475895;0.102441691;504;0.44
relu;(100, 50, 25);0.1;0.03;l2;0.0001;64;0.8;0.9;1.00E-06;0.022477141;0.102391929;504;1.26
relu;(50, 50, 50);0.1;0.001;none;0.0001;32;0.8;0.999;1.00E-06;0.022477434;0.102380222;506;0.45
relu;(100, 50, 25);0;0.01;none;0.0001;16;0.8;0.9;1.00E-06;0.022477894;0.102361869;506;0.59
relu;(100, 50, 25);0;0.03;none;1.00E-05;32;0.8;0.99;1.00E-08;0.022477934;0.102360254;506;0.28
relu;(100, 50, 25);0;0.01;none;0.01;16;0.9;0.999;1.00E-08;0.022478018;0.10235691;506;0.58
relu;(100, 100, 100, 50);0;0.001;l2;0.01;64;0.99;0.999;1.00E-06;0.022478194;0.102349881;504;1.4
relu;(100, 50, 25);0.1;0.001;l1;1.00E-05;32;0.8;0.99;1.00E-08;0.022478308;0.102345337;506;1.01
relu;(100, 50, 25);0.3;0.01;l2;0.0001;64;0.9;0.9;1.00E-06;0.022478811;0.102325226;504;1.06
relu;(50, 50, 50);0.1;0.001;l2;0.01;64;0.8;0.99;1.00E-06;0.022478966;0.102319035;504;0.48
relu;(100, 100, 100, 50);0;0.01;l1;0.0001;16;0.8;0.99;1.00E-08;0.022479422;0.10230083;506;1.38
relu;(50, 50, 50);0;0.03;l2;1.00E-05;16;0.8;0.99;1.00E-06;0.022480095;0.102273964;506;0.36
relu;(100, 50, 25);0;0.01;none;0.0001;32;0.8;0.9;1.00E-08;0.022480292;0.102266096;506;0.68
relu;(100, 100, 100, 50);0.1;0.001;l2;0.01;32;0.8;0.999;1.00E-08;0.022481214;0.10222928;506;1.74
relu;(50, 50, 50);0.1;0.01;l1;1.00E-05;32;0.99;0.99;1.00E-08;0.022481846;0.102204052;506;0.8
relu;(100, 50, 25);0.1;0.001;none;0.01;32;0.9;0.999;1.00E-08;0.022482876;0.102162896;506;0.84
relu;(100, 50, 25);0;0.03;l2;1.00E-05;16;0.8;0.99;1.00E-08;0.022483493;0.102138262;506;0.29
relu;(100, 50, 25);0;0.03;l2;1.00E-05;32;0.9;0.999;1.00E-08;0.022485136;0.102072643;506;0.31
relu;(100, 50, 25);0;0.03;l1;0.0001;64;0.9;0.999;1.00E-08;0.022485389;0.102062552;504;0.43
relu;(100, 50, 25);0.1;0.03;none;0.01;32;0.9;0.99;1.00E-08;0.022485952;0.102040084;506;0.81
relu;(50, 50, 50);0;0.001;none;1.00E-05;16;0.99;0.9;1.00E-06;0.022486361;0.102023732;506;0.37
relu;(100, 50, 25);0;0.01;none;0.0001;64;0.9;0.99;1.00E-06;0.022486861;0.102003757;504;0.67
relu;(100, 100, 100, 50);0.1;0.01;none;0.0001;16;0.8;0.9;1.00E-06;0.0224872;0.101990212;506;1.42
relu;(50, 50, 50);0;0.01;l2;1.00E-05;32;0.9;0.999;1.00E-08;0.022487394;0.101982482;506;0.37
relu;(50, 50, 50);0;0.01;none;1.00E-05;64;0.8;0.99;1.00E-06;0.022487671;0.10197141;504;0.42
relu;(100, 50, 25);0.1;0.01;none;1.00E-05;32;0.99;0.99;1.00E-06;0.022488985;0.101918954;506;1.06
relu;(50, 50, 50);0.1;0.03;none;0.01;16;0.8;0.99;1.00E-08;0.022489259;0.101907992;506;0.79
relu;(100, 50, 25);0.1;0.01;none;0.0001;32;0.9;0.999;1.00E-08;0.022491248;0.101828578;506;0.94
relu;(100, 50, 25);0.1;0.01;none;1.00E-05;16;0.8;0.9;1.00E-06;0.022492935;0.101761213;506;0.97
relu;(50, 50, 50);0;0.03;l2;0.0001;16;0.8;0.9;1.00E-08;0.022494027;0.10171761;506;0.81
relu;(100, 100, 100, 50);0.1;0.01;none;0.01;16;0.8;0.999;1.00E-08;0.022494192;0.101710996;506;1.51
relu;(50, 50, 50);0;0.03;none;1.00E-05;32;0.9;0.999;1.00E-08;0.022494627;0.101693629;506;0.4
relu;(100, 50, 25);0.1;0.01;l1;1.00E-05;32;0.9;0.9;1.00E-06;0.022497192;0.101591187;506;1.01
relu;(100, 50, 25);0.1;0.01;none;1.00E-05;64;0.8;0.999;1.00E-06;0.022497823;0.101566007;504;1.22
relu;(100, 100, 100, 50);0.1;0.001;none;0.01;32;0.9;0.99;1.00E-08;0.022497948;0.101560994;506;1.6
relu;(100, 50, 25);0;0.03;none;1.00E-05;64;0.9;0.9;1.00E-08;0.022498643;0.101533273;504;0.36
relu;(100, 50, 25);0;0.03;l1;0.0001;16;0.99;0.99;1.00E-08;0.022498854;0.101524824;506;0.33
relu;(100, 100, 100, 50);0;0.03;l2;1.00E-05;16;0.9;0.99;1.00E-08;0.022498886;0.101523561;506;1.2
relu;(100, 100, 100, 50);0.1;0.01;none;0.01;16;0.8;0.9;1.00E-08;0.022498966;0.101520362;506;1.59
relu;(50, 50, 50);0;0.03;l1;1.00E-05;32;0.9;0.999;1.00E-08;0.022499017;0.101518315;506;0.44
relu;(100, 50, 25);0;0.001;none;0.0001;16;0.99;0.999;1.00E-08;0.02249964;0.101493445;506;1.31
relu;(100, 50, 25);0;0.01;none;0.01;64;0.8;0.9;1.00E-06;0.022500271;0.101468264;504;0.86
relu;(50, 50, 50);0.1;0.01;none;0.01;16;0.8;0.999;1.00E-08;0.022500613;0.101454604;506;0.36
relu;(50, 50, 50);0.1;0.03;l2;0.0001;16;0.8;0.99;1.00E-06;0.022501756;0.101408951;506;0.74
relu;(50, 50, 50);0;0.03;l2;0.01;64;0.99;0.99;1.00E-06;0.022502619;0.101374489;504;1.41
relu;(50, 50, 50);0;0.001;l1;0.0001;64;0.8;0.9;1.00E-06;0.022502992;0.101359603;504;1.47
relu;(50, 50, 50);0.3;0.01;none;0.0001;32;0.9;0.9;1.00E-08;0.022505163;0.101272872;506;0.7
relu;(50, 50, 50);0.1;0.03;l2;1.00E-05;64;0.8;0.9;1.00E-08;0.022505757;0.101249152;504;0.69
relu;(100, 50, 25);0.1;0.01;l2;0.0001;64;0.9;0.999;1.00E-06;0.022506184;0.101232132;504;1.06
relu;(100, 50, 25);0;0.001;l2;0.01;64;0.9;0.999;1.00E-06;0.02250762;0.101174771;504;0.68
relu;(100, 100, 100, 50);0.1;0.01;none;1.00E-05;64;0.8;0.99;1.00E-06;0.022508366;0.101144987;504;1.73
relu;(100, 50, 25);0;0.01;l2;0.0001;64;0.99;0.999;1.00E-06;0.022509262;0.101109183;504;0.38
relu;(50, 50, 50);0;0.03;l1;0.0001;16;0.99;0.99;1.00E-06;0.022510594;0.101056024;506;0.4
relu;(50, 50, 50);0.1;0.01;l2;1.00E-05;32;0.9;0.9;1.00E-08;0.022512978;0.100960803;506;0.44
relu;(100, 100, 100, 50);0;0.01;none;0.0001;32;0.8;0.999;1.00E-06;0.022513013;0.100959407;506;1.3
relu;(100, 50, 25);0.1;0.01;l2;0.0001;32;0.8;0.999;1.00E-06;0.022513068;0.100957204;506;0.9
relu;(100, 100, 100, 50);0;0.01;l1;1.00E-05;32;0.99;0.999;1.00E-08;0.022514021;0.10091916;506;1.44
relu;(100, 50, 25);0.1;0.001;l1;1.00E-05;16;0.99;0.999;1.00E-08;0.022514283;0.100908694;506;0.92
relu;(50, 50, 50);0.1;0.03;l2;1.00E-05;32;0.8;0.99;1.00E-06;0.022514867;0.100885379;506;0.85
relu;(100, 100, 100, 50);0;0.01;l1;0.0001;64;0.99;0.99;1.00E-08;0.022514938;0.100882521;504;1.5
relu;(100, 50, 25);0;0.03;l1;1.00E-05;32;0.9;0.99;1.00E-08;0.022516595;0.100816356;506;0.32
relu;(50, 50, 50);0;0.03;l2;0.0001;32;0.99;0.99;1.00E-06;0.022517489;0.100780641;506;0.88
relu;(100, 50, 25);0;0.03;none;0.0001;32;0.9;0.9;1.00E-06;0.022517912;0.100763759;506;0.29
relu;(50, 50, 50);0;0.03;none;0.01;16;0.8;0.999;1.00E-08;0.022520237;0.100670926;506;0.3
relu;(50, 50, 50);0.1;0.001;l1;1.00E-05;64;0.9;0.999;1.00E-08;0.022520256;0.100670174;504;0.52
relu;(100, 100, 100, 50);0.1;0.01;none;0.01;32;0.8;0.99;1.00E-08;0.022521159;0.100634106;506;1.69
relu;(100, 50, 25);0;0.03;none;1.00E-05;16;0.8;0.999;1.00E-08;0.022521394;0.100624727;506;0.32
relu;(100, 50, 25);0;0.03;l1;1.00E-05;64;0.99;0.999;1.00E-06;0.022523807;0.100528363;504;0.39
relu;(50, 50, 50);0.1;0.01;l2;1.00E-05;16;0.8;0.999;1.00E-08;0.022524327;0.100507589;506;0.55
relu;(100, 100, 100, 50);0.1;0.001;l2;0.01;64;0.8;0.99;1.00E-08;0.022524352;0.100506587;504;1.86
relu;(50, 50, 50);0;0.001;l2;0.01;16;0.9;0.9;1.00E-08;0.022525225;0.100471711;506;0.35
relu;(100, 50, 25);0.1;0.001;none;0.0001;32;0.9;0.999;1.00E-06;0.022525832;0.100447483;506;0.37
relu;(100, 100, 100, 50);0.1;0.001;none;1.00E-05;32;0.8;0.9;1.00E-08;0.022526177;0.100433694;506;1.72
relu;(50, 50, 50);0;0.001;none;1.00E-05;64;0.8;0.9;1.00E-06;0.022526644;0.100415069;504;0.47
relu;(100, 50, 25);0;0.03;l2;0.0001;16;0.99;0.99;1.00E-06;0.02252698;0.100401633;506;0.35
relu;(100, 50, 25);0;0.01;none;0.0001;64;0.99;0.99;1.00E-08;0.022526989;0.100401296;504;0.8
relu;(100, 50, 25);0;0.01;l2;1.00E-05;64;0.99;0.9;1.00E-08;0.022527079;0.100397675;504;0.44
relu;(100, 50, 25);0;0.01;none;1.00E-05;64;0.8;0.9;1.00E-08;0.022528675;0.100333958;504;0.67
relu;(100, 50, 25);0;0.01;l2;0.0001;16;0.9;0.99;1.00E-06;0.022529004;0.100320804;506;0.33
relu;(50, 50, 50);0.1;0.03;none;0.01;32;0.8;0.99;1.00E-06;0.022529074;0.100318;506;0.59
relu;(100, 100, 100, 50);0;0.001;l2;0.01;32;0.9;0.9;1.00E-08;0.022530915;0.100244511;506;1.18
relu;(50, 50, 50);0;0.01;l1;1.00E-05;16;0.9;0.99;1.00E-06;0.022531398;0.100225198;506;0.43
relu;(100, 100, 100, 50);0;0.03;none;0.01;32;0.8;0.9;1.00E-06;0.02253283;0.100168041;506;1.35
relu;(100, 50, 25);0;0.001;l2;0.01;64;0.99;0.99;1.00E-08;0.022533055;0.100159053;504;0.64
relu;(100, 100, 100, 50);0.1;0.03;l2;1.00E-05;32;0.9;0.99;1.00E-06;0.022533371;0.100146411;506;0.7
relu;(100, 50, 25);0;0.03;l2;0.0001;32;0.9;0.99;1.00E-08;0.022534536;0.100099905;506;0.43
relu;(50, 50, 50);0;0.01;l2;0.0001;64;0.9;0.999;1.00E-06;0.022534712;0.100092851;504;0.38
relu;(100, 50, 25);0.1;0.03;l1;1.00E-05;16;0.8;0.999;1.00E-06;0.0225369;0.100005505;506;0.93
relu;(50, 50, 50);0;0.01;l2;1.00E-05;64;0.9;0.99;1.00E-08;0.022537678;0.099974421;504;0.41
relu;(100, 100, 100, 50);0;0.01;l2;1.00E-05;64;0.9;0.999;1.00E-08;0.022538288;0.099950072;504;1.43
relu;(100, 50, 25);0.1;0.01;l2;1.00E-05;16;0.9;0.9;1.00E-08;0.022538591;0.09993797;506;0.7
relu;(50, 50, 50);0;0.03;l2;0.0001;32;0.99;0.999;1.00E-06;0.022538777;0.099930518;506;0.94
relu;(100, 100, 100, 50);0.1;0.01;none;1.00E-05;16;0.9;0.9;1.00E-08;0.022539072;0.099918744;506;1.18
relu;(100, 50, 25);0.1;0.03;none;0.0001;16;0.9;0.99;1.00E-08;0.022539485;0.09990226;506;0.9
relu;(100, 50, 25);0.1;0.01;l2;1.00E-05;64;0.9;0.99;1.00E-06;0.022539916;0.099885047;504;0.9
relu;(100, 100, 100, 50);0;0.01;none;1.00E-05;64;0.99;0.99;1.00E-06;0.022540014;0.099881154;504;1.54
relu;(50, 50, 50);0;0.01;none;1.00E-05;64;0.9;0.999;1.00E-08;0.022541531;0.099820543;504;0.39
relu;(100, 50, 25);0;0.01;l1;0.0001;32;0.99;0.999;1.00E-06;0.022541564;0.099819221;506;0.39
relu;(100, 100, 100, 50);0.1;0.001;l1;1.00E-05;32;0.8;0.999;1.00E-08;0.022542977;0.099762809;506;1.89
relu;(100, 50, 25);0;0.01;l1;1.00E-05;64;0.99;0.999;1.00E-08;0.022543004;0.099761742;504;1.08
relu;(100, 100, 100, 50);0.3;0.01;l2;1.00E-05;64;0.9;0.9;1.00E-08;0.022543038;0.099760378;504;1.09
relu;(100, 50, 25);0;0.01;l1;1.00E-05;64;0.9;0.99;1.00E-08;0.022544689;0.09969443;504;0.8
relu;(50, 50, 50);0.1;0.03;l2;1.00E-05;32;0.9;0.9;1.00E-06;0.02254541;0.099665654;506;0.74
relu;(50, 50, 50);0.1;0.01;none;0.0001;32;0.8;0.9;1.00E-06;0.02254599;0.099642495;506;1.02
relu;(100, 100, 100, 50);0.1;0.01;none;0.01;16;0.8;0.99;1.00E-06;0.022546759;0.099611787;506;1.58
relu;(100, 50, 25);0.1;0.01;none;0.01;64;0.9;0.99;1.00E-06;0.02254778;0.099570996;504;1
relu;(100, 50, 25);0.1;0.001;none;0.01;32;0.9;0.9;1.00E-06;0.022548424;0.099545295;506;0.95
relu;(100, 100, 100, 50);0.1;0.01;l1;1.00E-05;16;0.8;0.99;1.00E-08;0.022549344;0.09950854;506;1.32
relu;(50, 50, 50);0.1;0.03;none;1.00E-05;32;0.9;0.9;1.00E-06;0.022549751;0.099492294;506;0.66
relu;(50, 50, 50);0.1;0.03;l2;0.0001;16;0.9;0.999;1.00E-08;0.02255014;0.099476773;506;0.66
relu;(100, 100, 100, 50);0;0.03;none;0.0001;64;0.99;0.999;1.00E-08;0.022550283;0.099471036;504;1.49
relu;(100, 50, 25);0;0.03;l2;1.00E-05;64;0.9;0.999;1.00E-06;0.022550578;0.099459253;504;0.37
relu;(50, 50, 50);0;0.001;l2;0.01;64;0.99;0.999;1.00E-08;0.022551221;0.099433594;504;0.4
relu;(100, 50, 25);0;0.03;none;0.0001;64;0.8;0.9;1.00E-06;0.022551232;0.099433167;504;0.4
relu;(100, 50, 25);0;0.001;l1;0.0001;16;0.8;0.999;1.00E-08;0.022552135;0.099397112;506;0.61
relu;(100, 50, 25);0;0.01;none;0.0001;16;0.99;0.9;1.00E-06;0.022553388;0.099347064;506;0.53
relu;(100, 50, 25);0;0.01;l2;0.0001;64;0.9;0.99;1.00E-08;0.022553413;0.099346044;504;0.35
relu;(100, 50, 25);0;0.01;l2;0.0001;16;0.99;0.9;1.00E-06;0.022553941;0.099324959;506;0.3
relu;(100, 100, 100, 50);0;0.001;none;0.01;64;0.99;0.999;1.00E-06;0.022554055;0.099320419;504;1.54
relu;(100, 100, 100, 50);0;0.01;none;1.00E-05;32;0.99;0.99;1.00E-06;0.022554119;0.099317859;506;1.24
relu;(100, 100, 100, 50);0;0.03;none;0.0001;16;0.8;0.9;1.00E-06;0.022554487;0.099303183;506;0.98
relu;(50, 50, 50);0.1;0.001;l1;0.0001;32;0.9;0.999;1.00E-08;0.022555042;0.099281021;506;0.47
relu;(100, 50, 25);0.1;0.01;l1;1.00E-05;16;0.9;0.99;1.00E-08;0.022555489;0.099263143;506;0.94
relu;(100, 50, 25);0.1;0.001;l1;0.0001;16;0.99;0.9;1.00E-08;0.022555599;0.099258753;506;1
relu;(50, 50, 50);0.1;0.03;l2;1.00E-05;32;0.9;0.999;1.00E-06;0.022556214;0.099234217;506;0.63
relu;(50, 50, 50);0.1;0.01;l1;0.0001;64;0.9;0.999;1.00E-08;0.022556292;0.099231085;504;0.79
relu;(100, 50, 25);0.1;0.001;l2;1.00E-05;64;0.8;0.99;1.00E-06;0.022556765;0.099212185;504;0.95
relu;(50, 50, 50);0.1;0.03;l2;0.0001;64;0.9;0.9;1.00E-08;0.022556949;0.099204865;504;0.7
relu;(100, 50, 25);0;0.01;l2;1.00E-05;64;0.9;0.9;1.00E-08;0.022557711;0.099174431;504;0.45
relu;(100, 100, 100, 50);0;0.01;l1;1.00E-05;64;0.8;0.9;1.00E-06;0.022558339;0.099149346;504;1.58
relu;(100, 50, 25);0.1;0.001;none;0.0001;64;0.8;0.999;1.00E-06;0.022559139;0.099117378;504;0.43
relu;(50, 50, 50);0;0.001;l1;0.0001;64;0.8;0.99;1.00E-08;0.022559736;0.099093565;504;1.27
relu;(50, 50, 50);0.1;0.001;l2;0.0001;64;0.9;0.999;1.00E-06;0.022559805;0.099090793;504;0.48
relu;(50, 50, 50);0;0.001;l1;0.0001;64;0.99;0.9;1.00E-08;0.022560436;0.099065614;504;1.37
relu;(100, 100, 100, 50);0.1;0.01;l1;1.00E-05;64;0.9;0.999;1.00E-06;0.022560444;0.099065279;504;2.25
relu;(100, 100, 100, 50);0;0.01;none;0.0001;64;0.9;0.99;1.00E-08;0.022560521;0.099062203;504;1.34
relu;(100, 50, 25);0;0.01;none;0.01;32;0.9;0.9;1.00E-08;0.022561236;0.099033646;506;0.71
relu;(50, 50, 50);0.1;0.001;l2;1.00E-05;32;0.8;0.9;1.00E-06;0.022561987;0.099003658;506;0.45
relu;(50, 50, 50);0.1;0.01;l2;1.00E-05;64;0.99;0.999;1.00E-06;0.022563536;0.098941797;504;0.66
relu;(50, 50, 50);0;0.03;none;0.0001;16;0.9;0.999;1.00E-06;0.022563557;0.098940965;506;0.32
relu;(50, 50, 50);0;0.03;l1;1.00E-05;64;0.9;0.9;1.00E-08;0.022563904;0.098927117;504;0.41
relu;(50, 50, 50);0.1;0.01;none;1.00E-05;32;0.9;0.999;1.00E-08;0.022565148;0.098877425;506;0.43
relu;(100, 50, 25);0;0.03;l2;1.00E-05;16;0.99;0.999;1.00E-08;0.022565811;0.098850962;506;0.28
relu;(100, 100, 100, 50);0.1;0.001;l1;0.0001;16;0.99;0.99;1.00E-06;0.022565943;0.09884569;506;1.43
relu;(100, 50, 25);0;0.01;l2;1.00E-05;16;0.8;0.99;1.00E-06;0.022566593;0.098819708;506;0.32
relu;(50, 50, 50);0;0.01;l1;0.0001;64;0.99;0.9;1.00E-06;0.022566711;0.098815006;504;0.44
relu;(100, 50, 25);0.1;0.01;l1;1.00E-05;64;0.8;0.99;1.00E-08;0.022567202;0.098795415;504;1.01
relu;(50, 50, 50);0.1;0.001;l1;1.00E-05;64;0.8;0.9;1.00E-06;0.022567529;0.098782339;504;0.49
relu;(100, 50, 25);0;0.001;l1;0.0001;16;0.99;0.99;1.00E-08;0.022567673;0.098776593;506;0.65
relu;(100, 100, 100, 50);0;0.03;l1;1.00E-05;64;0.9;0.999;1.00E-08;0.022568202;0.098755484;504;1.35
relu;(50, 50, 50);0;0.03;none;1.00E-05;16;0.8;0.99;1.00E-06;0.022569485;0.098704252;506;0.37
relu;(100, 100, 100, 50);0;0.01;l2;1.00E-05;64;0.8;0.999;1.00E-08;0.022569892;0.098687973;504;1.42
relu;(100, 50, 25);0.1;0.01;none;0.01;32;0.8;0.9;1.00E-08;0.022570307;0.098671416;506;0.8
relu;(100, 50, 25);0;0.03;none;0.01;32;0.9;0.999;1.00E-08;0.022570415;0.098667112;506;0.28
relu;(100, 50, 25);0.1;0.001;none;1.00E-05;16;0.8;0.9;1.00E-08;0.02257202;0.098603016;506;0.34
relu;(100, 50, 25);0;0.01;none;0.0001;64;0.99;0.9;1.00E-08;0.022574619;0.098499215;504;0.72
relu;(100, 50, 25);0;0.01;none;1.00E-05;64;0.99;0.999;1.00E-08;0.022575326;0.098470995;504;0.73
relu;(50, 50, 50);0.1;0.01;none;0.01;16;0.9;0.9;1.00E-06;0.022576044;0.098442307;506;0.63
relu;(100, 100, 100, 50);0;0.03;none;0.01;32;0.9;0.999;1.00E-06;0.022577208;0.098395839;506;1.31
relu;(100, 100, 100, 50);0;0.001;l2;0.01;16;0.9;0.999;1.00E-06;0.022577256;0.098393893;506;0.99
relu;(100, 100, 100, 50);0;0.01;l2;0.0001;16;0.99;0.99;1.00E-08;0.022577717;0.098375488;506;1.19
relu;(50, 50, 50);0.1;0.001;l2;1.00E-05;32;0.8;0.99;1.00E-08;0.02257774;0.098374597;506;0.43
relu;(50, 50, 50);0;0.03;l2;1.00E-05;32;0.8;0.9;1.00E-08;0.022577759;0.098373839;506;0.35
relu;(100, 100, 100, 50);0.1;0.001;l1;1.00E-05;64;0.9;0.999;1.00E-08;0.022578094;0.098360436;504;1.77
relu;(100, 50, 25);0;0.03;l2;1.00E-05;16;0.8;0.99;1.00E-06;0.022578761;0.098333813;506;0.3
relu;(50, 50, 50);0.1;0.03;l1;1.00E-05;32;0.9;0.999;1.00E-06;0.022579001;0.098324224;506;0.58
relu;(100, 50, 25);0;0.03;l2;1.00E-05;32;0.9;0.9;1.00E-06;0.022579126;0.098319218;506;0.3
relu;(100, 100, 100, 50);0;0.03;none;0.0001;32;0.9;0.999;1.00E-08;0.022581364;0.098229846;506;1.21
relu;(100, 100, 100, 50);0.1;0.01;none;0.0001;64;0.9;0.9;1.00E-06;0.022581905;0.098208235;504;1.9
relu;(100, 100, 100, 50);0;0.01;l2;0.0001;64;0.9;0.9;1.00E-06;0.022582241;0.098194837;504;1.53
relu;(100, 50, 25);0.1;0.001;none;0.01;64;0.8;0.9;1.00E-06;0.022584038;0.098123058;504;0.88
relu;(100, 50, 25);0;0.03;l2;0.01;64;0.8;0.99;1.00E-08;0.02258439;0.098109022;504;0.41
relu;(100, 50, 25);0;0.01;l2;0.0001;64;0.9;0.999;1.00E-08;0.022584648;0.098098694;504;0.42
relu;(50, 50, 50);0.1;0.001;l2;0.01;32;0.9;0.99;1.00E-08;0.02258553;0.098063492;506;0.41
relu;(100, 100, 100, 50);0;0.001;l2;1.00E-05;64;0.99;0.9;1.00E-06;0.022585947;0.098046828;504;1.36
relu;(100, 100, 100, 50);0;0.01;none;0.0001;32;0.9;0.9;1.00E-06;0.022589154;0.097918756;506;1.29
relu;(100, 50, 25);0.1;0.01;l1;1.00E-05;64;0.8;0.999;1.00E-08;0.022590205;0.097876814;504;1.15
relu;(100, 100, 100, 50);0.1;0.001;none;1.00E-05;16;0.99;0.9;1.00E-08;0.022590245;0.097875205;506;1.53
relu;(100, 50, 25);0;0.01;l1;1.00E-05;64;0.9;0.9;1.00E-06;0.022590956;0.097846816;504;0.97
relu;(100, 50, 25);0.1;0.001;l1;0.0001;64;0.99;0.99;1.00E-08;0.022591092;0.097841393;504;1.36
relu;(100, 100, 100, 50);0;0.01;none;0.0001;64;0.8;0.99;1.00E-08;0.022591313;0.097832556;504;1.4
relu;(50, 50, 50);0;0.001;l2;1.00E-05;16;0.9;0.99;1.00E-06;0.022593056;0.097762963;506;0.38
relu;(50, 50, 50);0.1;0.03;l1;1.00E-05;64;0.8;0.99;1.00E-06;0.022593367;0.097750535;504;0.65
relu;(50, 50, 50);0;0.01;l2;0.0001;32;0.9;0.9;1.00E-06;0.022594524;0.09770431;506;0.39
relu;(100, 50, 25);0;0.01;l2;0.01;32;0.9;0.99;1.00E-08;0.022596512;0.097624948;506;0.32
relu;(100, 50, 25);0;0.001;l2;0.01;16;0.9;0.9;1.00E-06;0.022596881;0.09761018;506;0.63
relu;(50, 50, 50);0;0.001;l2;0.0001;16;0.9;0.999;1.00E-08;0.02259925;0.097515582;506;0.32
relu;(100, 100, 100, 50);0;0.03;none;0.01;16;0.8;0.99;1.00E-08;0.022599541;0.09750399;506;1.12
relu;(50, 50, 50);0;0.001;l2;0.01;64;0.8;0.99;1.00E-06;0.022600573;0.097462759;504;0.4
relu;(100, 50, 25);0;0.001;l1;1.00E-05;64;0.99;0.999;1.00E-08;0.022602394;0.097390024;504;0.75
relu;(100, 100, 100, 50);0.1;0.01;l1;0.0001;16;0.8;0.99;1.00E-08;0.022602531;0.097384572;506;1.73
relu;(100, 50, 25);0;0.03;l2;1.00E-05;64;0.8;0.999;1.00E-08;0.022603839;0.097332341;504;0.52
relu;(100, 50, 25);0;0.01;none;0.01;16;0.9;0.99;1.00E-06;0.022603992;0.097326224;506;0.59
relu;(100, 100, 100, 50);0;0.03;l1;1.00E-05;64;0.99;0.999;1.00E-08;0.022604121;0.097321075;504;1.4
relu;(50, 50, 50);0;0.001;l2;0.01;16;0.9;0.999;1.00E-06;0.022604482;0.097306645;506;0.33
relu;(50, 50, 50);0.1;0.03;none;0.01;32;0.9;0.99;1.00E-06;0.022604736;0.097296522;506;0.65
relu;(100, 50, 25);0;0.001;l2;0.0001;32;0.9;0.9;1.00E-08;0.022605613;0.097261482;506;0.85
relu;(50, 50, 50);0;0.03;none;1.00E-05;16;0.9;0.99;1.00E-08;0.022605633;0.097260695;506;0.31
relu;(100, 100, 100, 50);0.1;0.001;l2;0.0001;16;0.9;0.9;1.00E-08;0.022606569;0.09722331;506;1.45
relu;(100, 100, 100, 50);0;0.03;none;0.01;64;0.99;0.99;1.00E-08;0.022606778;0.097214969;504;1.5
relu;(100, 50, 25);0;0.01;none;0.0001;64;0.99;0.99;1.00E-06;0.02260819;0.097158563;504;0.69
relu;(100, 100, 100, 50);0;0.001;l2;0.0001;16;0.99;0.99;1.00E-08;0.022608387;0.097150717;506;1.12
relu;(100, 50, 25);0.1;0.01;none;0.01;32;0.9;0.999;1.00E-06;0.022608862;0.097131757;506;0.83
relu;(100, 50, 25);0;0.001;l2;0.01;64;0.9;0.999;1.00E-08;0.022609004;0.097126054;504;0.72
relu;(100, 100, 100, 50);0;0.001;none;0.0001;16;0.8;0.9;1.00E-06;0.022612778;0.096975357;506;1
relu;(100, 100, 100, 50);0;0.001;l2;0.01;64;0.9;0.99;1.00E-06;0.022614409;0.096910212;504;1.4
relu;(100, 50, 25);0;0.001;l2;0.01;16;0.99;0.999;1.00E-06;0.022616043;0.096844982;506;0.67
relu;(50, 50, 50);0;0.01;none;0.01;16;0.8;0.9;1.00E-08;0.022616771;0.096815914;506;0.33
relu;(100, 50, 25);0.1;0.001;l2;0.01;32;0.99;0.99;1.00E-06;0.022617047;0.096804889;506;0.88
relu;(100, 50, 25);0.1;0.01;none;0.0001;64;0.8;0.99;1.00E-08;0.022617644;0.096781055;504;1.06
relu;(100, 50, 25);0;0.001;l1;1.00E-05;16;0.9;0.99;1.00E-08;0.022619484;0.096707574;506;0.8
relu;(50, 50, 50);0;0.001;none;1.00E-05;32;0.99;0.99;1.00E-06;0.022619874;0.096692008;506;0.33
relu;(100, 100, 100, 50);0;0.01;l1;0.0001;64;0.9;0.999;1.00E-06;0.022620511;0.096666558;504;1.69
relu;(100, 50, 25);0;0.01;l1;1.00E-05;16;0.99;0.9;1.00E-06;0.02262247;0.096588301;506;0.81
relu;(100, 50, 25);0.1;0.001;l1;0.0001;32;0.8;0.999;1.00E-08;0.022623;0.096567144;506;1.19
relu;(100, 100, 100, 50);0;0.01;none;1.00E-05;64;0.99;0.999;1.00E-08;0.02262307;0.096564351;504;1.52
relu;(100, 50, 25);0.1;0.01;l2;1.00E-05;64;0.9;0.99;1.00E-08;0.022623786;0.096535781;504;0.97
relu;(100, 100, 100, 50);0.1;0.001;none;1.00E-05;16;0.99;0.999;1.00E-08;0.022624383;0.096511908;506;1.56
relu;(50, 50, 50);0.1;0.001;l2;0.01;32;0.9;0.9;1.00E-06;0.022626047;0.096445458;506;0.42
relu;(100, 100, 100, 50);0;0.03;none;0.01;64;0.9;0.99;1.00E-06;0.02262754;0.096385852;504;1.54
relu;(100, 100, 100, 50);0;0.03;l2;1.00E-05;32;0.8;0.99;1.00E-06;0.022628124;0.09636253;506;1.2
relu;(50, 50, 50);0.1;0.001;l2;0.0001;32;0.9;0.9;1.00E-06;0.022628764;0.096336966;506;0.42
relu;(100, 50, 25);0.1;0.03;l1;0.0001;16;0.9;0.999;1.00E-06;0.022629109;0.0963232;506;1.03
relu;(50, 50, 50);0.3;0.01;l1;0.0001;16;0.9;0.999;1.00E-08;0.022630009;0.096287273;506;0.61
relu;(100, 100, 100, 50);0;0.001;l2;0.01;64;0.99;0.9;1.00E-08;0.022630432;0.096270354;504;1.57
relu;(100, 50, 25);0.3;0.01;none;0.0001;32;0.9;0.9;1.00E-08;0.022630716;0.096259036;506;0.37
relu;(100, 100, 100, 50);0.1;0.03;l1;0.0001;32;0.8;0.999;1.00E-06;0.022632154;0.096201579;506;1.57
relu;(100, 100, 100, 50);0;0.01;l1;1.00E-05;64;0.9;0.999;1.00E-08;0.022632502;0.096187682;504;1.68
relu;(100, 100, 100, 50);0;0.01;l2;0.0001;32;0.9;0.99;1.00E-08;0.022632607;0.096183511;506;1.28
relu;(100, 100, 100, 50);0;0.001;l2;0.01;64;0.9;0.99;1.00E-08;0.022632677;0.096180728;504;1.45
relu;(100, 50, 25);0.1;0.03;l2;1.00E-05;16;0.9;0.9;1.00E-06;0.022633489;0.096148264;506;0.68
relu;(50, 50, 50);0.1;0.01;l2;1.00E-05;64;0.8;0.999;1.00E-08;0.022633496;0.096148008;504;0.92
relu;(100, 50, 25);0.1;0.03;l2;1.00E-05;16;0.8;0.9;1.00E-08;0.022633546;0.096145991;506;0.79
relu;(100, 100, 100, 50);0;0.01;none;0.0001;16;0.8;0.999;1.00E-06;0.022633883;0.096132545;506;1.14
relu;(100, 100, 100, 50);0.1;0.001;l2;0.01;32;0.8;0.99;1.00E-08;0.022635154;0.096081798;506;1.74
relu;(100, 100, 100, 50);0.1;0.01;l2;0.0001;64;0.9;0.999;1.00E-08;0.022635709;0.096059614;504;1.82
relu;(100, 50, 25);0.1;0.03;none;0.01;16;0.8;0.99;1.00E-06;0.022635938;0.096050474;506;0.66
relu;(50, 50, 50);0.1;0.01;l2;1.00E-05;64;0.9;0.9;1.00E-06;0.022637378;0.095992962;504;0.94
relu;(100, 50, 25);0.1;0.001;none;0.01;32;0.8;0.9;1.00E-08;0.022640615;0.095863725;506;0.82
relu;(50, 50, 50);0.1;0.001;l1;1.00E-05;64;0.99;0.99;1.00E-08;0.022641635;0.095822969;504;0.5
relu;(100, 100, 100, 50);0;0.01;l2;1.00E-05;32;0.8;0.99;1.00E-08;0.022642098;0.095804485;506;1.21
relu;(100, 50, 25);0.1;0.001;none;0.01;64;0.8;0.99;1.00E-06;0.022642343;0.09579472;504;0.85
relu;(100, 50, 25);0;0.03;none;0.01;64;0.8;0.999;1.00E-06;0.022642736;0.095779019;504;0.37
relu;(100, 50, 25);0.1;0.001;l2;0.01;64;0.9;0.999;1.00E-06;0.022642802;0.095776366;504;1.16
relu;(50, 50, 50);0;0.03;l1;1.00E-05;32;0.8;0.999;1.00E-08;0.02264361;0.095744117;506;0.44
relu;(100, 50, 25);0.1;0.001;l2;0.0001;32;0.99;0.9;1.00E-08;0.022644846;0.095694745;506;0.89
relu;(100, 50, 25);0.1;0.03;l2;1.00E-05;32;0.8;0.9;1.00E-08;0.022645681;0.095661402;506;0.79
relu;(100, 100, 100, 50);0.1;0.01;none;0.0001;32;0.9;0.99;1.00E-06;0.022646267;0.095637996;506;1.68
relu;(100, 100, 100, 50);0;0.001;none;1.00E-05;64;0.9;0.999;1.00E-06;0.022646997;0.095608834;504;1.42
relu;(50, 50, 50);0.1;0.001;l2;0.0001;32;0.8;0.9;1.00E-06;0.022647635;0.095583388;506;0.43
relu;(100, 50, 25);0.1;0.001;l2;0.01;64;0.8;0.999;1.00E-06;0.022648966;0.095530205;504;1.23
relu;(50, 50, 50);0.1;0.01;l1;1.00E-05;16;0.99;0.99;1.00E-06;0.022648975;0.095529866;506;0.74
relu;(100, 50, 25);0.1;0.001;l2;0.0001;16;0.99;0.999;1.00E-08;0.02264948;0.095509675;506;0.68
relu;(100, 100, 100, 50);0;0.03;none;0.0001;64;0.9;0.99;1.00E-06;0.022650858;0.095454674;504;1.48
relu;(100, 50, 25);0;0.03;l2;0.0001;64;0.9;0.99;1.00E-06;0.022651523;0.09542812;504;0.49
relu;(100, 100, 100, 50);0.1;0.03;none;0.0001;64;0.9;0.99;1.00E-08;0.022652493;0.095389389;504;1.81
relu;(100, 50, 25);0.1;0.03;l2;1.00E-05;64;0.8;0.9;1.00E-08;0.022653023;0.095368212;504;0.87
relu;(50, 50, 50);0;0.03;none;0.01;64;0.99;0.99;1.00E-06;0.022654565;0.095306631;504;0.39
relu;(100, 50, 25);0;0.03;l2;0.0001;16;0.9;0.99;1.00E-06;0.02265515;0.095283271;506;0.33
relu;(100, 100, 100, 50);0;0.01;none;1.00E-05;16;0.8;0.9;1.00E-08;0.022655635;0.09526391;506;1.13
relu;(100, 100, 100, 50);0.1;0.01;none;1.00E-05;16;0.9;0.999;1.00E-08;0.022655742;0.095259626;506;1.17
relu;(100, 50, 25);0;0.01;none;1.00E-05;16;0.99;0.9;1.00E-08;0.022656195;0.095241548;506;0.56
relu;(100, 100, 100, 50);0;0.01;none;0.0001;32;0.8;0.9;1.00E-08;0.022657325;0.095196427;506;1.3
relu;(50, 50, 50);0;0.03;l1;1.00E-05;16;0.8;0.999;1.00E-08;0.022657433;0.09519208;506;0.36
relu;(100, 50, 25);0.1;0.03;l2;0.0001;64;0.9;0.999;1.00E-06;0.022658431;0.095152236;504;1.11
relu;(100, 50, 25);0;0.01;none;0.0001;16;0.99;0.999;1.00E-08;0.022661796;0.095017878;506;0.55
relu;(50, 50, 50);0;0.001;l2;0.01;32;0.8;0.9;1.00E-08;0.022661947;0.095011822;506;0.36
relu;(100, 100, 100, 50);0;0.001;l1;0.0001;16;0.9;0.999;1.00E-08;0.022662406;0.09499352;506;1.05
relu;(100, 100, 100, 50);0;0.001;l2;0.01;32;0.99;0.999;1.00E-06;0.022662455;0.094991547;506;1.21
relu;(50, 50, 50);0.1;0.03;l1;1.00E-05;64;0.9;0.999;1.00E-06;0.022662528;0.094988632;504;0.81
relu;(100, 50, 25);0.1;0.001;none;0.0001;16;0.8;0.999;1.00E-08;0.022664055;0.094927638;506;0.33
relu;(100, 50, 25);0;0.01;l2;0.01;16;0.9;0.99;1.00E-08;0.022664608;0.094905582;506;0.42
relu;(50, 50, 50);0;0.01;none;1.00E-05;16;0.9;0.99;1.00E-08;0.022664626;0.094904843;506;0.34
relu;(100, 100, 100, 50);0.1;0.001;l2;0.01;16;0.9;0.99;1.00E-08;0.022664832;0.094896633;506;1.57
relu;(100, 100, 100, 50);0.1;0.01;l1;0.0001;32;0.8;0.99;1.00E-08;0.02266528;0.094878723;506;2.61
relu;(50, 50, 50);0.1;0.03;l1;1.00E-05;64;0.9;0.99;1.00E-08;0.022665618;0.094865234;504;0.97
relu;(100, 50, 25);0;0.01;none;0.0001;32;0.9;0.9;1.00E-08;0.022665998;0.094850052;506;0.64
relu;(100, 50, 25);0;0.01;l2;1.00E-05;16;0.99;0.9;1.00E-06;0.022666561;0.094827558;506;0.3
relu;(50, 50, 50);0.1;0.01;l2;0.0001;32;0.9;0.999;1.00E-08;0.022667192;0.094802397;506;0.6
relu;(100, 50, 25);0;0.03;none;0.0001;16;0.9;0.999;1.00E-08;0.02266875;0.094740154;506;0.27
relu;(50, 50, 50);0.1;0.01;none;0.0001;64;0.99;0.99;1.00E-08;0.02266994;0.094692629;504;0.82
relu;(50, 50, 50);0.1;0.001;l1;0.0001;32;0.8;0.9;1.00E-08;0.022671569;0.094627583;506;0.45
relu;(100, 50, 25);0.1;0.01;l2;0.0001;16;0.8;0.9;1.00E-06;0.022671799;0.094618405;506;0.68
relu;(100, 100, 100, 50);0;0.001;l2;0.01;32;0.8;0.999;1.00E-08;0.022672328;0.094597279;506;1.21
relu;(100, 100, 100, 50);0;0.001;none;0.0001;16;0.99;0.999;1.00E-06;0.022672626;0.094585369;506;1.15
relu;(50, 50, 50);0.1;0.01;l2;0.01;64;0.8;0.9;1.00E-08;0.022673687;0.094543012;504;0.79
relu;(100, 50, 25);0.1;0.001;none;0.0001;32;0.8;0.99;1.00E-08;0.022674513;0.094510003;506;0.38
relu;(100, 50, 25);0;0.01;none;1.00E-05;32;0.99;0.9;1.00E-06;0.022675125;0.094485576;506;0.66
relu;(100, 50, 25);0;0.001;l1;0.0001;16;0.99;0.9;1.00E-08;0.02267559;0.094466997;506;0.59
relu;(50, 50, 50);0.1;0.01;l1;1.00E-05;16;0.9;0.99;1.00E-06;0.022676181;0.094443403;506;0.7
relu;(100, 100, 100, 50);0;0.001;l2;0.01;16;0.9;0.9;1.00E-08;0.022676495;0.094430856;506;0.96
relu;(100, 100, 100, 50);0.1;0.001;l1;1.00E-05;64;0.9;0.99;1.00E-08;0.022676915;0.094414106;504;1.82
relu;(100, 50, 25);0;0.001;l2;0.0001;64;0.99;0.9;1.00E-06;0.022676989;0.094411151;504;0.91
relu;(100, 100, 100, 50);0.1;0.03;l2;1.00E-05;16;0.9;0.999;1.00E-06;0.022677107;0.094406435;506;0.84
relu;(100, 100, 100, 50);0.1;0.001;none;0.01;32;0.99;0.99;1.00E-06;0.022677197;0.094402822;506;1.72
relu;(50, 50, 50);0;0.03;none;0.01;16;0.9;0.9;1.00E-06;0.022677341;0.094397079;506;0.34
relu;(50, 50, 50);0.1;0.001;l2;0.01;64;0.9;0.99;1.00E-06;0.022677483;0.094391404;504;0.57
relu;(100, 100, 100, 50);0;0.01;l1;1.00E-05;16;0.8;0.9;1.00E-06;0.022677679;0.094383588;506;1.19
relu;(50, 50, 50);0;0.03;l1;0.0001;32;0.8;0.999;1.00E-06;0.02267796;0.094372385;506;0.37
relu;(100, 50, 25);0;0.001;l2;0.01;64;0.8;0.999;1.00E-08;0.022678154;0.094364634;504;0.74
relu;(50, 50, 50);0.1;0.001;l2;1.00E-05;32;0.8;0.999;1.00E-06;0.022678195;0.094362993;506;0.44
relu;(50, 50, 50);0;0.01;l2;1.00E-05;32;0.8;0.999;1.00E-06;0.02267839;0.094355194;506;0.34
relu;(100, 50, 25);0;0.01;l2;0.0001;64;0.8;0.9;1.00E-08;0.022678635;0.09434543;504;0.34
relu;(50, 50, 50);0;0.03;none;1.00E-05;32;0.8;0.9;1.00E-06;0.022680626;0.094265898;506;0.38
relu;(100, 100, 100, 50);0;0.03;l2;1.00E-05;64;0.99;0.999;1.00E-08;0.022680822;0.09425809;504;1.27
relu;(100, 50, 25);0.1;0.01;l2;1.00E-05;16;0.99;0.999;1.00E-06;0.022681812;0.094218527;506;0.75
relu;(50, 50, 50);0.1;0.01;l1;1.00E-05;16;0.8;0.9;1.00E-06;0.022684604;0.094107041;506;0.69
relu;(50, 50, 50);0.3;0.001;none;0.01;32;0.9;0.99;1.00E-08;0.022685469;0.094072499;506;0.54
relu;(100, 100, 100, 50);0.1;0.01;l1;1.00E-05;64;0.99;0.999;1.00E-06;0.022686589;0.094027779;504;2.08
relu;(100, 50, 25);0.1;0.01;none;0.0001;32;0.8;0.999;1.00E-06;0.022687179;0.094004194;506;0.98
relu;(100, 50, 25);0;0.01;none;1.00E-05;16;0.8;0.999;1.00E-06;0.022687423;0.093994462;506;0.51
relu;(100, 100, 100, 50);0.1;0.001;none;1.00E-05;16;0.99;0.9;1.00E-06;0.022688005;0.093971245;506;1.53
relu;(50, 50, 50);0.1;0.001;none;0.01;16;0.8;0.9;1.00E-06;0.022689544;0.093909786;506;0.39
relu;(50, 50, 50);0.1;0.03;l1;0.0001;32;0.9;0.99;1.00E-08;0.022689592;0.093907847;506;0.63
relu;(50, 50, 50);0.1;0.01;none;1.00E-05;32;0.9;0.99;1.00E-06;0.022689756;0.09390131;506;0.41
relu;(50, 50, 50);0;0.001;l2;0.01;16;0.99;0.99;1.00E-06;0.022692026;0.093810633;506;0.32
relu;(100, 50, 25);0.1;0.03;none;0.0001;64;0.8;0.99;1.00E-06;0.022692797;0.093779874;504;1.19
relu;(100, 50, 25);0;0.03;l2;0.0001;32;0.8;0.9;1.00E-08;0.022692908;0.093775418;506;0.58
relu;(50, 50, 50);0.1;0.01;l2;1.00E-05;16;0.9;0.9;1.00E-06;0.022693371;0.09375693;506;0.81
relu;(100, 50, 25);0.1;0.03;l1;1.00E-05;64;0.9;0.9;1.00E-06;0.022694597;0.093707998;504;1.13
relu;(100, 100, 100, 50);0.1;0.001;l2;1.00E-05;16;0.99;0.9;1.00E-06;0.022695002;0.093691816;506;1.48
relu;(100, 100, 100, 50);0;0.001;none;0.01;16;0.99;0.9;1.00E-08;0.02269509;0.093688312;506;1.24
relu;(100, 50, 25);0;0.03;l1;0.0001;16;0.8;0.99;1.00E-06;0.022695307;0.093679613;506;0.37
relu;(50, 50, 50);0.1;0.03;l2;0.0001;32;0.8;0.99;1.00E-08;0.022695468;0.093673198;506;0.8
relu;(100, 100, 100, 50);0.1;0.03;none;1.00E-05;32;0.8;0.999;1.00E-08;0.022695736;0.093662486;506;1.45
relu;(50, 50, 50);0.1;0.03;l2;0.0001;32;0.8;0.999;1.00E-06;0.022696892;0.093616321;506;0.88
relu;(100, 50, 25);0.1;0.001;l2;0.01;32;0.9;0.9;1.00E-08;0.022697558;0.09358972;506;0.95
relu;(100, 50, 25);0;0.03;none;1.00E-05;32;0.9;0.999;1.00E-06;0.022700028;0.093491112;506;0.33
relu;(50, 50, 50);0.1;0.01;l2;1.00E-05;32;0.8;0.9;1.00E-06;0.02270006;0.093489807;506;0.49
relu;(50, 50, 50);0.1;0.01;l2;1.00E-05;32;0.8;0.99;1.00E-06;0.022700525;0.093471253;506;0.52
relu;(100, 100, 100, 50);0.1;0.03;none;1.00E-05;64;0.8;0.99;1.00E-06;0.022700606;0.09346802;504;1.7
relu;(100, 100, 100, 50);0;0.03;none;0.01;32;0.99;0.99;1.00E-08;0.022700947;0.093454398;506;1.28
relu;(100, 100, 100, 50);0;0.01;l2;1.00E-05;16;0.8;0.999;1.00E-06;0.022701699;0.093424358;506;0.98
relu;(100, 50, 25);0.1;0.001;l2;0.01;64;0.9;0.9;1.00E-06;0.022704047;0.0933306;504;1.19
relu;(100, 50, 25);0.1;0.001;l1;1.00E-05;16;0.99;0.999;1.00E-06;0.022704101;0.093328453;506;0.84
relu;(50, 50, 50);0;0.01;l2;0.0001;16;0.9;0.9;1.00E-08;0.022704221;0.093323657;506;0.42
relu;(50, 50, 50);0.1;0.03;none;0.01;16;0.8;0.9;1.00E-08;0.022704357;0.093318231;506;0.88
relu;(50, 50, 50);0;0.03;l1;0.0001;64;0.8;0.99;1.00E-08;0.022704875;0.093297549;504;0.45
relu;(50, 50, 50);0.1;0.01;l1;0.0001;16;0.8;0.999;1.00E-06;0.022706325;0.093239646;506;0.79
relu;(100, 50, 25);0;0.01;l2;0.0001;16;0.9;0.999;1.00E-08;0.022706391;0.093236994;506;0.29
relu;(50, 50, 50);0;0.03;l1;1.00E-05;32;0.8;0.9;1.00E-08;0.022706849;0.093218716;506;0.39
relu;(100, 50, 25);0.1;0.03;none;0.01;32;0.8;0.999;1.00E-08;0.022707362;0.093198216;506;0.78
relu;(50, 50, 50);0;0.01;l2;0.01;32;0.9;0.9;1.00E-08;0.02270848;0.093153574;506;0.41
relu;(50, 50, 50);0;0.01;none;0.01;32;0.8;0.999;1.00E-06;0.022709212;0.093124321;506;0.34
relu;(50, 50, 50);0;0.03;l2;0.0001;16;0.9;0.9;1.00E-06;0.022709586;0.093109408;506;1.14
relu;(100, 100, 100, 50);0.1;0.03;l1;1.00E-05;32;0.9;0.999;1.00E-06;0.022709913;0.093096334;506;1.96
relu;(100, 100, 100, 50);0.1;0.001;l2;0.01;64;0.9;0.99;1.00E-06;0.022710774;0.09306196;504;1.85
relu;(100, 50, 25);0.1;0.03;none;0.0001;64;0.8;0.999;1.00E-06;0.022711004;0.093052766;504;0.87
relu;(50, 50, 50);0.1;0.03;l2;1.00E-05;32;0.8;0.999;1.00E-08;0.022711954;0.093014826;506;0.92
relu;(50, 50, 50);0.1;0.01;none;0.0001;16;0.8;0.9;1.00E-08;0.022712023;0.09301207;506;1.22
relu;(50, 50, 50);0;0.01;l2;0.0001;64;0.99;0.99;1.00E-06;0.022712308;0.093000697;504;0.39
relu;(100, 50, 25);0;0.03;l1;0.0001;16;0.99;0.999;1.00E-08;0.022712415;0.092996431;506;0.36
relu;(100, 50, 25);0;0.01;l2;1.00E-05;16;0.9;0.99;1.00E-06;0.022712628;0.092987925;506;0.27
relu;(50, 50, 50);0;0.01;none;0.0001;16;0.8;0.99;1.00E-06;0.022713758;0.092942785;506;0.43
relu;(50, 50, 50);0.1;0.001;l2;0.01;16;0.9;0.999;1.00E-08;0.022714112;0.092928657;506;0.39
relu;(50, 50, 50);0;0.03;none;0.0001;64;0.9;0.99;1.00E-08;0.022714721;0.092904338;504;0.39
relu;(100, 100, 100, 50);0.1;0.01;none;0.01;64;0.9;0.999;1.00E-06;0.022715607;0.092868973;504;1.63
relu;(100, 50, 25);0;0.03;l1;1.00E-05;64;0.8;0.999;1.00E-06;0.022716412;0.092836805;504;0.53
relu;(100, 50, 25);0.1;0.001;l2;1.00E-05;64;0.9;0.99;1.00E-06;0.022716464;0.092834734;504;0.9
relu;(50, 50, 50);0;0.001;l2;0.0001;16;0.8;0.999;1.00E-06;0.022716958;0.092815007;506;0.31
relu;(100, 50, 25);0.3;0.03;l2;0.0001;32;0.8;0.9;1.00E-08;0.022717023;0.092812426;506;0.92
relu;(50, 50, 50);0;0.01;none;0.01;64;0.9;0.99;1.00E-06;0.022717151;0.092807316;504;0.39
relu;(50, 50, 50);0.1;0.01;l1;0.0001;32;0.9;0.99;1.00E-08;0.022717616;0.092788727;506;0.83
relu;(100, 100, 100, 50);0.1;0.01;none;0.0001;32;0.99;0.9;1.00E-08;0.022719032;0.092732193;506;1.67
relu;(100, 50, 25);0;0.03;none;0.0001;64;0.8;0.999;1.00E-08;0.022719428;0.092716379;504;0.39
relu;(50, 50, 50);0;0.001;l1;0.0001;16;0.99;0.999;1.00E-08;0.022719731;0.092704281;506;0.98
relu;(100, 100, 100, 50);0;0.001;l2;0.0001;32;0.9;0.9;1.00E-08;0.022720186;0.09268609;506;1
relu;(100, 50, 25);0.1;0.03;none;0.0001;32;0.9;0.999;1.00E-06;0.022720558;0.092671232;506;0.9
relu;(50, 50, 50);0.3;0.001;l1;0.0001;32;0.9;0.999;1.00E-08;0.022721225;0.092644611;506;0.79
relu;(100, 100, 100, 50);0.1;0.001;none;0.01;32;0.8;0.99;1.00E-06;0.02272146;0.092635239;506;1.59
relu;(100, 100, 100, 50);0.1;0.001;l1;1.00E-05;64;0.99;0.99;1.00E-06;0.022721723;0.092624728;504;1.68
relu;(50, 50, 50);0;0.001;l1;0.0001;16;0.99;0.9;1.00E-06;0.022722243;0.092603968;506;0.92
relu;(50, 50, 50);0.1;0.001;l1;1.00E-05;64;0.9;0.99;1.00E-08;0.022722574;0.092590745;504;0.52
relu;(100, 100, 100, 50);0;0.01;none;0.01;16;0.8;0.99;1.00E-06;0.022723414;0.092557174;506;0.9
relu;(100, 100, 100, 50);0.1;0.01;l1;1.00E-05;64;0.8;0.9;1.00E-08;0.02272386;0.092539385;504;2.07
relu;(50, 50, 50);0.1;0.001;none;0.0001;32;0.99;0.999;1.00E-06;0.022724196;0.092525973;506;0.41
relu;(50, 50, 50);0.3;0.01;l2;1.00E-05;64;0.8;0.999;1.00E-06;0.022726313;0.092441431;504;0.82
relu;(100, 100, 100, 50);0;0.01;none;1.00E-05;64;0.9;0.999;1.00E-06;0.022727208;0.092405683;504;1.55
relu;(100, 50, 25);0.1;0.03;l1;1.00E-05;64;0.8;0.9;1.00E-08;0.022728732;0.092344812;504;1.1
relu;(50, 50, 50);0;0.01;none;1.00E-05;32;0.99;0.999;1.00E-08;0.022729857;0.092299885;506;0.36
relu;(50, 50, 50);0;0.01;none;0.0001;32;0.9;0.9;1.00E-06;0.022731002;0.092254177;506;0.35
relu;(100, 100, 100, 50);0;0.03;l2;0.0001;32;0.9;0.999;1.00E-06;0.022731044;0.092252505;506;1.06
relu;(100, 100, 100, 50);0;0.03;none;0.01;16;0.99;0.999;1.00E-08;0.022731569;0.092231539;506;1.16
relu;(50, 50, 50);0;0.001;l2;0.01;32;0.8;0.999;1.00E-08;0.022731972;0.092215448;506;0.39
relu;(100, 100, 100, 50);0.1;0.001;l2;0.0001;64;0.99;0.9;1.00E-06;0.022733842;0.092140752;504;1.99
relu;(100, 100, 100, 50);0;0.01;l2;0.0001;32;0.9;0.9;1.00E-06;0.022734735;0.09210511;506;1.32
relu;(100, 50, 25);0.1;0.01;none;0.0001;64;0.8;0.999;1.00E-06;0.022735045;0.092092725;504;0.92
relu;(50, 50, 50);0;0.01;none;0.01;16;0.9;0.99;1.00E-06;0.022735894;0.092058806;506;0.31
relu;(100, 50, 25);0.1;0.03;none;0.01;64;0.9;0.999;1.00E-06;0.022735898;0.092058655;504;0.99
relu;(100, 50, 25);0.1;0.001;l1;0.0001;16;0.99;0.99;1.00E-06;0.0227361;0.092050591;506;0.98
relu;(100, 50, 25);0.1;0.01;l1;1.00E-05;32;0.8;0.9;1.00E-06;0.022737708;0.091986378;506;0.98
relu;(50, 50, 50);0;0.001;none;1.00E-05;16;0.99;0.999;1.00E-08;0.022738997;0.091934895;506;0.31
relu;(100, 50, 25);0.3;0.001;l1;1.00E-05;16;0.9;0.999;1.00E-06;0.02273917;0.091927981;506;0.4
relu;(100, 50, 25);0;0.03;l2;0.01;64;0.99;0.99;1.00E-08;0.02273968;0.091907635;504;0.39
relu;(100, 50, 25);0;0.01;l2;1.00E-05;32;0.8;0.9;1.00E-08;0.022741886;0.091819514;506;0.34
relu;(50, 50, 50);0.1;0.03;l2;0.0001;16;0.8;0.99;1.00E-08;0.022742478;0.091795886;506;0.72
relu;(50, 50, 50);0;0.03;l1;0.0001;64;0.99;0.99;1.00E-06;0.022742592;0.091791332;504;0.43
relu;(50, 50, 50);0.1;0.03;none;1.00E-05;64;0.8;0.99;1.00E-06;0.022742654;0.09178886;504;0.74
relu;(50, 50, 50);0.1;0.01;l2;0.0001;16;0.8;0.9;1.00E-08;0.022742864;0.091780489;506;0.48
relu;(100, 100, 100, 50);0.1;0.001;none;0.0001;16;0.99;0.999;1.00E-06;0.022743403;0.091758963;506;1.34
relu;(50, 50, 50);0.1;0.001;none;0.0001;32;0.9;0.9;1.00E-06;0.022743833;0.091741773;506;0.45
relu;(100, 50, 25);0.1;0.01;none;1.00E-05;32;0.9;0.999;1.00E-06;0.022744257;0.091724833;506;1.08
relu;(100, 50, 25);0.1;0.03;l1;1.00E-05;16;0.8;0.999;1.00E-08;0.022744883;0.091699831;506;0.84
relu;(100, 100, 100, 50);0.1;0.001;l1;1.00E-05;16;0.99;0.99;1.00E-06;0.022746412;0.091638799;506;1.73
relu;(100, 50, 25);0;0.01;l2;1.00E-05;64;0.99;0.99;1.00E-06;0.022747228;0.091606202;504;0.37
relu;(100, 100, 100, 50);0.1;0.01;l2;1.00E-05;32;0.99;0.99;1.00E-08;0.022748023;0.091574436;506;1.47
relu;(100, 50, 25);0.1;0.001;l1;0.0001;64;0.8;0.999;1.00E-08;0.022748059;0.091573017;504;1.27
relu;(50, 50, 50);0.1;0.01;none;1.00E-05;32;0.9;0.9;1.00E-08;0.022748612;0.091550917;506;0.42
relu;(100, 100, 100, 50);0.1;0.001;none;0.0001;32;0.99;0.9;1.00E-06;0.022749149;0.091529468;506;1.41
relu;(100, 50, 25);0.1;0.03;l2;0.0001;64;0.8;0.99;1.00E-06;0.022749498;0.091515567;504;1.17
relu;(100, 50, 25);0;0.01;l2;0.01;32;0.99;0.999;1.00E-06;0.022750263;0.091484989;506;0.31
relu;(100, 50, 25);0;0.01;l2;0.01;32;0.99;0.99;1.00E-08;0.022750665;0.091468953;506;0.29
relu;(100, 50, 25);0;0.01;l1;0.0001;32;0.9;0.9;1.00E-06;0.022751404;0.091439436;506;0.35
relu;(50, 50, 50);0.1;0.01;none;1.00E-05;32;0.9;0.9;1.00E-06;0.022752793;0.091383978;506;0.44
relu;(100, 50, 25);0.1;0.01;none;0.01;64;0.9;0.999;1.00E-08;0.02275338;0.091360526;504;1.02
relu;(50, 50, 50);0;0.01;none;0.01;32;0.9;0.9;1.00E-06;0.022753418;0.091359005;506;0.33
relu;(100, 50, 25);0;0.01;l2;1.00E-05;64;0.9;0.999;1.00E-06;0.022754057;0.091333474;504;0.49
relu;(100, 50, 25);0;0.03;l2;0.0001;32;0.8;0.9;1.00E-06;0.022754216;0.09132712;506;0.5
relu;(50, 50, 50);0.1;0.01;none;1.00E-05;32;0.99;0.9;1.00E-06;0.022754671;0.091308989;506;0.45
relu;(100, 100, 100, 50);0;0.01;l1;1.00E-05;32;0.99;0.999;1.00E-06;0.022754857;0.091301527;506;1.41
relu;(100, 100, 100, 50);0.1;0.01;l2;0.0001;16;0.8;0.99;1.00E-08;0.022755079;0.091292689;506;1.33
relu;(100, 50, 25);0;0.001;l1;1.00E-05;16;0.99;0.99;1.00E-08;0.022755165;0.091289256;506;0.6
relu;(100, 100, 100, 50);0;0.01;none;0.01;32;0.99;0.99;1.00E-06;0.022757403;0.091199863;506;1.04
relu;(100, 100, 100, 50);0.1;0.001;l1;1.00E-05;16;0.9;0.99;1.00E-08;0.022758631;0.091150848;506;1.84
relu;(50, 50, 50);0;0.03;l1;0.0001;16;0.8;0.999;1.00E-08;0.022758732;0.091146794;506;0.33
relu;(50, 50, 50);0.1;0.001;l1;0.0001;32;0.9;0.999;1.00E-06;0.022759152;0.091130037;506;0.45
relu;(100, 50, 25);0;0.01;l1;1.00E-05;32;0.8;0.99;1.00E-06;0.022759194;0.091128352;506;0.85
relu;(50, 50, 50);0.1;0.01;l2;1.00E-05;16;0.9;0.999;1.00E-06;0.022759723;0.091107219;506;0.47
relu;(100, 50, 25);0;0.01;l2;0.01;16;0.8;0.9;1.00E-08;0.022760963;0.091057717;506;0.29
relu;(100, 100, 100, 50);0;0.01;l2;0.01;64;0.8;0.99;1.00E-08;0.022761995;0.091016498;504;1.59
relu;(50, 50, 50);0;0.001;l1;0.0001;32;0.99;0.99;1.00E-06;0.022762481;0.090997087;506;1.16
relu;(50, 50, 50);0;0.01;l2;0.01;64;0.9;0.9;1.00E-08;0.022763494;0.090956611;504;0.37
relu;(100, 50, 25);0;0.001;l1;0.0001;32;0.8;0.9;1.00E-06;0.022763761;0.090945986;506;0.78
relu;(100, 50, 25);0.3;0.03;none;1.00E-05;64;0.9;0.99;1.00E-06;0.022764068;0.090933724;504;1.19
relu;(50, 50, 50);0.1;0.01;l1;1.00E-05;64;0.9;0.99;1.00E-08;0.022764742;0.090906787;504;0.79
relu;(100, 100, 100, 50);0.1;0.01;l2;1.00E-05;64;0.9;0.99;1.00E-08;0.02276518;0.090889282;504;1.8
relu;(100, 50, 25);0;0.03;none;0.0001;32;0.9;0.99;1.00E-08;0.022766036;0.090855102;506;0.31
relu;(50, 50, 50);0.1;0.03;l1;0.0001;64;0.8;0.99;1.00E-08;0.022767145;0.090810843;504;0.6
relu;(50, 50, 50);0;0.01;l2;1.00E-05;64;0.99;0.999;1.00E-06;0.022767372;0.09080177;504;0.4
relu;(50, 50, 50);0.1;0.01;none;0.0001;64;0.9;0.999;1.00E-08;0.022767939;0.090779141;504;0.68
relu;(100, 50, 25);0;0.001;l1;0.0001;64;0.8;0.9;1.00E-08;0.022768573;0.090753792;504;0.77
relu;(100, 50, 25);0.1;0.03;none;0.01;64;0.9;0.99;1.00E-08;0.022768882;0.090741461;504;1.01
relu;(100, 100, 100, 50);0;0.03;l2;1.00E-05;64;0.8;0.99;1.00E-08;0.022770082;0.090693545;504;1.32
relu;(100, 50, 25);0.1;0.03;none;0.0001;64;0.8;0.9;1.00E-08;0.022770891;0.090661221;504;1.03
relu;(100, 50, 25);0;0.03;l2;1.00E-05;16;0.9;0.999;1.00E-08;0.022771102;0.090652801;506;0.29
relu;(100, 50, 25);0.1;0.03;l1;1.00E-05;32;0.8;0.999;1.00E-08;0.022771321;0.090644078;506;1.01
relu;(50, 50, 50);0.1;0.01;l1;0.0001;16;0.99;0.99;1.00E-08;0.022772076;0.090613896;506;0.75
relu;(100, 100, 100, 50);0.1;0.01;none;0.0001;64;0.9;0.999;1.00E-06;0.022775017;0.090496476;504;1.98
relu;(100, 100, 100, 50);0;0.03;none;0.01;64;0.9;0.9;1.00E-06;0.022776581;0.090434001;504;1.51
relu;(100, 50, 25);0.1;0.03;l2;1.00E-05;64;0.8;0.9;1.00E-06;0.022776583;0.090433912;504;0.94
relu;(100, 50, 25);0.1;0.001;l2;1.00E-05;32;0.99;0.99;1.00E-08;0.022778275;0.090366375;506;0.77
relu;(100, 50, 25);0.1;0.001;l1;0.0001;16;0.8;0.9;1.00E-08;0.022778809;0.090345023;506;1.1
relu;(50, 50, 50);0.1;0.03;l2;1.00E-05;64;0.9;0.999;1.00E-08;0.022781339;0.090243996;504;0.79
relu;(50, 50, 50);0;0.001;l1;1.00E-05;32;0.99;0.9;1.00E-06;0.022782636;0.090192197;506;1.39
relu;(100, 100, 100, 50);0;0.001;l1;1.00E-05;32;0.99;0.9;1.00E-08;0.022782968;0.090178942;506;1.41
relu;(100, 50, 25);0.1;0.03;l2;0.0001;64;0.9;0.99;1.00E-06;0.022783281;0.090166445;504;1.04
relu;(100, 100, 100, 50);0.1;0.01;none;1.00E-05;32;0.8;0.999;1.00E-06;0.022783541;0.090156049;506;1.37
relu;(50, 50, 50);0;0.01;l2;1.00E-05;16;0.99;0.99;1.00E-06;0.022783952;0.090139644;506;0.31
relu;(50, 50, 50);0;0.03;none;1.00E-05;32;0.99;0.99;1.00E-08;0.022784744;0.090108023;506;0.34
relu;(50, 50, 50);0;0.001;l2;0.0001;16;0.9;0.99;1.00E-06;0.022785112;0.090093322;506;0.39
relu;(50, 50, 50);0;0.01;l2;1.00E-05;32;0.99;0.99;1.00E-06;0.022785126;0.090092769;506;0.37
relu;(50, 50, 50);0.1;0.01;l2;1.00E-05;32;0.99;0.999;1.00E-06;0.022785335;0.090084438;506;0.55
relu;(100, 100, 100, 50);0.1;0.001;l1;1.00E-05;32;0.8;0.9;1.00E-08;0.022786399;0.09004194;506;1.94
relu;(50, 50, 50);0.1;0.01;none;0.01;32;0.99;0.99;1.00E-08;0.022787882;0.089982731;506;0.7
relu;(50, 50, 50);0;0.01;none;0.0001;16;0.9;0.999;1.00E-06;0.022788432;0.089960735;506;0.32
relu;(50, 50, 50);0.1;0.03;none;1.00E-05;16;0.9;0.999;1.00E-06;0.022788795;0.089946264;506;0.62
relu;(50, 50, 50);0;0.01;l2;0.01;64;0.9;0.9;1.00E-06;0.022789118;0.089933373;504;0.4
relu;(50, 50, 50);0;0.01;none;0.01;64;0.99;0.9;1.00E-08;0.02278954;0.089916481;504;0.4
relu;(100, 100, 100, 50);0.1;0.001;none;0.0001;64;0.9;0.999;1.00E-06;0.022790262;0.089887667;504;1.79
relu;(100, 50, 25);0.1;0.001;none;0.0001;16;0.99;0.9;1.00E-06;0.022790449;0.089880212;506;0.33
relu;(50, 50, 50);0;0.01;l2;0.0001;64;0.99;0.9;1.00E-06;0.022790478;0.08987906;504;0.41
relu;(50, 50, 50);0;0.03;none;0.0001;16;0.8;0.999;1.00E-08;0.022790565;0.089875585;506;0.32
relu;(100, 100, 100, 50);0.1;0.001;none;0.01;32;0.99;0.9;1.00E-06;0.022790782;0.089866905;506;1.66
relu;(100, 100, 100, 50);0.1;0.01;none;0.01;32;0.9;0.9;1.00E-06;0.022791127;0.089853125;506;1.57
relu;(50, 50, 50);0.1;0.03;l1;0.0001;32;0.8;0.99;1.00E-08;0.02279216;0.089811876;506;0.86
relu;(50, 50, 50);0;0.03;none;0.01;64;0.8;0.9;1.00E-08;0.022793802;0.089746296;504;0.41
relu;(50, 50, 50);0;0.03;none;0.01;32;0.99;0.99;1.00E-08;0.022796148;0.089652596;506;0.38
relu;(100, 100, 100, 50);0;0.01;l2;0.0001;32;0.9;0.999;1.00E-08;0.022796159;0.089652189;506;1.27
relu;(50, 50, 50);0;0.03;none;0.0001;16;0.9;0.999;1.00E-08;0.022797084;0.089615246;506;0.3
relu;(100, 50, 25);0;0.01;l2;1.00E-05;64;0.99;0.9;1.00E-06;0.022797179;0.089611462;504;0.46
relu;(100, 50, 25);0;0.03;none;1.00E-05;64;0.99;0.99;1.00E-08;0.022797794;0.089586894;504;0.36
relu;(100, 50, 25);0;0.001;none;0.0001;32;0.99;0.99;1.00E-06;0.022798621;0.089553861;506;1.42
relu;(50, 50, 50);0;0.001;l1;0.01;16;0.9;0.9;1.00E-06;0.022800288;0.089487282;506;1
relu;(100, 100, 100, 50);0.1;0.01;l1;0.0001;32;0.8;0.999;1.00E-08;0.02280194;0.089421306;506;2.74
relu;(50, 50, 50);0.1;0.01;l1;1.00E-05;16;0.9;0.999;1.00E-06;0.022802221;0.089410092;506;0.74
relu;(100, 50, 25);0;0.001;l2;1.00E-05;32;0.99;0.99;1.00E-06;0.02280365;0.089353033;506;0.91
relu;(100, 50, 25);0;0.03;none;1.00E-05;16;0.8;0.999;1.00E-06;0.022806302;0.089247105;506;0.35
relu;(100, 50, 25);0.1;0.001;l2;0.01;64;0.8;0.999;1.00E-08;0.022806347;0.08924534;504;1.2
relu;(100, 50, 25);0;0.03;none;1.00E-05;64;0.9;0.999;1.00E-08;0.022807052;0.089217174;504;0.36
relu;(100, 50, 25);0;0.01;none;0.0001;64;0.99;0.999;1.00E-08;0.022807541;0.089197664;504;0.71
relu;(100, 100, 100, 50);0;0.03;none;0.0001;32;0.99;0.99;1.00E-06;0.022810424;0.089082521;506;1.22
relu;(100, 100, 100, 50);0.1;0.001;l1;1.00E-05;16;0.8;0.9;1.00E-08;0.022810662;0.089073021;506;1.71
relu;(100, 50, 25);0;0.001;none;1.00E-05;16;0.8;0.99;1.00E-06;0.02281122;0.089050722;506;1.23
relu;(50, 50, 50);0.1;0.001;l2;0.01;32;0.9;0.999;1.00E-08;0.022812511;0.088999155;506;0.44
relu;(50, 50, 50);0.1;0.03;l2;0.0001;16;0.9;0.999;1.00E-06;0.022812904;0.088983476;506;0.72
relu;(50, 50, 50);0;0.01;l2;0.01;32;0.8;0.9;1.00E-08;0.022812981;0.08898042;506;0.36
relu;(100, 100, 100, 50);0;0.01;none;0.0001;64;0.99;0.9;1.00E-08;0.022814337;0.088926265;504;1.36
relu;(50, 50, 50);0;0.01;none;1.00E-05;32;0.9;0.999;1.00E-08;0.022815202;0.088891702;506;0.39
relu;(100, 50, 25);0;0.01;none;0.01;16;0.8;0.99;1.00E-06;0.022815525;0.088878792;506;0.66
relu;(100, 100, 100, 50);0.1;0.01;none;0.0001;32;0.8;0.99;1.00E-06;0.022816132;0.088854567;506;1.69
relu;(50, 50, 50);0.1;0.01;l1;1.00E-05;64;0.9;0.9;1.00E-06;0.022817379;0.088804757;504;0.9
relu;(100, 50, 25);0.1;0.01;l1;0.0001;64;0.99;0.99;1.00E-06;0.022817642;0.088794282;504;1.3
relu;(100, 100, 100, 50);0.1;0.001;none;1.00E-05;64;0.8;0.99;1.00E-08;0.022818175;0.088772985;504;1.85
relu;(100, 50, 25);0.1;0.01;none;0.0001;64;0.9;0.9;1.00E-08;0.022819919;0.088703337;504;0.88
relu;(100, 100, 100, 50);0.1;0.001;l2;1.00E-05;64;0.9;0.999;1.00E-08;0.02282151;0.088639801;504;1.88
relu;(100, 100, 100, 50);0.1;0.01;l1;0.0001;64;0.9;0.999;1.00E-06;0.022821966;0.088621576;504;2.1
relu;(100, 50, 25);0.1;0.03;l2;1.00E-05;16;0.8;0.9;1.00E-06;0.022822403;0.088604149;506;0.85
relu;(100, 50, 25);0.1;0.001;none;0.01;16;0.9;0.99;1.00E-06;0.022822463;0.08860175;506;0.34
relu;(50, 50, 50);0.1;0.001;none;1.00E-05;16;0.99;0.999;1.00E-06;0.022823397;0.088564439;506;0.4
relu;(100, 100, 100, 50);0;0.001;l2;0.01;16;0.8;0.999;1.00E-06;0.022824073;0.088537451;506;0.95
relu;(50, 50, 50);0;0.03;l2;1.00E-05;16;0.99;0.99;1.00E-08;0.022824323;0.088527487;506;0.43
relu;(100, 50, 25);0;0.001;l1;1.00E-05;64;0.9;0.99;1.00E-08;0.022824607;0.088516119;504;0.77
relu;(50, 50, 50);0.1;0.01;none;0.01;32;0.99;0.999;1.00E-06;0.022825829;0.088467344;506;0.76
relu;(100, 100, 100, 50);0;0.001;none;0.01;16;0.99;0.999;1.00E-06;0.022826313;0.088447994;506;1.26
relu;(100, 50, 25);0.1;0.03;none;0.01;32;0.8;0.9;1.00E-06;0.022826896;0.088424731;506;0.82
relu;(50, 50, 50);0;0.03;l2;1.00E-05;16;0.9;0.999;1.00E-08;0.02282711;0.088416175;506;0.33
relu;(50, 50, 50);0;0.03;l2;1.00E-05;64;0.8;0.99;1.00E-08;0.022827954;0.08838245;504;1.5
relu;(50, 50, 50);0;0.01;l1;0.01;64;0.9;0.999;1.00E-06;0.022828309;0.088368285;504;0.53
relu;(50, 50, 50);0.1;0.01;l2;0.0001;64;0.99;0.999;1.00E-06;0.022828797;0.088348792;504;0.75
relu;(50, 50, 50);0;0.001;l1;0.0001;32;0.99;0.9;1.00E-08;0.022829198;0.088332794;506;1.27
relu;(50, 50, 50);0.1;0.03;none;0.0001;64;0.9;0.99;1.00E-08;0.022830035;0.088299378;504;0.58
relu;(100, 50, 25);0;0.001;none;1.00E-05;16;0.8;0.9;1.00E-06;0.022832405;0.088204734;506;1.29
relu;(50, 50, 50);0;0.01;l1;0.0001;64;0.9;0.99;1.00E-06;0.022832758;0.088190613;504;0.42
relu;(50, 50, 50);0.3;0.001;l1;1.00E-05;32;0.99;0.999;1.00E-08;0.022833237;0.088171484;506;0.81
relu;(50, 50, 50);0.1;0.001;l2;0.01;16;0.8;0.99;1.00E-08;0.022834576;0.088118006;506;0.38
relu;(100, 100, 100, 50);0;0.01;l2;1.00E-05;32;0.99;0.99;1.00E-06;0.02283495;0.088103066;506;1.23
relu;(100, 100, 100, 50);0;0.03;none;0.01;32;0.9;0.9;1.00E-08;0.022834997;0.088101215;506;1.35
relu;(100, 50, 25);0.1;0.001;l2;0.01;64;0.9;0.9;1.00E-08;0.022835221;0.088092282;504;1.19
relu;(50, 50, 50);0;0.001;none;0.0001;16;0.99;0.999;1.00E-08;0.022836233;0.088051834;506;0.33
relu;(50, 50, 50);0;0.01;l2;1.00E-05;64;0.8;0.999;1.00E-06;0.022837023;0.088020288;504;0.43
relu;(100, 100, 100, 50);0.1;0.001;l2;0.0001;16;0.99;0.9;1.00E-08;0.022837405;0.088005032;506;1.37
relu;(50, 50, 50);0;0.01;l2;0.0001;64;0.99;0.9;1.00E-08;0.022837475;0.088002245;504;0.36
relu;(100, 100, 100, 50);0;0.001;l2;1.00E-05;64;0.99;0.9;1.00E-08;0.022837561;0.087998825;504;1.5
relu;(100, 100, 100, 50);0;0.001;l2;0.01;16;0.8;0.9;1.00E-08;0.022837835;0.087987873;506;0.96
relu;(100, 50, 25);0;0.01;none;0.01;64;0.8;0.999;1.00E-06;0.022837841;0.087987621;504;0.84
relu;(100, 50, 25);0;0.01;none;1.00E-05;32;0.99;0.9;1.00E-08;0.022838526;0.087960298;506;0.68
relu;(100, 100, 100, 50);0.1;0.001;l1;0.0001;16;0.8;0.99;1.00E-06;0.022838668;0.087954592;506;1.44
relu;(100, 50, 25);0;0.03;l1;1.00E-05;32;0.99;0.99;1.00E-06;0.022839;0.087941334;506;0.33
relu;(50, 50, 50);0;0.01;none;1.00E-05;64;0.9;0.99;1.00E-08;0.022839103;0.08793723;504;0.38
relu;(100, 100, 100, 50);0.1;0.001;l1;1.00E-05;32;0.99;0.9;1.00E-06;0.022839289;0.087929816;506;1.78
relu;(100, 100, 100, 50);0;0.03;none;0.01;16;0.8;0.999;1.00E-08;0.022839402;0.087925301;506;1.12
relu;(100, 50, 25);0;0.001;l1;1.00E-05;16;0.99;0.999;1.00E-06;0.022840449;0.087883471;506;0.61
relu;(50, 50, 50);0.1;0.001;none;0.01;16;0.8;0.9;1.00E-08;0.022840781;0.087870222;506;0.4
relu;(100, 50, 25);0;0.03;l1;0.0001;64;0.99;0.999;1.00E-08;0.022841247;0.087851603;504;0.47
relu;(100, 50, 25);0.1;0.001;l2;0.0001;32;0.99;0.99;1.00E-08;0.022842226;0.087812529;506;0.84
relu;(100, 50, 25);0;0.01;l2;0.01;32;0.8;0.999;1.00E-06;0.022842994;0.08778185;506;0.31
relu;(50, 50, 50);0;0.03;none;1.00E-05;64;0.99;0.999;1.00E-06;0.022843567;0.087758975;504;0.36
relu;(100, 100, 100, 50);0;0.03;none;1.00E-05;64;0.9;0.99;1.00E-06;0.022844166;0.087735036;504;1.31
relu;(100, 50, 25);0;0.001;l2;1.00E-05;16;0.99;0.9;1.00E-08;0.022845902;0.087665728;506;0.69
relu;(100, 50, 25);0;0.01;none;0.01;64;0.8;0.99;1.00E-08;0.022846134;0.087656458;504;0.86
relu;(50, 50, 50);0.1;0.01;l2;0.01;32;0.9;0.999;1.00E-08;0.022846267;0.087651146;506;0.71
relu;(50, 50, 50);0;0.01;none;0.01;64;0.9;0.9;1.00E-08;0.022846808;0.087629554;504;0.37
relu;(100, 50, 25);0.1;0.03;none;0.01;64;0.8;0.999;1.00E-06;0.022846859;0.087627527;504;1.03
relu;(100, 50, 25);0;0.03;none;1.00E-05;64;0.8;0.9;1.00E-06;0.022846983;0.087622557;504;0.42
relu;(50, 50, 50);0;0.03;l2;1.00E-05;64;0.8;0.999;1.00E-08;0.022847484;0.087602545;504;1.21
relu;(100, 100, 100, 50);0;0.03;l1;1.00E-05;16;0.9;0.99;1.00E-08;0.022848286;0.087570504;506;1.2
relu;(100, 50, 25);0;0.01;l2;0.01;64;0.9;0.9;1.00E-06;0.022849561;0.087519594;504;0.39
relu;(100, 50, 25);0;0.001;none;1.00E-05;32;0.99;0.99;1.00E-06;0.022849625;0.087517046;506;1.44
relu;(100, 100, 100, 50);0;0.03;l2;0.0001;16;0.9;0.999;1.00E-06;0.02284987;0.087507264;506;0.91
relu;(100, 50, 25);0;0.001;l2;0.01;32;0.9;0.9;1.00E-06;0.022850097;0.087498208;506;0.69
relu;(50, 50, 50);0;0.03;l1;1.00E-05;16;0.9;0.99;1.00E-08;0.022850436;0.087484678;506;0.35
relu;(100, 50, 25);0.1;0.01;none;1.00E-05;16;0.9;0.99;1.00E-06;0.022850529;0.087480946;506;0.94
relu;(100, 50, 25);0.1;0.03;none;1.00E-05;64;0.8;0.999;1.00E-06;0.02285077;0.087471337;504;1.17
relu;(50, 50, 50);0.1;0.01;none;0.01;32;0.9;0.9;1.00E-06;0.02285115;0.087456153;506;0.69
relu;(100, 100, 100, 50);0.1;0.001;l1;1.00E-05;64;0.8;0.9;1.00E-08;0.022851642;0.087436489;504;1.9
relu;(100, 50, 25);0;0.001;l2;1.00E-05;64;0.9;0.9;1.00E-06;0.022852992;0.087382589;504;0.79
relu;(100, 100, 100, 50);0;0.001;l2;1.00E-05;16;0.99;0.99;1.00E-06;0.022853466;0.087363652;506;1.18
relu;(50, 50, 50);0;0.01;none;0.0001;16;0.8;0.9;1.00E-06;0.022853583;0.087358976;506;0.35
relu;(100, 50, 25);0.1;0.03;none;1.00E-05;16;0.9;0.999;1.00E-06;0.022853649;0.08735637;506;1.03
relu;(100, 50, 25);0.1;0.001;l2;0.01;16;0.99;0.999;1.00E-06;0.022855291;0.087290784;506;0.81
relu;(50, 50, 50);0.1;0.001;l2;0.01;32;0.9;0.9;1.00E-08;0.022855536;0.087280983;506;0.41
relu;(100, 50, 25);0.1;0.001;l2;1.00E-05;16;0.99;0.99;1.00E-06;0.02285577;0.087271639;506;0.76
relu;(50, 50, 50);0;0.01;none;1.00E-05;16;0.8;0.99;1.00E-08;0.022856149;0.087256536;506;0.38
relu;(50, 50, 50);0;0.01;l2;0.0001;16;0.99;0.999;1.00E-06;0.022856758;0.087232187;506;0.36
relu;(100, 50, 25);0;0.03;l1;1.00E-05;64;0.9;0.999;1.00E-08;0.022858868;0.087147927;504;0.47
relu;(100, 50, 25);0.1;0.001;none;0.0001;16;0.8;0.99;1.00E-06;0.022859844;0.08710895;506;0.32
relu;(100, 50, 25);0.1;0.03;l2;0.0001;32;0.8;0.9;1.00E-08;0.022859847;0.087108826;506;0.86
relu;(50, 50, 50);0.1;0.03;none;1.00E-05;16;0.8;0.999;1.00E-06;0.022860659;0.087076419;506;0.59
relu;(100, 100, 100, 50);0;0.01;l1;1.00E-05;32;0.9;0.999;1.00E-06;0.022861461;0.087044378;506;1.46
relu;(100, 50, 25);0.1;0.03;none;0.01;64;0.8;0.9;1.00E-08;0.022862854;0.08698878;504;0.91
relu;(100, 100, 100, 50);0;0.01;l1;1.00E-05;64;0.99;0.999;1.00E-08;0.022863261;0.086972511;504;1.67
relu;(100, 100, 100, 50);0.1;0.001;l2;1.00E-05;16;0.9;0.9;1.00E-08;0.022863925;0.086945987;506;1.43
relu;(100, 100, 100, 50);0.1;0.01;l2;1.00E-05;64;0.9;0.99;1.00E-06;0.022864159;0.086936657;504;1.72
relu;(100, 50, 25);0.3;0.001;none;0.0001;32;0.9;0.9;1.00E-06;0.02286421;0.086934616;506;0.47
relu;(100, 50, 25);0.1;0.001;l2;0.01;64;0.99;0.99;1.00E-08;0.022864617;0.086918353;504;1.17
relu;(100, 50, 25);0;0.01;l2;0.01;32;0.99;0.9;1.00E-08;0.022864829;0.086909888;506;0.29
relu;(100, 100, 100, 50);0;0.01;none;1.00E-05;16;0.8;0.9;1.00E-06;0.022865107;0.086898776;506;1.15
relu;(100, 100, 100, 50);0.1;0.001;l2;0.0001;32;0.99;0.9;1.00E-06;0.022866414;0.08684661;506;1.66
relu;(100, 100, 100, 50);0;0.001;l2;0.0001;64;0.9;0.9;1.00E-08;0.022867397;0.086807344;504;1.25
relu;(100, 50, 25);0.1;0.001;none;0.01;32;0.8;0.9;1.00E-06;0.02286868;0.086756084;506;0.82
relu;(100, 50, 25);0.1;0.001;l2;0.0001;64;0.99;0.999;1.00E-08;0.022869878;0.086708277;504;1.03
relu;(50, 50, 50);0;0.01;none;0.0001;64;0.9;0.99;1.00E-08;0.022871306;0.086651234;504;0.37
relu;(100, 50, 25);0;0.01;l1;1.00E-05;16;0.99;0.9;1.00E-08;0.022871453;0.086645358;506;0.81
relu;(50, 50, 50);0.1;0.01;none;0.01;32;0.99;0.9;1.00E-08;0.022873028;0.086582457;506;0.82
relu;(100, 50, 25);0.1;0.01;l1;1.00E-05;64;0.99;0.999;1.00E-08;0.022873097;0.086579714;504;1.23
relu;(100, 100, 100, 50);0.1;0.001;l2;1.00E-05;16;0.99;0.9;1.00E-08;0.022874073;0.086540719;506;1.42
relu;(100, 50, 25);0;0.03;none;1.00E-05;16;0.99;0.999;1.00E-08;0.022875974;0.086464813;506;0.29
relu;(100, 50, 25);0.3;0.01;l2;1.00E-05;32;0.9;0.999;1.00E-06;0.022876297;0.086451927;506;0.38
relu;(50, 50, 50);0.1;0.001;none;1.00E-05;32;0.99;0.999;1.00E-06;0.022877362;0.086409392;506;0.41
relu;(100, 100, 100, 50);0.1;0.01;none;0.01;32;0.9;0.999;1.00E-08;0.022878254;0.086373759;506;1.64
relu;(100, 50, 25);0.1;0.001;l1;0.0001;32;0.9;0.999;1.00E-08;0.022879893;0.086308339;506;1.09
relu;(100, 50, 25);0;0.03;l1;1.00E-05;64;0.9;0.999;1.00E-06;0.022879978;0.086304938;504;0.59
relu;(100, 100, 100, 50);0;0.03;none;0.0001;32;0.8;0.9;1.00E-08;0.022880934;0.086266733;506;1.22
relu;(100, 100, 100, 50);0.1;0.03;l1;0.0001;32;0.8;0.99;1.00E-06;0.022881385;0.086248753;506;1.49
relu;(50, 50, 50);0.1;0.03;l2;0.0001;32;0.9;0.99;1.00E-06;0.022882161;0.08621773;506;0.65
relu;(100, 50, 25);0;0.03;none;0.01;32;0.9;0.9;1.00E-06;0.02288244;0.086206611;506;0.29
relu;(50, 50, 50);0.1;0.01;l2;0.0001;64;0.8;0.999;1.00E-08;0.022882456;0.086205979;504;0.81
relu;(100, 50, 25);0;0.001;l2;0.0001;16;0.99;0.99;1.00E-08;0.022882849;0.08619028;506;0.7
relu;(50, 50, 50);0.1;0.01;l2;0.0001;32;0.8;0.99;1.00E-06;0.022883482;0.086164988;506;0.58
relu;(100, 100, 100, 50);0;0.03;none;0.0001;64;0.9;0.999;1.00E-06;0.022884472;0.086125476;504;1.64
relu;(50, 50, 50);0;0.01;l1;1.00E-05;64;0.8;0.9;1.00E-06;0.022884711;0.086115932;504;0.51
relu;(100, 100, 100, 50);0.1;0.03;none;0.01;64;0.8;0.999;1.00E-08;0.022884871;0.086109521;504;1.72
relu;(50, 50, 50);0;0.03;none;0.01;64;0.9;0.99;1.00E-06;0.022885035;0.086102991;504;0.46
relu;(100, 50, 25);0;0.001;none;1.00E-05;32;0.99;0.9;1.00E-06;0.02288533;0.086091186;506;1.35
relu;(50, 50, 50);0.1;0.03;l2;0.0001;32;0.9;0.9;1.00E-06;0.022885404;0.086088226;506;0.59
relu;(100, 100, 100, 50);0;0.03;l2;0.0001;16;0.99;0.99;1.00E-08;0.022885657;0.086078132;506;0.93
relu;(100, 100, 100, 50);0;0.01;none;0.01;64;0.9;0.999;1.00E-08;0.022885976;0.086065413;504;1.23
relu;(50, 50, 50);0;0.01;none;1.00E-05;32;0.8;0.9;1.00E-08;0.022886133;0.086059138;506;0.4
relu;(100, 100, 100, 50);0.1;0.03;none;0.01;32;0.8;0.9;1.00E-08;0.022887475;0.086005536;506;1.53
relu;(50, 50, 50);0.1;0.01;l2;0.0001;32;0.99;0.99;1.00E-06;0.022888132;0.085979302;506;0.72
relu;(50, 50, 50);0;0.03;l1;1.00E-05;64;0.9;0.999;1.00E-06;0.022888447;0.085966706;504;0.42
relu;(100, 50, 25);0;0.01;l2;1.00E-05;64;0.8;0.99;1.00E-06;0.022888586;0.085961165;504;0.38
relu;(100, 100, 100, 50);0;0.001;l2;0.01;16;0.99;0.99;1.00E-08;0.022889564;0.085922105;506;0.94
relu;(100, 100, 100, 50);0;0.03;l2;0.0001;16;0.9;0.99;1.00E-06;0.022889892;0.085909033;506;0.91
relu;(100, 50, 25);0;0.03;none;0.01;32;0.8;0.999;1.00E-08;0.02289;0.0859047;506;0.3
relu;(50, 50, 50);0;0.01;l2;0.01;32;0.9;0.99;1.00E-08;0.022890075;0.085901706;506;0.34
relu;(100, 50, 25);0;0.03;l2;0.01;32;0.99;0.99;1.00E-08;0.022891119;0.085860031;506;0.33
relu;(50, 50, 50);0;0.01;none;0.0001;64;0.9;0.9;1.00E-08;0.022891475;0.085845801;504;0.38
relu;(50, 50, 50);0.1;0.01;none;0.01;64;0.9;0.9;1.00E-08;0.022892008;0.085824505;504;0.71
relu;(50, 50, 50);0.1;0.001;l1;1.00E-05;32;0.99;0.999;1.00E-08;0.022892222;0.085815959;506;0.45
relu;(100, 100, 100, 50);0;0.01;none;1.00E-05;32;0.9;0.9;1.00E-06;0.022892281;0.085813596;506;1.36
relu;(100, 100, 100, 50);0.1;0.03;l2;1.00E-05;64;0.9;0.999;1.00E-06;0.022892364;0.085810283;504;1.26
relu;(50, 50, 50);0;0.03;l1;1.00E-05;32;0.99;0.99;1.00E-08;0.0228925;0.08580486;506;0.47
relu;(50, 50, 50);0.1;0.03;none;1.00E-05;32;0.9;0.999;1.00E-06;0.02289263;0.085799683;506;0.73
relu;(100, 50, 25);0;0.03;l2;1.00E-05;64;0.8;0.9;1.00E-08;0.022892858;0.085790583;504;0.35
relu;(100, 50, 25);0.1;0.001;l1;0.0001;32;0.99;0.9;1.00E-06;0.02289519;0.085697429;506;1.28
relu;(50, 50, 50);0.1;0.03;l1;1.00E-05;16;0.8;0.999;1.00E-06;0.022895352;0.085690991;506;0.54
relu;(50, 50, 50);0;0.001;l1;1.00E-05;16;0.99;0.9;1.00E-06;0.022895594;0.085681304;506;1.19
relu;(100, 50, 25);0;0.03;l1;1.00E-05;32;0.8;0.9;1.00E-08;0.022896154;0.08565894;506;0.36
relu;(100, 100, 100, 50);0;0.001;l2;1.00E-05;16;0.99;0.999;1.00E-08;0.022896805;0.085632965;506;1.2
relu;(50, 50, 50);0.1;0.03;l1;1.00E-05;16;0.9;0.999;1.00E-06;0.022896932;0.085627873;506;0.58
relu;(50, 50, 50);0;0.001;l2;0.01;16;0.99;0.999;1.00E-06;0.022897227;0.085616091;506;0.34
relu;(100, 100, 100, 50);0.1;0.001;none;0.0001;32;0.9;0.9;1.00E-08;0.022897322;0.085612326;506;1.34
relu;(100, 100, 100, 50);0;0.01;none;0.0001;16;0.8;0.9;1.00E-08;0.022897426;0.085608157;506;1.18
relu;(100, 50, 25);0;0.01;l1;1.00E-05;32;0.99;0.9;1.00E-06;0.022898373;0.085570323;506;0.89
relu;(50, 50, 50);0.1;0.03;none;0.01;32;0.8;0.999;1.00E-06;0.022898648;0.085559362;506;0.59
relu;(100, 100, 100, 50);0.1;0.01;l1;1.00E-05;16;0.99;0.999;1.00E-06;0.022898728;0.085556149;506;1.35
relu;(100, 50, 25);0.1;0.001;none;0.0001;16;0.99;0.99;1.00E-08;0.022898917;0.085548612;506;0.32
relu;(100, 100, 100, 50);0;0.001;l1;0.0001;64;0.8;0.9;1.00E-06;0.022902509;0.085405184;504;1.41
relu;(100, 100, 100, 50);0.1;0.01;l2;1.00E-05;16;0.9;0.99;1.00E-06;0.022902621;0.085400705;506;1.32
relu;(100, 50, 25);0;0.03;none;1.00E-05;64;0.8;0.9;1.00E-08;0.022904434;0.085328305;504;0.4
relu;(100, 100, 100, 50);0;0.01;none;0.0001;64;0.8;0.99;1.00E-06;0.022908919;0.085149201;504;1.33
relu;(50, 50, 50);0;0.001;l1;1.00E-05;64;0.99;0.9;1.00E-06;0.022909982;0.085106751;504;1.34
relu;(100, 100, 100, 50);0;0.03;l2;1.00E-05;64;0.99;0.999;1.00E-06;0.022911757;0.085035863;504;1.22
relu;(100, 100, 100, 50);0;0.001;l1;1.00E-05;64;0.99;0.99;1.00E-06;0.022912035;0.085024751;504;1.56
relu;(100, 50, 25);0;0.001;none;0.0001;16;0.8;0.999;1.00E-08;0.022913025;0.084985225;506;1.35
relu;(100, 100, 100, 50);0.1;0.01;none;0.01;64;0.8;0.99;1.00E-08;0.022913196;0.084978371;504;1.81
relu;(100, 50, 25);0;0.01;none;0.0001;32;0.8;0.99;1.00E-08;0.022913486;0.084966792;506;0.66
relu;(100, 50, 25);0.1;0.001;l1;0.0001;64;0.9;0.9;1.00E-08;0.022913704;0.084958123;504;1.14
relu;(100, 100, 100, 50);0;0.01;l2;0.0001;64;0.99;0.9;1.00E-06;0.022914851;0.084912314;504;1.54
relu;(50, 50, 50);0.1;0.001;l1;0.0001;16;0.8;0.9;1.00E-08;0.022918099;0.084782586;506;0.42
relu;(100, 50, 25);0;0.03;none;1.00E-05;16;0.9;0.9;1.00E-08;0.022918112;0.084782074;506;0.29
relu;(50, 50, 50);0.1;0.01;none;1.00E-05;32;0.99;0.99;1.00E-06;0.022919191;0.084738995;506;0.45
relu;(100, 50, 25);0.1;0.001;none;1.00E-05;16;0.99;0.9;1.00E-08;0.022920059;0.084704322;506;0.42
relu;(100, 100, 100, 50);0.1;0.001;l2;0.0001;16;0.99;0.9;1.00E-06;0.022920963;0.084668216;506;1.39
relu;(100, 50, 25);0;0.01;l2;0.01;32;0.8;0.9;1.00E-08;0.02292133;0.084653582;506;0.3
relu;(50, 50, 50);0;0.03;none;0.01;32;0.99;0.999;1.00E-06;0.022922497;0.084606954;506;0.35
relu;(50, 50, 50);0;0.03;none;0.0001;32;0.8;0.9;1.00E-06;0.022923972;0.084548068;506;0.38
relu;(50, 50, 50);0;0.03;l2;0.01;32;0.9;0.9;1.00E-08;0.022924771;0.084516167;506;0.95
relu;(50, 50, 50);0.1;0.01;none;1.00E-05;16;0.8;0.999;1.00E-06;0.022926074;0.084464114;506;0.38
relu;(100, 50, 25);0;0.001;none;1.00E-05;16;0.99;0.999;1.00E-08;0.02292621;0.084458698;506;1.28
relu;(100, 50, 25);0.1;0.001;l2;0.01;32;0.9;0.99;1.00E-08;0.022926255;0.084456883;506;0.98
relu;(100, 50, 25);0.1;0.001;none;0.0001;32;0.99;0.999;1.00E-06;0.022926643;0.084441379;506;0.37
relu;(50, 50, 50);0.1;0.01;l2;1.00E-05;64;0.8;0.999;1.00E-06;0.022926731;0.084437888;504;0.8
relu;(50, 50, 50);0.1;0.01;none;0.01;16;0.8;0.9;1.00E-06;0.022926939;0.084429561;506;0.65
relu;(50, 50, 50);0.1;0.001;none;0.01;64;0.99;0.999;1.00E-08;0.022927077;0.08442408;504;0.48
relu;(50, 50, 50);0;0.01;l2;1.00E-05;64;0.8;0.99;1.00E-06;0.022927253;0.084417023;504;0.37
relu;(100, 50, 25);0;0.001;none;0.0001;64;0.99;0.9;1.00E-06;0.022927694;0.084399415;504;1.63
relu;(50, 50, 50);0;0.03;l2;0.01;64;0.8;0.99;1.00E-08;0.02292923;0.084338077;504;1.38
relu;(50, 50, 50);0;0.01;l1;1.00E-05;64;0.8;0.999;1.00E-06;0.022929515;0.084326706;504;0.45
relu;(50, 50, 50);0;0.001;l1;0.0001;32;0.9;0.999;1.00E-08;0.022930065;0.084304729;506;1.3
relu;(50, 50, 50);0.1;0.001;l1;0.0001;32;0.99;0.999;1.00E-08;0.022930545;0.084285572;506;0.46
relu;(50, 50, 50);0;0.01;l2;0.01;64;0.8;0.999;1.00E-08;0.022931007;0.084267128;504;0.41
relu;(100, 50, 25);0.1;0.03;l2;1.00E-05;16;0.8;0.999;1.00E-06;0.022931262;0.084256934;506;0.91
relu;(100, 100, 100, 50);0.1;0.03;none;0.0001;16;0.9;0.999;1.00E-08;0.022931475;0.084248436;506;1.31
relu;(100, 100, 100, 50);0;0.01;none;1.00E-05;32;0.8;0.999;1.00E-08;0.022931653;0.084241313;506;1.32
relu;(50, 50, 50);0;0.01;l1;1.00E-05;32;0.99;0.999;1.00E-06;0.022931829;0.084234291;506;0.41
relu;(100, 100, 100, 50);0.1;0.03;none;1.00E-05;64;0.8;0.999;1.00E-06;0.022934232;0.084138339;504;1.78
relu;(100, 50, 25);0;0.01;l2;0.01;16;0.9;0.999;1.00E-08;0.022937039;0.084026231;506;0.32
relu;(50, 50, 50);0.1;0.001;l1;0.0001;64;0.99;0.9;1.00E-08;0.022937427;0.084010728;504;0.54
relu;(100, 50, 25);0.1;0.03;l2;1.00E-05;16;0.8;0.999;1.00E-08;0.022937428;0.0840107;506;0.89
relu;(100, 100, 100, 50);0.1;0.01;none;1.00E-05;64;0.9;0.9;1.00E-06;0.022939349;0.083933983;504;1.73
relu;(50, 50, 50);0.3;0.01;l1;0.0001;32;0.8;0.99;1.00E-06;0.022939792;0.083916314;506;0.92
relu;(50, 50, 50);0;0.01;l2;1.00E-05;32;0.99;0.99;1.00E-08;0.022940252;0.083897943;506;0.38
relu;(100, 50, 25);0;0.03;l2;0.0001;16;0.99;0.99;1.00E-08;0.022940744;0.083878281;506;0.3
relu;(50, 50, 50);0.1;0.01;none;0.01;64;0.9;0.99;1.00E-08;0.022942171;0.083821297;504;0.61
relu;(100, 50, 25);0;0.03;l1;0.0001;64;0.99;0.99;1.00E-08;0.022942485;0.083808746;504;0.45
relu;(50, 50, 50);0.1;0.01;none;0.0001;32;0.99;0.99;1.00E-06;0.02294263;0.083802945;506;0.89
relu;(100, 100, 100, 50);0;0.001;l2;0.0001;64;0.99;0.999;1.00E-08;0.022943308;0.083775897;504;1.25
relu;(100, 100, 100, 50);0;0.03;none;1.00E-05;32;0.99;0.999;1.00E-08;0.022944252;0.083738197;506;1.07
relu;(100, 100, 100, 50);0;0.001;none;1.00E-05;64;0.9;0.99;1.00E-06;0.022944497;0.083728412;504;1.25
relu;(100, 50, 25);0.1;0.001;l1;0.0001;64;0.99;0.9;1.00E-08;0.022945751;0.083678337;504;1.29
relu;(50, 50, 50);0.1;0.001;l1;1.00E-05;16;0.8;0.9;1.00E-06;0.022946063;0.083665869;506;0.45
relu;(100, 50, 25);0.1;0.03;none;1.00E-05;32;0.9;0.99;1.00E-08;0.022946413;0.083651875;506;1.11
relu;(100, 50, 25);0.1;0.01;none;1.00E-05;32;0.8;0.99;1.00E-08;0.022946676;0.08364139;506;1.11
relu;(100, 50, 25);0.1;0.001;l2;0.0001;16;0.9;0.9;1.00E-06;0.022949619;0.083523868;506;0.68
relu;(100, 100, 100, 50);0.1;0.001;l2;1.00E-05;64;0.8;0.99;1.00E-06;0.022951443;0.083451025;504;1.6
relu;(50, 50, 50);0;0.03;l2;1.00E-05;32;0.8;0.9;1.00E-06;0.022951806;0.083436515;506;0.46
relu;(100, 50, 25);0.1;0.001;l1;0.0001;32;0.8;0.99;1.00E-06;0.022952121;0.083423945;506;1.14
relu;(100, 100, 100, 50);0;0.03;l2;1.00E-05;16;0.99;0.999;1.00E-08;0.022953606;0.083364658;506;1.12
relu;(50, 50, 50);0.1;0.01;none;1.00E-05;32;0.8;0.999;1.00E-06;0.022954613;0.083324424;506;0.48
relu;(100, 50, 25);0;0.01;none;0.01;32;0.99;0.99;1.00E-08;0.022954687;0.083321487;506;0.68
relu;(100, 100, 100, 50);0;0.001;none;0.01;32;0.99;0.999;1.00E-08;0.022956023;0.083268134;506;1.28
relu;(100, 100, 100, 50);0;0.001;l2;0.01;64;0.99;0.99;1.00E-08;0.022956657;0.083242802;504;1.48
relu;(50, 50, 50);0.1;0.001;l1;1.00E-05;16;0.8;0.99;1.00E-06;0.022957179;0.083221964;506;0.49
relu;(100, 50, 25);0.1;0.001;none;1.00E-05;16;0.9;0.999;1.00E-06;0.022957367;0.083214444;506;0.42
relu;(100, 50, 25);0.1;0.03;l1;1.00E-05;32;0.9;0.99;1.00E-08;0.02295759;0.083205533;506;0.86
relu;(50, 50, 50);0.1;0.03;none;0.0001;32;0.9;0.99;1.00E-06;0.022960323;0.083096393;506;0.52
relu;(50, 50, 50);0;0.03;none;0.0001;64;0.8;0.99;1.00E-06;0.022960476;0.083090289;504;0.37
relu;(100, 50, 25);0;0.01;l2;1.00E-05;32;0.9;0.99;1.00E-08;0.022960747;0.083079481;506;0.3
relu;(100, 50, 25);0;0.03;none;1.00E-05;64;0.8;0.999;1.00E-08;0.022961009;0.083069017;504;0.37
relu;(100, 50, 25);0.1;0.001;l1;0.0001;16;0.8;0.999;1.00E-08;0.022961126;0.083064358;506;0.97
relu;(50, 50, 50);0.1;0.001;l2;0.01;64;0.9;0.9;1.00E-08;0.022961792;0.083037725;504;0.48
relu;(50, 50, 50);0.1;0.01;l2;1.00E-05;64;0.99;0.99;1.00E-08;0.022962723;0.083000547;504;0.69
relu;(100, 100, 100, 50);0;0.01;none;0.0001;16;0.9;0.9;1.00E-08;0.022963265;0.082978918;506;1.17
relu;(100, 100, 100, 50);0.1;0.001;l1;1.00E-05;64;0.9;0.9;1.00E-06;0.022963393;0.082973806;504;1.73
relu;(50, 50, 50);0;0.001;none;0.01;64;0.99;0.9;1.00E-06;0.022964034;0.082948229;504;1.28
relu;(100, 100, 100, 50);0;0.03;l2;1.00E-05;16;0.8;0.9;1.00E-08;0.022967049;0.082827808;506;1.19
relu;(100, 50, 25);0;0.03;l2;0.0001;32;0.99;0.999;1.00E-06;0.022967496;0.082809957;506;0.39
relu;(50, 50, 50);0.3;0.01;l1;1.00E-05;16;0.8;0.999;1.00E-06;0.022967655;0.082803619;506;0.56
relu;(50, 50, 50);0.1;0.03;l1;1.00E-05;32;0.8;0.9;1.00E-06;0.022968159;0.082783494;506;0.64
relu;(50, 50, 50);0.1;0.001;l2;1.00E-05;16;0.9;0.999;1.00E-06;0.022968633;0.082764561;506;0.38
relu;(100, 50, 25);0;0.03;l2;1.00E-05;64;0.9;0.99;1.00E-06;0.022968712;0.082761384;504;0.4
relu;(100, 100, 100, 50);0;0.03;none;0.01;16;0.9;0.99;1.00E-08;0.022969693;0.082722206;506;1.14
relu;(50, 50, 50);0;0.001;l2;0.0001;32;0.99;0.999;1.00E-08;0.022970156;0.082703737;506;0.36
relu;(100, 50, 25);0;0.001;l1;1.00E-05;16;0.99;0.9;1.00E-06;0.022970285;0.08269857;506;0.68
relu;(100, 50, 25);0;0.01;l1;0.0001;64;0.99;0.999;1.00E-08;0.022970971;0.082671199;504;0.43
relu;(50, 50, 50);0;0.03;none;0.0001;32;0.8;0.99;1.00E-08;0.022971193;0.082662316;506;0.36
relu;(100, 100, 100, 50);0.1;0.001;none;0.01;64;0.99;0.999;1.00E-08;0.022971376;0.082655033;504;2
relu;(50, 50, 50);0;0.01;l1;1.00E-05;64;0.99;0.9;1.00E-06;0.022973975;0.082551215;504;0.43
relu;(50, 50, 50);0;0.001;none;0.01;32;0.99;0.9;1.00E-06;0.022975899;0.082474376;506;1.09
relu;(100, 100, 100, 50);0.1;0.03;l1;1.00E-05;32;0.8;0.999;1.00E-08;0.022976029;0.082469195;506;1.94
relu;(100, 100, 100, 50);0;0.03;none;1.00E-05;32;0.8;0.999;1.00E-08;0.022976611;0.082445943;506;1.03
relu;(100, 100, 100, 50);0.1;0.001;l2;0.0001;16;0.99;0.99;1.00E-06;0.02297783;0.082397274;506;1.4
relu;(100, 50, 25);0;0.03;l2;1.00E-05;32;0.9;0.99;1.00E-06;0.022977916;0.082393854;506;0.28
relu;(100, 100, 100, 50);0.1;0.001;l2;0.0001;64;0.9;0.9;1.00E-08;0.022978561;0.082368096;504;1.93
relu;(100, 100, 100, 50);0;0.03;l2;1.00E-05;64;0.99;0.9;1.00E-06;0.022978769;0.082359777;504;1.22
relu;(100, 50, 25);0.1;0.01;none;1.00E-05;16;0.8;0.9;1.00E-08;0.022979211;0.082342149;506;0.87
relu;(100, 50, 25);0;0.03;l2;0.0001;64;0.9;0.999;1.00E-06;0.022979365;0.082335974;504;0.56
relu;(100, 50, 25);0.1;0.03;l2;1.00E-05;64;0.9;0.9;1.00E-08;0.02298002;0.082309835;504;1
relu;(50, 50, 50);0.1;0.03;l1;0.0001;16;0.8;0.99;1.00E-06;0.022980341;0.082297017;506;0.76
relu;(100, 100, 100, 50);0.1;0.001;l1;1.00E-05;16;0.9;0.999;1.00E-08;0.022980563;0.08228813;506;1.81
relu;(100, 50, 25);0;0.01;l2;1.00E-05;64;0.9;0.999;1.00E-08;0.022980715;0.082282084;504;0.42
relu;(50, 50, 50);0;0.01;l1;1.00E-05;64;0.99;0.99;1.00E-06;0.022983791;0.082159213;504;0.43
relu;(100, 50, 25);0.1;0.03;none;0.0001;64;0.9;0.9;1.00E-06;0.022983926;0.082153854;504;0.97
relu;(100, 100, 100, 50);0;0.03;l2;0.0001;16;0.8;0.999;1.00E-08;0.022983931;0.082153643;506;0.93
relu;(100, 100, 100, 50);0;0.03;l2;1.00E-05;64;0.8;0.9;1.00E-06;0.022984339;0.082137359;504;1.41
relu;(100, 100, 100, 50);0.1;0.03;l1;1.00E-05;16;0.9;0.999;1.00E-06;0.022985597;0.082087115;506;2.47
relu;(100, 50, 25);0.3;0.001;l1;0.0001;64;0.8;0.999;1.00E-06;0.022987332;0.082017817;504;0.6
relu;(100, 50, 25);0;0.03;none;1.00E-05;64;0.9;0.99;1.00E-08;0.022987736;0.082001682;504;0.37
relu;(50, 50, 50);0;0.01;l2;1.00E-05;16;0.8;0.999;1.00E-08;0.022987742;0.082001448;506;0.36
relu;(50, 50, 50);0;0.03;l2;1.00E-05;64;0.9;0.99;1.00E-06;0.022988523;0.081970256;504;1.24
relu;(100, 100, 100, 50);0;0.01;none;0.01;32;0.99;0.99;1.00E-08;0.022988729;0.081962031;506;1.02
relu;(100, 100, 100, 50);0.1;0.01;l2;1.00E-05;16;0.9;0.999;1.00E-06;0.02299092;0.081874531;506;1.32
relu;(100, 50, 25);0;0.001;l1;0.0001;64;0.9;0.9;1.00E-08;0.022991307;0.081859071;504;0.93
relu;(100, 50, 25);0.1;0.01;none;0.01;32;0.99;0.999;1.00E-08;0.02299166;0.081844982;506;0.8
relu;(100, 50, 25);0;0.01;none;1.00E-05;64;0.9;0.99;1.00E-06;0.022992126;0.081826382;504;0.65
relu;(100, 100, 100, 50);0.1;0.001;l2;0.01;32;0.8;0.9;1.00E-06;0.022992271;0.081820601;506;1.78
relu;(50, 50, 50);0;0.01;none;0.01;32;0.9;0.99;1.00E-08;0.022993413;0.081774982;506;0.35
relu;(100, 50, 25);0;0.001;l2;0.0001;16;0.99;0.999;1.00E-06;0.022995095;0.081707825;506;0.73
relu;(100, 100, 100, 50);0.1;0.03;l2;1.00E-05;16;0.8;0.999;1.00E-08;0.022996288;0.081660159;506;0.61
relu;(100, 100, 100, 50);0;0.03;none;1.00E-05;64;0.99;0.9;1.00E-06;0.022996893;0.081636002;504;1.33
relu;(100, 50, 25);0;0.01;none;0.01;32;0.8;0.99;1.00E-06;0.022996922;0.081634844;506;0.64
relu;(50, 50, 50);0;0.001;l2;0.0001;32;0.99;0.99;1.00E-08;0.022996963;0.081633202;506;0.41
relu;(100, 100, 100, 50);0.1;0.01;none;1.00E-05;64;0.99;0.99;1.00E-06;0.022997848;0.081597855;504;1.79
relu;(50, 50, 50);0;0.01;l1;1.00E-05;32;0.9;0.9;1.00E-08;0.022998298;0.081579894;506;0.41
relu;(100, 50, 25);0.1;0.001;l1;1.00E-05;32;0.9;0.99;1.00E-06;0.02299987;0.081517133;506;0.91
relu;(100, 50, 25);0;0.01;l2;0.01;32;0.8;0.99;1.00E-08;0.023000925;0.081474977;506;0.3
relu;(100, 50, 25);0.1;0.03;l1;0.01;32;0.99;0.99;1.00E-08;0.023004515;0.08133163;506;1.13
relu;(100, 100, 100, 50);0.1;0.01;none;0.0001;16;0.9;0.999;1.00E-06;0.023004993;0.081312537;506;1.47
relu;(100, 100, 100, 50);0;0.01;none;0.01;16;0.9;0.999;1.00E-08;0.023005665;0.081285699;506;0.93
relu;(100, 50, 25);0;0.03;l1;1.00E-05;32;0.99;0.9;1.00E-08;0.02300576;0.081281921;506;0.34
relu;(100, 50, 25);0;0.03;l2;0.01;64;0.9;0.999;1.00E-08;0.023005806;0.081280064;504;0.38
relu;(100, 50, 25);0.1;0.001;none;1.00E-05;64;0.8;0.9;1.00E-08;0.023005926;0.081275289;504;0.51
relu;(50, 50, 50);0;0.03;l2;0.0001;64;0.99;0.999;1.00E-08;0.023006252;0.081262253;504;1.36
relu;(50, 50, 50);0;0.03;l1;1.00E-05;16;0.8;0.999;1.00E-06;0.023006485;0.081252974;506;0.37
relu;(50, 50, 50);0.3;0.01;none;0.0001;16;0.9;0.99;1.00E-06;0.02300748;0.081213224;506;0.75
relu;(100, 50, 25);0.3;0.01;none;0.01;32;0.9;0.999;1.00E-06;0.023008029;0.081191322;506;0.43
relu;(100, 50, 25);0.1;0.001;l1;1.00E-05;64;0.99;0.9;1.00E-08;0.023008378;0.081177352;504;1.24
relu;(100, 100, 100, 50);0;0.03;none;1.00E-05;64;0.8;0.9;1.00E-06;0.023008565;0.081169914;504;1.29
relu;(100, 50, 25);0;0.03;l1;0.01;32;0.99;0.999;1.00E-08;0.023009102;0.081148469;506;0.36
relu;(50, 50, 50);0;0.01;l1;0.0001;32;0.99;0.9;1.00E-08;0.023009251;0.081142512;506;0.44
relu;(100, 50, 25);0.1;0.03;none;0.0001;32;0.8;0.9;1.00E-06;0.023009601;0.081128526;506;1
relu;(100, 100, 100, 50);0.1;0.001;l1;1.00E-05;16;0.8;0.99;1.00E-08;0.023009621;0.081127712;506;1.68
relu;(100, 100, 100, 50);0;0.01;l1;1.00E-05;32;0.8;0.999;1.00E-08;0.023010647;0.08108675;506;1.31
relu;(100, 100, 100, 50);0;0.03;none;0.01;64;0.9;0.999;1.00E-08;0.023011992;0.081033061;504;1.48
relu;(100, 100, 100, 50);0;0.001;none;0.01;64;0.99;0.9;1.00E-06;0.023012175;0.08102574;504;1.49
relu;(50, 50, 50);0.1;0.01;none;1.00E-05;16;0.8;0.99;1.00E-08;0.02301226;0.081022335;506;0.38
relu;(100, 50, 25);0.1;0.03;none;0.01;32;0.9;0.9;1.00E-06;0.023014883;0.08091758;506;0.85
relu;(100, 100, 100, 50);0;0.001;l2;1.00E-05;32;0.99;0.9;1.00E-08;0.023015394;0.0808972;506;1.28
relu;(100, 100, 100, 50);0;0.03;none;0.0001;16;0.9;0.999;1.00E-06;0.023016403;0.080856903;506;1
relu;(100, 50, 25);0;0.001;l2;0.0001;64;0.8;0.999;1.00E-06;0.02301674;0.080843422;504;0.97
relu;(100, 50, 25);0.1;0.01;l2;1.00E-05;64;0.8;0.999;1.00E-08;0.023016876;0.080838023;504;0.93
relu;(50, 50, 50);0;0.001;l1;1.00E-05;64;0.99;0.999;1.00E-06;0.023016898;0.080837138;504;1.47
relu;(50, 50, 50);0.1;0.01;none;1.00E-05;64;0.8;0.999;1.00E-08;0.023017069;0.080830293;504;0.48
relu;(50, 50, 50);0.1;0.03;none;0.0001;32;0.9;0.9;1.00E-08;0.02301717;0.080826269;506;0.65
relu;(100, 100, 100, 50);0.1;0.03;none;0.0001;16;0.8;0.999;1.00E-06;0.023017272;0.080822207;506;1.31
relu;(50, 50, 50);0.1;0.001;l2;0.01;32;0.8;0.99;1.00E-06;0.023023253;0.080583352;506;0.46
relu;(100, 100, 100, 50);0.1;0.001;l2;0.0001;64;0.99;0.999;1.00E-08;0.023024118;0.08054879;504;2.03
relu;(50, 50, 50);0;0.03;l2;1.00E-05;64;0.9;0.9;1.00E-08;0.023024622;0.080528665;504;1.36
relu;(100, 50, 25);0.3;0.01;l2;0.0001;32;0.8;0.99;1.00E-06;0.023024915;0.080516957;506;0.4
relu;(100, 50, 25);0.1;0.01;l1;0.0001;32;0.9;0.9;1.00E-06;0.02302493;0.08051637;506;1.05
relu;(100, 50, 25);0;0.01;none;1.00E-05;32;0.9;0.99;1.00E-08;0.02302637;0.080458861;506;0.64
relu;(100, 50, 25);0.1;0.01;l2;0.01;32;0.9;0.999;1.00E-06;0.023026801;0.080441672;506;1.02
relu;(100, 50, 25);0.1;0.001;l1;1.00E-05;32;0.9;0.9;1.00E-08;0.023027162;0.08042724;506;0.95
relu;(50, 50, 50);0;0.01;none;0.01;32;0.99;0.9;1.00E-08;0.023027597;0.080409868;506;0.32
relu;(100, 50, 25);0;0.01;l2;0.01;32;0.9;0.999;1.00E-06;0.02302834;0.080380203;506;0.29
relu;(100, 100, 100, 50);0;0.03;l2;1.00E-05;32;0.99;0.999;1.00E-06;0.02302839;0.080378193;506;1.23
relu;(100, 50, 25);0;0.001;none;1.00E-05;64;0.99;0.99;1.00E-08;0.023028613;0.080369279;504;1.87
relu;(50, 50, 50);0;0.001;l1;0.0001;16;0.99;0.9;1.00E-08;0.023028904;0.080357688;506;0.97
relu;(100, 50, 25);0.1;0.03;l2;0.0001;32;0.9;0.999;1.00E-08;0.023029737;0.080324401;506;1
relu;(100, 50, 25);0.1;0.001;none;0.01;32;0.8;0.999;1.00E-06;0.02303129;0.080262396;506;0.97
relu;(50, 50, 50);0;0.001;l1;1.00E-05;32;0.99;0.999;1.00E-06;0.0230339;0.080158148;506;1.37
relu;(100, 50, 25);0.1;0.001;l2;1.00E-05;64;0.8;0.9;1.00E-06;0.023033921;0.080157339;504;0.88
relu;(50, 50, 50);0.1;0.001;l2;1.00E-05;64;0.9;0.9;1.00E-06;0.023033939;0.080156623;504;0.47
relu;(100, 100, 100, 50);0;0.001;l2;0.0001;32;0.99;0.9;1.00E-06;0.023033999;0.080154227;506;0.99
relu;(50, 50, 50);0.3;0.01;l2;0.0001;32;0.9;0.9;1.00E-06;0.023034143;0.080148444;506;0.66
relu;(100, 50, 25);0;0.01;l2;0.0001;16;0.99;0.999;1.00E-08;0.023034544;0.080132436;506;0.26
relu;(50, 50, 50);0;0.01;l1;1.00E-05;64;0.9;0.999;1.00E-06;0.023035153;0.080108118;504;0.44
relu;(50, 50, 50);0.3;0.03;l2;1.00E-05;16;0.8;0.9;1.00E-08;0.023035273;0.080103342;506;1.07
relu;(50, 50, 50);0.1;0.01;l2;0.01;16;0.8;0.99;1.00E-08;0.02303559;0.080090691;506;0.67
relu;(100, 100, 100, 50);0;0.01;l2;0.0001;16;0.8;0.99;1.00E-08;0.0230372;0.080026396;506;1.14
relu;(100, 50, 25);0;0.03;none;0.01;64;0.8;0.99;1.00E-06;0.023037496;0.080014574;504;0.37
relu;(50, 50, 50);0.1;0.03;none;0.0001;64;0.9;0.999;1.00E-08;0.023037762;0.080003939;504;0.75
relu;(100, 50, 25);0.3;0.01;l2;1.00E-05;32;0.9;0.99;1.00E-08;0.023037947;0.079996536;506;0.37
relu;(100, 100, 100, 50);0;0.01;l2;0.0001;16;0.9;0.99;1.00E-06;0.023038359;0.079980117;506;1.19
relu;(100, 50, 25);0.1;0.001;l1;0.0001;16;0.9;0.99;1.00E-08;0.023038494;0.07997471;506;1.07
relu;(100, 100, 100, 50);0;0.001;l2;0.01;64;0.8;0.999;1.00E-08;0.023039061;0.079952045;504;1.56
relu;(50, 50, 50);0.1;0.001;l1;0.0001;16;0.99;0.9;1.00E-08;0.023039163;0.079948008;506;0.41
relu;(100, 50, 25);0.1;0.03;none;0.01;16;0.8;0.99;1.00E-08;0.023040023;0.079913648;506;0.77
relu;(50, 50, 50);0;0.01;none;1.00E-05;16;0.99;0.999;1.00E-08;0.023040421;0.079897756;506;0.37
relu;(100, 50, 25);0;0.01;none;0.01;16;0.99;0.9;1.00E-08;0.023040757;0.079884341;506;0.6
relu;(50, 50, 50);0.1;0.001;none;0.01;32;0.9;0.999;1.00E-06;0.023040808;0.079882291;506;0.41
relu;(50, 50, 50);0.1;0.03;none;1.00E-05;16;0.9;0.99;1.00E-08;0.023043217;0.079786111;506;0.61
relu;(50, 50, 50);0.1;0.01;l2;1.00E-05;64;0.9;0.999;1.00E-08;0.02304424;0.07974525;504;0.58
relu;(100, 100, 100, 50);0.3;0.001;l2;0.0001;16;0.9;0.99;1.00E-06;0.02304453;0.079733649;506;0.59
relu;(100, 50, 25);0.3;0.01;l2;0.0001;64;0.8;0.999;1.00E-08;0.023044671;0.07972805;504;1.05
relu;(100, 100, 100, 50);0;0.03;l2;1.00E-05;64;0.9;0.9;1.00E-08;0.023044762;0.079724385;504;1.19
relu;(100, 50, 25);0;0.001;l2;0.01;64;0.9;0.99;1.00E-08;0.023045081;0.07971164;504;0.64
relu;(50, 50, 50);0;0.001;l2;0.01;64;0.99;0.999;1.00E-06;0.023045668;0.079688212;504;0.42
relu;(100, 100, 100, 50);0.1;0.001;l2;0.0001;64;0.99;0.9;1.00E-08;0.023047535;0.079613669;504;1.89
relu;(100, 100, 100, 50);0;0.03;none;0.0001;16;0.9;0.99;1.00E-08;0.023048319;0.07958234;506;1.03
relu;(100, 100, 100, 50);0;0.001;none;0.0001;64;0.99;0.9;1.00E-06;0.023048419;0.079578364;504;1.59
relu;(50, 50, 50);0;0.03;l2;1.00E-05;64;0.8;0.99;1.00E-06;0.023049815;0.079522629;504;1.14
relu;(50, 50, 50);0.1;0.01;none;0.01;64;0.99;0.9;1.00E-08;0.023050427;0.07949819;504;0.76
relu;(100, 50, 25);0.1;0.001;l1;1.00E-05;16;0.99;0.99;1.00E-08;0.023051336;0.079461863;506;0.95
relu;(50, 50, 50);0.1;0.01;l1;0.0001;64;0.99;0.999;1.00E-08;0.023051795;0.079443536;504;0.7
relu;(100, 100, 100, 50);0;0.01;l2;1.00E-05;64;0.99;0.99;1.00E-06;0.023052703;0.079407282;504;1.51
relu;(50, 50, 50);0.1;0.01;l2;0.01;64;0.8;0.9;1.00E-06;0.023053963;0.079356955;504;0.86
relu;(50, 50, 50);0;0.01;l2;0.0001;32;0.99;0.99;1.00E-06;0.023054603;0.079331395;506;0.32
relu;(50, 50, 50);0;0.01;l1;0.0001;16;0.8;0.99;1.00E-08;0.023054787;0.079324061;506;0.38
relu;(100, 100, 100, 50);0.1;0.01;l2;1.00E-05;32;0.8;0.99;1.00E-08;0.023055487;0.07929611;506;1.54
relu;(50, 50, 50);0;0.01;l2;0.01;32;0.8;0.999;1.00E-08;0.023055774;0.079284657;506;0.37
relu;(100, 50, 25);0;0.03;l2;1.00E-05;32;0.8;0.999;1.00E-06;0.023056343;0.0792619;506;0.29
relu;(100, 100, 100, 50);0.1;0.01;l2;0.0001;16;0.99;0.99;1.00E-08;0.023056488;0.079256133;506;1.32
relu;(50, 50, 50);0.1;0.001;l2;1.00E-05;32;0.9;0.999;1.00E-06;0.023058053;0.079193647;506;0.44
relu;(50, 50, 50);0.1;0.01;none;0.0001;32;0.99;0.999;1.00E-08;0.023058609;0.079171444;506;1.16
relu;(100, 100, 100, 50);0.1;0.01;l2;1.00E-05;16;0.99;0.999;1.00E-08;0.023059792;0.079124198;506;1.4
relu;(100, 100, 100, 50);0;0.001;l1;0.0001;64;0.8;0.999;1.00E-06;0.023060062;0.079113424;504;1.48
relu;(100, 50, 25);0.1;0.01;l1;0.0001;64;0.9;0.99;1.00E-08;0.023060248;0.079105995;504;1.32
relu;(100, 100, 100, 50);0.1;0.001;l1;0.0001;64;0.9;0.9;1.00E-08;0.023060644;0.079090169;504;2.06
relu;(100, 100, 100, 50);0.1;0.03;l2;0.0001;32;0.8;0.999;1.00E-06;0.02306129;0.079064363;506;0.68
relu;(50, 50, 50);0;0.01;l2;0.01;64;0.8;0.999;1.00E-06;0.02306159;0.079052379;504;0.43
relu;(100, 100, 100, 50);0.1;0.01;l1;1.00E-05;16;0.9;0.9;1.00E-08;0.023061675;0.079048974;506;1.28
relu;(50, 50, 50);0;0.001;l2;0.0001;64;0.99;0.9;1.00E-08;0.023062048;0.079034109;504;0.42
relu;(100, 100, 100, 50);0.1;0.01;none;0.0001;32;0.8;0.999;1.00E-06;0.023062436;0.07901861;506;1.64
relu;(100, 50, 25);0;0.01;l1;0.0001;32;0.99;0.9;1.00E-08;0.023062574;0.079013089;506;0.37
relu;(100, 100, 100, 50);0.1;0.001;l2;0.0001;32;0.9;0.99;1.00E-06;0.023062609;0.079011692;506;1.69
relu;(100, 100, 100, 50);0;0.01;l2;0.01;32;0.9;0.99;1.00E-06;0.02306301;0.078995677;506;1.15
relu;(100, 100, 100, 50);0.1;0.03;none;0.01;64;0.8;0.9;1.00E-08;0.023063756;0.078965875;504;1.79
relu;(100, 50, 25);0.1;0.03;l2;0.0001;16;0.8;0.999;1.00E-08;0.023063868;0.078961421;506;0.74
relu;(100, 100, 100, 50);0;0.03;none;0.01;64;0.8;0.9;1.00E-06;0.023064408;0.078939846;504;1.5
relu;(50, 50, 50);0.1;0.01;none;1.00E-05;64;0.9;0.999;1.00E-08;0.023064466;0.07893753;504;1.06
relu;(50, 50, 50);0.1;0.001;l1;1.00E-05;32;0.99;0.99;1.00E-06;0.023067633;0.078811065;506;0.47
relu;(100, 50, 25);0.1;0.01;l1;1.00E-05;16;0.9;0.999;1.00E-08;0.023067833;0.078803078;506;0.89
relu;(50, 50, 50);0.1;0.001;l1;1.00E-05;16;0.8;0.9;1.00E-08;0.023067835;0.078802978;506;0.43
relu;(100, 50, 25);0;0.001;none;1.00E-05;16;0.99;0.999;1.00E-06;0.02306852;0.078775621;506;1.24
relu;(100, 100, 100, 50);0;0.03;none;1.00E-05;64;0.9;0.99;1.00E-08;0.02306908;0.078753271;504;1.3
relu;(100, 100, 100, 50);0;0.01;l1;1.00E-05;64;0.99;0.9;1.00E-08;0.023069309;0.078744132;504;1.65
relu;(100, 50, 25);0;0.03;none;0.0001;64;0.9;0.99;1.00E-08;0.023069515;0.078735887;504;0.49
relu;(50, 50, 50);0;0.03;none;0.01;32;0.9;0.999;1.00E-06;0.023070423;0.078699627;506;0.34
relu;(50, 50, 50);0.1;0.01;l2;1.00E-05;16;0.9;0.99;1.00E-08;0.023070438;0.07869903;506;0.51
relu;(100, 50, 25);0.1;0.001;none;0.0001;16;0.9;0.99;1.00E-08;0.023072822;0.078603827;506;0.33
relu;(100, 100, 100, 50);0.1;0.01;l2;0.0001;16;0.9;0.9;1.00E-08;0.023073077;0.078593646;506;1.32
relu;(50, 50, 50);0.3;0.01;l1;1.00E-05;64;0.9;0.999;1.00E-08;0.023074251;0.078546788;504;0.8
relu;(50, 50, 50);0.1;0.001;l2;1.00E-05;64;0.8;0.999;1.00E-08;0.023074267;0.078546149;504;0.52
relu;(50, 50, 50);0;0.001;l2;0.0001;16;0.99;0.99;1.00E-08;0.023074363;0.078542323;506;0.32
relu;(50, 50, 50);0.1;0.03;none;0.01;16;0.8;0.999;1.00E-06;0.023074426;0.078539772;506;0.5
relu;(100, 100, 100, 50);0.1;0.01;l2;1.00E-05;32;0.99;0.999;1.00E-06;0.023075164;0.078510303;506;1.54
relu;(50, 50, 50);0.1;0.001;l2;0.01;64;0.8;0.999;1.00E-06;0.023075774;0.078485942;504;0.5
relu;(100, 50, 25);0.1;0.01;l2;0.0001;32;0.99;0.99;1.00E-06;0.023076672;0.078450083;506;0.9
relu;(50, 50, 50);0.3;0.01;none;0.0001;16;0.8;0.9;1.00E-06;0.023076742;0.078447299;506;0.69
relu;(50, 50, 50);0.3;0.001;none;1.00E-05;16;0.99;0.999;1.00E-08;0.023076944;0.078439242;506;0.57
relu;(50, 50, 50);0.1;0.01;l2;1.00E-05;16;0.8;0.99;1.00E-06;0.023079202;0.078349058;506;0.5
relu;(100, 50, 25);0.1;0.01;l1;1.00E-05;16;0.99;0.99;1.00E-06;0.023079339;0.078343591;506;0.91
relu;(100, 100, 100, 50);0;0.001;none;0.01;32;0.9;0.9;1.00E-08;0.023079391;0.078341502;506;1.25
relu;(100, 100, 100, 50);0;0.03;none;1.00E-05;32;0.9;0.9;1.00E-06;0.02308001;0.078316801;506;1.14
relu;(100, 50, 25);0.3;0.01;l2;0.0001;64;0.8;0.99;1.00E-08;0.023080111;0.078312763;504;1.18
relu;(100, 100, 100, 50);0.1;0.01;l2;1.00E-05;32;0.8;0.999;1.00E-08;0.023080934;0.078279907;506;1.48
relu;(100, 100, 100, 50);0;0.03;l2;0.01;64;0.9;0.9;1.00E-08;0.023081566;0.078254661;504;1.46
relu;(100, 50, 25);0;0.03;l2;0.0001;64;0.9;0.99;1.00E-08;0.023082623;0.078212458;504;0.49
relu;(100, 50, 25);0.1;0.01;none;0.0001;64;0.99;0.99;1.00E-08;0.023083638;0.078171927;504;0.92
relu;(100, 50, 25);0;0.03;l2;0.0001;16;0.99;0.999;1.00E-06;0.023084247;0.078147613;506;0.45
relu;(100, 50, 25);0;0.03;l2;1.00E-05;32;0.9;0.999;1.00E-06;0.023085826;0.07808452;506;0.32
relu;(100, 100, 100, 50);0.1;0.001;l1;1.00E-05;32;0.9;0.99;1.00E-08;0.02308638;0.078062434;506;1.75
relu;(50, 50, 50);0;0.001;l1;0.0001;16;0.9;0.9;1.00E-08;0.02308667;0.07805083;506;1.11
relu;(50, 50, 50);0;0.03;l2;0.0001;64;0.8;0.99;1.00E-08;0.023088195;0.077989949;504;1.21
relu;(100, 50, 25);0;0.03;l2;1.00E-05;32;0.8;0.9;1.00E-08;0.023089452;0.07793973;506;0.31
relu;(50, 50, 50);0.1;0.001;l2;0.0001;16;0.99;0.99;1.00E-06;0.023089644;0.077932086;506;0.38
relu;(100, 50, 25);0.1;0.01;none;0.0001;64;0.8;0.9;1.00E-06;0.023089735;0.077928452;504;1.09
relu;(100, 100, 100, 50);0;0.001;none;0.0001;16;0.99;0.99;1.00E-08;0.023089915;0.077921266;506;1.04
relu;(50, 50, 50);0;0.001;l1;1.00E-05;32;0.9;0.99;1.00E-06;0.023089973;0.077918938;506;1.18
relu;(50, 50, 50);0;0.03;l2;1.00E-05;16;0.99;0.999;1.00E-08;0.02309096;0.077879509;506;0.4
relu;(100, 100, 100, 50);0.1;0.01;none;0.01;16;0.8;0.999;1.00E-06;0.023091534;0.077856588;506;1.59
relu;(50, 50, 50);0;0.01;none;0.0001;64;0.9;0.999;1.00E-08;0.023091943;0.077840245;504;0.39
relu;(100, 50, 25);0.1;0.001;none;0.0001;64;0.9;0.9;1.00E-06;0.023092325;0.077825002;504;0.46
relu;(100, 50, 25);0.1;0.001;l1;0.0001;16;0.99;0.999;1.00E-06;0.023092474;0.077819066;506;1
relu;(50, 50, 50);0;0.01;l1;0.0001;64;0.8;0.999;1.00E-06;0.023093071;0.077795226;504;0.45
relu;(50, 50, 50);0.1;0.001;l1;1.00E-05;64;0.99;0.999;1.00E-06;0.023094488;0.077738624;504;0.55
relu;(100, 100, 100, 50);0.1;0.03;l2;1.00E-05;32;0.8;0.99;1.00E-06;0.023094582;0.077734891;506;0.9
relu;(100, 100, 100, 50);0.1;0.01;none;0.01;64;0.99;0.999;1.00E-08;0.023094686;0.077730726;504;1.55
relu;(100, 50, 25);0;0.01;l1;1.00E-05;32;0.99;0.99;1.00E-06;0.023097509;0.077617976;506;0.88
relu;(100, 100, 100, 50);0.1;0.001;l2;1.00E-05;32;0.9;0.999;1.00E-06;0.023097771;0.077607543;506;1.33
relu;(100, 100, 100, 50);0;0.001;none;0.01;32;0.99;0.9;1.00E-06;0.023098806;0.077566206;506;1.27
relu;(50, 50, 50);0.1;0.001;l2;0.01;64;0.99;0.999;1.00E-06;0.023099553;0.077536342;504;0.49
relu;(50, 50, 50);0;0.001;l1;0.0001;32;0.9;0.9;1.00E-06;0.023099769;0.077527722;506;1.21
relu;(100, 50, 25);0;0.03;l2;0.0001;16;0.8;0.99;1.00E-08;0.023100432;0.077501241;506;0.27
relu;(50, 50, 50);0;0.03;none;0.01;32;0.99;0.99;1.00E-06;0.023100706;0.077490315;506;0.33
relu;(100, 100, 100, 50);0;0.03;none;0.01;32;0.9;0.99;1.00E-06;0.023100715;0.077489948;506;1.33
relu;(100, 100, 100, 50);0;0.03;l2;1.00E-05;64;0.8;0.999;1.00E-08;0.023102998;0.077398796;504;1.37
relu;(100, 50, 25);0.1;0.01;l1;0.0001;64;0.8;0.999;1.00E-08;0.023103154;0.077392571;504;1.34
relu;(100, 50, 25);0;0.01;l2;0.0001;32;0.99;0.99;1.00E-06;0.023103989;0.077359227;506;0.3
relu;(100, 50, 25);0.1;0.001;l2;0.01;64;0.8;0.9;1.00E-06;0.023104281;0.077347554;504;1.21
relu;(100, 100, 100, 50);0.1;0.001;l1;1.00E-05;64;0.9;0.99;1.00E-06;0.023105693;0.077291159;504;1.68
relu;(100, 100, 100, 50);0.1;0.01;none;1.00E-05;32;0.8;0.99;1.00E-08;0.023106574;0.077255999;506;1.39
relu;(50, 50, 50);0;0.03;l2;0.0001;32;0.8;0.99;1.00E-06;0.023107147;0.077233115;506;0.95
relu;(50, 50, 50);0.1;0.001;l2;0.0001;16;0.99;0.999;1.00E-06;0.023107511;0.077218581;506;0.4
relu;(100, 100, 100, 50);0.1;0.03;l2;0.0001;16;0.9;0.99;1.00E-06;0.023108639;0.077173523;506;0.83
relu;(100, 50, 25);0;0.001;l2;0.01;64;0.8;0.9;1.00E-06;0.023108852;0.077164995;504;0.79
relu;(100, 100, 100, 50);0;0.03;none;0.01;32;0.9;0.99;1.00E-08;0.023109569;0.077136387;506;1.25
relu;(100, 100, 100, 50);0.1;0.03;l2;1.00E-05;32;0.8;0.99;1.00E-08;0.023109784;0.077127786;506;0.63
relu;(100, 50, 25);0;0.001;l1;1.00E-05;64;0.9;0.9;1.00E-08;0.023110184;0.077111836;504;0.83
relu;(50, 50, 50);0;0.01;l2;0.01;64;0.8;0.9;1.00E-06;0.023110741;0.077089584;504;0.46
relu;(50, 50, 50);0;0.001;l1;0.0001;64;0.99;0.999;1.00E-08;0.023111129;0.077074061;504;1.42
relu;(100, 50, 25);0.1;0.001;l2;0.0001;64;0.99;0.99;1.00E-08;0.023111547;0.077057386;504;0.92
relu;(100, 50, 25);0;0.001;l1;0.0001;64;0.9;0.999;1.00E-06;0.023111758;0.077048957;504;0.95
relu;(100, 100, 100, 50);0;0.01;none;0.01;64;0.9;0.99;1.00E-06;0.023112537;0.077017853;504;1.2
relu;(100, 50, 25);0;0.01;l2;0.0001;16;0.8;0.99;1.00E-08;0.023112606;0.077015093;506;0.31
relu;(100, 100, 100, 50);0;0.001;l1;0.0001;64;0.8;0.99;1.00E-08;0.023115262;0.076909013;504;1.37
relu;(50, 50, 50);0;0.001;none;0.01;64;0.8;0.99;1.00E-08;0.023115274;0.076908563;504;1.27
relu;(100, 50, 25);0;0.01;l1;1.00E-05;64;0.8;0.999;1.00E-08;0.023115664;0.076892968;504;0.78
relu;(50, 50, 50);0.1;0.001;l1;1.00E-05;64;0.8;0.999;1.00E-06;0.023115919;0.076882789;504;0.55
relu;(100, 50, 25);0;0.001;l2;1.00E-05;64;0.99;0.999;1.00E-08;0.023118604;0.076775583;504;0.92
relu;(100, 100, 100, 50);0.1;0.001;l1;1.00E-05;16;0.8;0.999;1.00E-08;0.023119706;0.076731558;506;1.86
relu;(50, 50, 50);0.3;0.01;none;0.0001;64;0.9;0.9;1.00E-08;0.023119815;0.076727201;504;0.82
relu;(100, 50, 25);0;0.001;l2;0.0001;16;0.9;0.99;1.00E-06;0.023119871;0.076724963;506;0.75
relu;(100, 50, 25);0.1;0.001;l2;1.00E-05;64;0.99;0.999;1.00E-08;0.02311998;0.076720617;504;0.89
relu;(50, 50, 50);0;0.03;none;0.0001;32;0.99;0.999;1.00E-08;0.023120176;0.076712811;506;0.43
relu;(100, 50, 25);0.1;0.03;none;0.01;16;0.9;0.999;1.00E-06;0.023120921;0.076683062;506;0.69
relu;(100, 50, 25);0.3;0.01;l2;1.00E-05;64;0.8;0.9;1.00E-06;0.023120974;0.076680923;504;0.47
relu;(50, 50, 50);0;0.03;none;0.01;16;0.8;0.9;1.00E-08;0.023121023;0.076678983;506;0.29
relu;(100, 100, 100, 50);0.1;0.001;l1;1.00E-05;64;0.99;0.999;1.00E-06;0.023121551;0.076657879;504;1.9
relu;(50, 50, 50);0.1;0.03;l1;0.0001;32;0.9;0.9;1.00E-08;0.023123343;0.076586327;506;0.62
relu;(100, 50, 25);0.1;0.03;l1;0.0001;16;0.8;0.99;1.00E-06;0.023124388;0.076544604;506;0.87
relu;(100, 100, 100, 50);0.1;0.03;none;0.0001;32;0.8;0.999;1.00E-06;0.023124534;0.076538764;506;1.46
relu;(50, 50, 50);0.1;0.001;l1;0.0001;16;0.8;0.999;1.00E-06;0.023125754;0.076490024;506;0.43
relu;(100, 50, 25);0;0.01;none;0.01;32;0.9;0.9;1.00E-06;0.023125867;0.076485535;506;0.71
relu;(100, 50, 25);0.1;0.01;none;1.00E-05;16;0.9;0.99;1.00E-08;0.023125936;0.076482774;506;0.95
relu;(50, 50, 50);0.1;0.001;l2;0.01;64;0.9;0.9;1.00E-06;0.023127039;0.076438728;504;0.49
relu;(100, 100, 100, 50);0;0.01;l2;0.01;32;0.8;0.99;1.00E-08;0.023127153;0.076434182;506;1.33
relu;(50, 50, 50);0;0.03;l1;1.00E-05;16;0.99;0.999;1.00E-08;0.023127905;0.07640414;506;0.33
relu;(50, 50, 50);0.1;0.001;l2;0.01;64;0.9;0.999;1.00E-08;0.02312816;0.076393945;504;0.47
relu;(50, 50, 50);0;0.01;l2;0.01;32;0.8;0.99;1.00E-06;0.023128962;0.076361928;506;0.35
relu;(50, 50, 50);0;0.03;none;1.00E-05;64;0.9;0.9;1.00E-06;0.023130499;0.076300547;504;0.41
relu;(100, 100, 100, 50);0;0.01;none;0.0001;64;0.99;0.999;1.00E-08;0.023130975;0.076281555;504;1.33
relu;(100, 50, 25);0;0.03;l1;1.00E-05;16;0.99;0.9;1.00E-06;0.023131919;0.076243861;506;0.41
relu;(100, 50, 25);0.1;0.03;l2;0.0001;32;0.9;0.9;1.00E-06;0.023135727;0.07609179;506;0.9
relu;(100, 50, 25);0.1;0.001;none;1.00E-05;32;0.99;0.9;1.00E-06;0.023136338;0.07606736;506;0.41
relu;(100, 50, 25);0.1;0.01;l1;0.0001;32;0.8;0.99;1.00E-08;0.023137099;0.076036977;506;1.15
relu;(100, 50, 25);0;0.03;none;0.0001;64;0.9;0.9;1.00E-06;0.023139082;0.075957794;504;0.38
relu;(50, 50, 50);0.1;0.01;l2;0.01;32;0.99;0.9;1.00E-06;0.023139218;0.07595237;506;0.69
relu;(100, 100, 100, 50);0.1;0.001;none;1.00E-05;64;0.9;0.999;1.00E-06;0.023139508;0.075940789;504;1.82
relu;(50, 50, 50);0.1;0.001;l2;0.01;16;0.99;0.999;1.00E-06;0.023141004;0.075881041;506;0.39
relu;(50, 50, 50);0.1;0.01;l2;0.0001;16;0.99;0.9;1.00E-08;0.023141613;0.075856715;506;0.54
relu;(100, 100, 100, 50);0;0.03;none;1.00E-05;32;0.8;0.999;1.00E-06;0.023143217;0.075792658;506;1.04
relu;(100, 50, 25);0;0.03;none;0.0001;16;0.8;0.9;1.00E-08;0.023143576;0.075778354;506;0.29
relu;(100, 100, 100, 50);0;0.01;l1;0.01;16;0.99;0.999;1.00E-06;0.023144695;0.075733648;506;1.25
relu;(100, 50, 25);0.1;0.03;none;0.0001;64;0.9;0.999;1.00E-08;0.023145537;0.075700036;504;0.84
relu;(100, 50, 25);0;0.01;l2;1.00E-05;64;0.99;0.999;1.00E-06;0.023145876;0.075686466;504;0.38
relu;(100, 100, 100, 50);0.1;0.01;l1;1.00E-05;16;0.8;0.999;1.00E-08;0.023146148;0.07567562;506;1.45
relu;(100, 100, 100, 50);0;0.001;l2;1.00E-05;32;0.8;0.999;1.00E-08;0.023146732;0.075652284;506;1.35
relu;(100, 100, 100, 50);0;0.03;l2;0.0001;32;0.99;0.99;1.00E-06;0.023146865;0.075646983;506;1.14
relu;(50, 50, 50);0.1;0.001;none;0.0001;16;0.9;0.99;1.00E-06;0.023147122;0.075636747;506;0.4
relu;(100, 100, 100, 50);0;0.03;none;0.01;32;0.8;0.9;1.00E-08;0.023147704;0.075613496;506;1.3
relu;(100, 100, 100, 50);0;0.001;l2;0.01;32;0.8;0.99;1.00E-08;0.023148131;0.075596447;506;1.13
relu;(100, 100, 100, 50);0;0.001;l2;0.01;32;0.99;0.999;1.00E-08;0.023148696;0.075573879;506;1.21
relu;(100, 100, 100, 50);0;0.03;l1;1.00E-05;32;0.99;0.999;1.00E-06;0.02314878;0.075570512;506;1.12
relu;(100, 100, 100, 50);0;0.03;l1;0.0001;16;0.8;0.9;1.00E-08;0.023148804;0.075569551;506;1.91
relu;(100, 50, 25);0;0.001;l2;1.00E-05;16;0.99;0.9;1.00E-06;0.023148889;0.075566159;506;0.74
relu;(100, 50, 25);0;0.01;l2;0.01;64;0.99;0.9;1.00E-06;0.023148943;0.075564013;504;0.41
relu;(100, 100, 100, 50);0.1;0.001;none;0.0001;32;0.99;0.99;1.00E-08;0.023149105;0.075557525;506;1.39
relu;(100, 50, 25);0.1;0.001;l2;0.01;32;0.9;0.999;1.00E-06;0.023149278;0.075550641;506;0.91
relu;(100, 50, 25);0.1;0.001;l1;0.0001;64;0.8;0.9;1.00E-08;0.023149297;0.07554986;504;1.34
relu;(100, 100, 100, 50);0.1;0.001;l2;0.0001;16;0.9;0.9;1.00E-06;0.023149687;0.075534306;506;1.35
relu;(100, 50, 25);0.1;0.001;l1;1.00E-05;32;0.9;0.9;1.00E-06;0.023149755;0.075531595;506;0.94
relu;(100, 100, 100, 50);0;0.001;none;0.01;16;0.99;0.99;1.00E-08;0.023149881;0.07552656;506;1.23
relu;(100, 100, 100, 50);0.1;0.001;l2;0.0001;64;0.8;0.999;1.00E-06;0.023150339;0.07550827;504;1.99
relu;(100, 50, 25);0.1;0.001;l2;0.01;16;0.99;0.99;1.00E-08;0.023151099;0.075477901;506;0.78
relu;(100, 50, 25);0.1;0.001;none;0.01;64;0.99;0.999;1.00E-06;0.023151153;0.075475751;504;0.92
relu;(100, 50, 25);0.3;0.01;none;1.00E-05;64;0.8;0.999;1.00E-06;0.023151242;0.075472213;504;0.46
relu;(100, 50, 25);0.1;0.001;none;0.0001;32;0.9;0.99;1.00E-08;0.023151774;0.075450942;506;0.38
relu;(100, 100, 100, 50);0;0.01;l1;1.00E-05;64;0.8;0.999;1.00E-08;0.023152165;0.075435349;504;1.67
relu;(100, 50, 25);0.1;0.03;l1;0.0001;32;0.8;0.9;1.00E-08;0.023152764;0.075411416;506;1.1
relu;(100, 100, 100, 50);0;0.03;none;1.00E-05;64;0.9;0.999;1.00E-08;0.023153176;0.07539498;504;1.32
relu;(50, 50, 50);0;0.03;l2;0.01;16;0.9;0.999;1.00E-06;0.023158037;0.075200847;506;1.17
relu;(100, 100, 100, 50);0.1;0.01;none;1.00E-05;64;0.9;0.99;1.00E-08;0.023158312;0.075189875;504;1.78
relu;(100, 50, 25);0.3;0.01;l2;0.0001;16;0.9;0.9;1.00E-06;0.023159143;0.075156672;506;0.36
relu;(50, 50, 50);0;0.03;l2;0.01;32;0.8;0.99;1.00E-08;0.023159217;0.075153725;506;1.04
relu;(50, 50, 50);0;0.03;l2;1.00E-05;32;0.99;0.999;1.00E-06;0.023160874;0.075087566;506;1.07
relu;(100, 100, 100, 50);0.1;0.01;l2;1.00E-05;64;0.9;0.9;1.00E-06;0.023161215;0.07507394;504;2.45
relu;(100, 50, 25);0.1;0.01;none;1.00E-05;16;0.99;0.99;1.00E-06;0.023161561;0.075060103;506;0.98
relu;(50, 50, 50);0.1;0.01;l2;0.0001;32;0.9;0.99;1.00E-06;0.02316205;0.075040589;506;0.62
relu;(100, 100, 100, 50);0;0.01;l2;0.0001;32;0.99;0.999;1.00E-08;0.023162548;0.075020697;506;1.34
relu;(100, 100, 100, 50);0.1;0.01;none;0.01;16;0.9;0.9;1.00E-06;0.023162695;0.07501482;506;1.5
relu;(50, 50, 50);0.1;0.03;none;1.00E-05;64;0.9;0.99;1.00E-06;0.023163849;0.074968728;504;0.72
relu;(50, 50, 50);0.1;0.001;l2;0.01;32;0.9;0.999;1.00E-06;0.023165133;0.074917485;506;0.42
relu;(100, 50, 25);0;0.01;l1;1.00E-05;16;0.8;0.99;1.00E-08;0.023165942;0.074885148;506;0.76
relu;(50, 50, 50);0;0.001;l1;1.00E-05;16;0.99;0.999;1.00E-08;0.023165994;0.074883071;506;1.11
relu;(50, 50, 50);0;0.01;none;1.00E-05;32;0.9;0.9;1.00E-08;0.02316604;0.074881246;506;0.37
relu;(100, 50, 25);0.1;0.01;none;0.01;16;0.99;0.999;1.00E-06;0.023166147;0.074876981;506;0.69
relu;(100, 50, 25);0;0.01;l2;0.01;16;0.9;0.9;1.00E-08;0.023166158;0.074876531;506;0.48
relu;(50, 50, 50);0.1;0.01;none;1.00E-05;32;0.9;0.99;1.00E-08;0.023167214;0.074834351;506;0.43
relu;(100, 50, 25);0.1;0.001;l2;0.0001;64;0.8;0.99;1.00E-08;0.023167481;0.074823689;504;0.89
relu;(50, 50, 50);0;0.01;none;0.0001;16;0.99;0.999;1.00E-08;0.023168109;0.074798629;506;0.31
relu;(50, 50, 50);0.1;0.03;l2;1.00E-05;16;0.9;0.9;1.00E-06;0.023168215;0.074794401;506;0.78
relu;(100, 50, 25);0.1;0.03;l2;1.00E-05;16;0.9;0.99;1.00E-08;0.023168992;0.074763372;506;0.76
relu;(100, 50, 25);0.1;0.001;none;0.01;16;0.99;0.99;1.00E-06;0.023169296;0.074751224;506;1
relu;(50, 50, 50);0.1;0.001;l1;0.0001;64;0.8;0.9;1.00E-06;0.023169391;0.074747415;504;0.52
relu;(100, 50, 25);0.3;0.001;none;0.01;64;0.8;0.99;1.00E-06;0.023169493;0.07474336;504;0.46
relu;(50, 50, 50);0;0.03;l2;0.0001;16;0.9;0.999;1.00E-08;0.023170111;0.074718677;506;0.99
relu;(100, 50, 25);0;0.001;none;1.00E-05;16;0.99;0.99;1.00E-06;0.02317017;0.074716319;506;1.19
relu;(100, 50, 25);0;0.01;l2;0.0001;16;0.9;0.9;1.00E-08;0.023170552;0.074701064;506;0.31
relu;(100, 50, 25);0;0.01;none;0.0001;64;0.8;0.99;1.00E-06;0.023170907;0.074686905;504;0.82
relu;(100, 50, 25);0;0.03;none;1.00E-05;16;0.9;0.99;1.00E-06;0.023171273;0.074672281;506;0.29
relu;(50, 50, 50);0;0.03;l1;1.00E-05;16;0.8;0.99;1.00E-06;0.023172527;0.074622207;506;0.35
relu;(100, 50, 25);0;0.01;l2;0.01;64;0.9;0.999;1.00E-08;0.023172767;0.074612624;504;0.39
relu;(100, 50, 25);0.1;0.03;none;0.0001;16;0.9;0.999;1.00E-08;0.023173829;0.074570205;506;0.9
relu;(50, 50, 50);0.1;0.001;l2;0.01;16;0.9;0.99;1.00E-08;0.023174407;0.074547127;506;0.36
relu;(50, 50, 50);0.3;0.001;none;0.01;64;0.99;0.9;1.00E-08;0.023175248;0.074513548;504;0.73
relu;(100, 100, 100, 50);0.1;0.001;l1;0.0001;16;0.99;0.999;1.00E-06;0.023175468;0.074504739;506;1.38
relu;(100, 100, 100, 50);0;0.03;none;1.00E-05;16;0.8;0.9;1.00E-06;0.023175917;0.074486827;506;0.99
relu;(50, 50, 50);0.1;0.001;l2;0.01;64;0.8;0.9;1.00E-08;0.02317827;0.074392857;504;0.47
relu;(100, 100, 100, 50);0.1;0.01;l2;1.00E-05;32;0.9;0.99;1.00E-06;0.023178379;0.074388498;506;1.53
relu;(100, 100, 100, 50);0.1;0.01;none;0.0001;64;0.99;0.999;1.00E-08;0.023178654;0.074377516;504;1.98
relu;(100, 100, 100, 50);0;0.001;l1;0.0001;32;0.9;0.9;1.00E-08;0.023178657;0.07437742;506;1.22
relu;(100, 50, 25);0.1;0.001;l1;1.00E-05;64;0.8;0.99;1.00E-08;0.023178821;0.07437087;504;1.03
relu;(50, 50, 50);0.1;0.001;l1;0.0001;64;0.8;0.99;1.00E-06;0.023179811;0.074331322;504;0.53
relu;(100, 50, 25);0.1;0.001;none;1.00E-05;16;0.9;0.99;1.00E-06;0.023179873;0.074328847;506;0.45
relu;(50, 50, 50);0;0.03;none;1.00E-05;32;0.9;0.99;1.00E-06;0.023179989;0.074324193;506;0.35
relu;(100, 100, 100, 50);0;0.01;l1;0.0001;32;0.99;0.999;1.00E-06;0.023180741;0.074294186;506;1.45
relu;(100, 50, 25);0;0.01;l2;0.0001;32;0.9;0.999;1.00E-06;0.023180768;0.074293109;506;0.3
relu;(100, 100, 100, 50);0;0.01;none;0.0001;64;0.99;0.99;1.00E-06;0.023180786;0.074292361;504;1.42
relu;(100, 100, 100, 50);0.1;0.001;l2;1.00E-05;16;0.99;0.99;1.00E-08;0.023181478;0.074264735;506;1.41
relu;(100, 100, 100, 50);0;0.01;l1;0.0001;32;0.99;0.9;1.00E-06;0.02318213;0.074238716;506;1.42
relu;(100, 100, 100, 50);0;0.03;none;0.0001;32;0.8;0.999;1.00E-08;0.02318285;0.074209954;506;1.18
relu;(100, 50, 25);0.1;0.03;none;1.00E-05;16;0.8;0.99;1.00E-08;0.023183834;0.074170661;506;0.82
relu;(50, 50, 50);0;0.01;none;0.01;16;0.8;0.999;1.00E-08;0.02318481;0.074131689;506;0.37
relu;(50, 50, 50);0;0.03;l1;1.00E-05;32;0.99;0.99;1.00E-06;0.023184928;0.074126966;506;0.43
relu;(100, 100, 100, 50);0.1;0.01;none;0.0001;16;0.9;0.9;1.00E-08;0.023185393;0.074108392;506;1.28
relu;(100, 50, 25);0.1;0.01;l2;1.00E-05;32;0.8;0.9;1.00E-08;0.023185663;0.074097626;506;0.86
relu;(50, 50, 50);0.1;0.01;none;0.0001;32;0.99;0.9;1.00E-06;0.023186478;0.074065086;506;1.48
relu;(100, 50, 25);0.3;0.01;none;0.0001;32;0.8;0.999;1.00E-08;0.023189333;0.073951057;506;0.41
relu;(100, 50, 25);0;0.001;none;0.0001;32;0.9;0.99;1.00E-08;0.023189468;0.073945685;506;1.48
relu;(100, 50, 25);0;0.03;none;0.01;16;0.9;0.999;1.00E-06;0.023189866;0.073929761;506;0.26
relu;(100, 50, 25);0.3;0.03;l2;0.0001;16;0.9;0.9;1.00E-08;0.023189887;0.073928921;506;0.83
relu;(100, 100, 100, 50);0.1;0.01;none;0.01;64;0.8;0.9;1.00E-06;0.02318999;0.073924826;504;1.83
relu;(50, 50, 50);0.1;0.001;l1;1.00E-05;16;0.99;0.9;1.00E-08;0.023191542;0.073862846;506;0.43
relu;(100, 50, 25);0.1;0.01;l1;1.00E-05;64;0.8;0.9;1.00E-06;0.02319283;0.073811417;504;1.21
relu;(50, 50, 50);0;0.03;l2;0.01;32;0.99;0.99;1.00E-06;0.023192867;0.073809954;506;1.04
relu;(50, 50, 50);0.1;0.03;none;0.01;16;0.9;0.9;1.00E-06;0.023193078;0.073801509;506;0.6
relu;(100, 50, 25);0;0.03;l1;0.0001;16;0.99;0.99;1.00E-06;0.023194561;0.073742267;506;0.32
relu;(100, 50, 25);0.1;0.01;none;0.0001;32;0.9;0.999;1.00E-06;0.023195502;0.0737047;506;0.94
relu;(50, 50, 50);0.1;0.001;l2;0.0001;16;0.8;0.9;1.00E-06;0.023196953;0.073646775;506;0.39
relu;(50, 50, 50);0;0.001;l2;1.00E-05;64;0.9;0.99;1.00E-08;0.023197118;0.073640181;504;0.41
relu;(100, 100, 100, 50);0.1;0.03;none;0.0001;64;0.9;0.9;1.00E-06;0.023199475;0.073546048;504;1.77
relu;(50, 50, 50);0.1;0.001;none;1.00E-05;16;0.8;0.99;1.00E-08;0.023200831;0.073491881;506;1.16
relu;(100, 50, 25);0.1;0.01;l2;0.01;32;0.99;0.9;1.00E-08;0.023202032;0.073443937;506;1.01
relu;(100, 50, 25);0;0.03;l1;1.00E-05;16;0.99;0.999;1.00E-06;0.02320341;0.073388916;506;0.33
relu;(50, 50, 50);0.3;0.001;l1;0.0001;16;0.8;0.99;1.00E-06;0.023204926;0.073328362;506;0.71
relu;(100, 50, 25);0;0.01;l1;0.0001;32;0.8;0.99;1.00E-06;0.023205135;0.073320024;506;0.4
relu;(50, 50, 50);0;0.01;l2;0.01;64;0.9;0.999;1.00E-08;0.02320534;0.073311841;504;0.39
relu;(50, 50, 50);0.1;0.001;none;0.01;64;0.9;0.9;1.00E-08;0.02320539;0.073309856;504;0.47
relu;(50, 50, 50);0;0.01;l2;1.00E-05;64;0.9;0.999;1.00E-06;0.023205687;0.073297959;504;0.39
relu;(50, 50, 50);0.1;0.03;none;1.00E-05;16;0.8;0.99;1.00E-06;0.023205773;0.073294549;506;0.7
relu;(100, 100, 100, 50);0.1;0.03;none;0.0001;32;0.9;0.999;1.00E-08;0.023206054;0.073283337;506;1.52
relu;(100, 100, 100, 50);0.1;0.001;l2;0.01;64;0.8;0.99;1.00E-06;0.023206424;0.073268548;504;1.86
relu;(50, 50, 50);0;0.01;l1;1.00E-05;64;0.9;0.99;1.00E-08;0.023206846;0.073251683;504;0.53
relu;(100, 100, 100, 50);0.1;0.01;l1;0.0001;32;0.8;0.9;1.00E-06;0.023206854;0.073251389;506;2.42
relu;(100, 50, 25);0.1;0.001;l2;1.00E-05;16;0.99;0.9;1.00E-08;0.023207075;0.073242531;506;0.74
relu;(50, 50, 50);0.1;0.001;none;0.0001;16;0.99;0.99;1.00E-08;0.023207263;0.073235025;506;0.39
relu;(50, 50, 50);0.3;0.001;l2;0.01;64;0.99;0.999;1.00E-08;0.023208143;0.073199912;504;0.83
relu;(100, 50, 25);0;0.01;none;0.01;64;0.99;0.999;1.00E-08;0.023208988;0.073166167;504;0.89
relu;(50, 50, 50);0.1;0.01;l1;0.0001;32;0.9;0.999;1.00E-08;0.023209665;0.07313912;506;0.69
relu;(50, 50, 50);0;0.03;none;0.0001;64;0.8;0.99;1.00E-08;0.023209724;0.073136766;504;0.36
relu;(100, 100, 100, 50);0.1;0.01;l1;0.0001;32;0.8;0.9;1.00E-08;0.023211252;0.073075726;506;2.05
relu;(100, 100, 100, 50);0.1;0.01;l2;1.00E-05;16;0.99;0.99;1.00E-08;0.023211474;0.073066895;506;1.32
relu;(50, 50, 50);0;0.001;l2;0.01;16;0.99;0.9;1.00E-08;0.023211797;0.073053998;506;0.33
relu;(100, 100, 100, 50);0.1;0.001;l2;0.01;64;0.9;0.99;1.00E-08;0.023212644;0.073020167;504;1.93
relu;(100, 50, 25);0.1;0.001;none;1.00E-05;32;0.9;0.99;1.00E-08;0.023213684;0.072978606;506;0.41
relu;(100, 50, 25);0.1;0.03;l2;0.0001;16;0.8;0.99;1.00E-06;0.023215104;0.072921936;506;0.71
relu;(50, 50, 50);0;0.001;none;0.01;16;0.99;0.99;1.00E-08;0.023215389;0.072910527;506;0.99
relu;(100, 100, 100, 50);0;0.03;l1;1.00E-05;64;0.99;0.99;1.00E-06;0.023215611;0.072901669;504;1.37
relu;(50, 50, 50);0;0.03;l2;0.01;32;0.99;0.9;1.00E-06;0.02321597;0.072887339;506;1.22
relu;(100, 50, 25);0.1;0.001;l2;1.00E-05;16;0.99;0.999;1.00E-06;0.023216123;0.072881208;506;0.77
relu;(50, 50, 50);0.1;0.001;l2;0.01;16;0.9;0.9;1.00E-08;0.023216288;0.072874629;506;0.4
relu;(100, 50, 25);0.1;0.03;l1;0.0001;64;0.8;0.99;1.00E-08;0.023217;0.072846217;504;1.3
relu;(100, 100, 100, 50);0;0.03;none;0.0001;32;0.9;0.99;1.00E-08;0.023217093;0.072842471;506;1.14
relu;(50, 50, 50);0.1;0.001;l1;0.0001;16;0.9;0.9;1.00E-08;0.023217425;0.07282922;506;0.48
relu;(100, 100, 100, 50);0.1;0.03;l2;0.0001;16;0.8;0.999;1.00E-08;0.023218795;0.072774502;506;0.78
relu;(50, 50, 50);0;0.03;l2;0.01;16;0.8;0.999;1.00E-08;0.023219927;0.072729299;506;1.19
relu;(100, 100, 100, 50);0;0.01;l2;1.00E-05;32;0.8;0.9;1.00E-08;0.023221448;0.072668581;506;1.19
relu;(50, 50, 50);0.1;0.001;none;1.00E-05;64;0.9;0.99;1.00E-06;0.023222006;0.072646287;504;0.5
relu;(100, 100, 100, 50);0.1;0.01;none;0.0001;32;0.8;0.99;1.00E-08;0.023222411;0.072630114;506;1.61
relu;(100, 100, 100, 50);0;0.03;none;0.0001;64;0.99;0.999;1.00E-06;0.02322274;0.072616968;504;1.5
relu;(50, 50, 50);0.1;0.03;none;0.0001;64;0.9;0.999;1.00E-06;0.023222927;0.07260953;504;0.92
relu;(50, 50, 50);0.1;0.01;none;0.0001;64;0.99;0.999;1.00E-08;0.023223599;0.072582688;504;0.87
relu;(100, 100, 100, 50);0;0.01;none;1.00E-05;32;0.8;0.999;1.00E-06;0.023223754;0.072576473;506;1.27
relu;(100, 100, 100, 50);0.1;0.03;none;0.0001;32;0.9;0.9;1.00E-08;0.023223826;0.072573621;506;1.54
relu;(100, 100, 100, 50);0;0.01;none;0.01;16;0.99;0.999;1.00E-08;0.023224046;0.072564829;506;0.88
relu;(100, 50, 25);0.1;0.001;l1;1.00E-05;16;0.9;0.9;1.00E-06;0.023225566;0.07250411;506;1.1
relu;(100, 50, 25);0.1;0.03;none;1.00E-05;32;0.9;0.999;1.00E-08;0.023226077;0.072483707;506;1.08
relu;(100, 100, 100, 50);0;0.001;l2;1.00E-05;32;0.99;0.9;1.00E-06;0.023226535;0.072465441;506;1.35
relu;(100, 100, 100, 50);0;0.01;l1;1.00E-05;16;0.99;0.99;1.00E-08;0.023226809;0.072454469;506;1.23
relu;(100, 100, 100, 50);0;0.01;l2;0.01;32;0.8;0.999;1.00E-08;0.023227694;0.07241915;506;1.16
relu;(100, 100, 100, 50);0;0.03;l1;1.00E-05;32;0.8;0.99;1.00E-06;0.023227787;0.072415425;506;1.33
relu;(100, 50, 25);0;0.03;none;0.01;64;0.9;0.9;1.00E-06;0.023228531;0.072385709;504;0.35
relu;(50, 50, 50);0.1;0.01;none;1.00E-05;64;0.8;0.99;1.00E-08;0.023228991;0.072367339;504;0.49
relu;(100, 100, 100, 50);0.1;0.01;l1;1.00E-05;16;0.99;0.99;1.00E-06;0.023229048;0.072365081;506;1.44
relu;(50, 50, 50);0;0.001;l2;0.0001;32;0.99;0.9;1.00E-06;0.02322976;0.072336633;506;0.35
relu;(50, 50, 50);0.1;0.01;l2;0.01;64;0.8;0.999;1.00E-06;0.023232269;0.072236445;504;0.78
relu;(50, 50, 50);0;0.001;l2;0.01;16;0.8;0.99;1.00E-06;0.023232357;0.072232926;506;0.36
relu;(100, 50, 25);0.1;0.01;l2;1.00E-05;16;0.9;0.99;1.00E-06;0.023232506;0.072226961;506;0.7
relu;(100, 100, 100, 50);0;0.03;none;1.00E-05;32;0.9;0.999;1.00E-06;0.023232621;0.072222386;506;1.04
relu;(100, 50, 25);0.1;0.001;none;1.00E-05;16;0.99;0.99;1.00E-08;0.023232929;0.072210084;506;0.42
relu;(100, 50, 25);0;0.001;l2;1.00E-05;64;0.8;0.999;1.00E-06;0.023233407;0.072190996;504;0.84
relu;(50, 50, 50);0;0.03;none;0.0001;32;0.99;0.999;1.00E-06;0.023233432;0.072190005;506;0.36
relu;(100, 100, 100, 50);0.3;0.01;l1;0.0001;64;0.8;0.9;1.00E-08;0.02323401;0.072166921;504;1.11
relu;(100, 50, 25);0;0.03;l2;0.01;32;0.99;0.99;1.00E-06;0.023237116;0.072042894;506;0.39
relu;(100, 50, 25);0;0.01;l2;1.00E-05;32;0.8;0.99;1.00E-08;0.023237393;0.072031839;506;0.31
relu;(100, 100, 100, 50);0.1;0.03;l2;0.0001;32;0.8;0.999;1.00E-08;0.023237437;0.072030058;506;0.73
relu;(100, 100, 100, 50);0.1;0.01;none;0.01;32;0.8;0.99;1.00E-06;0.023237704;0.072019417;506;1.74
relu;(50, 50, 50);0.1;0.001;none;0.01;16;0.99;0.9;1.00E-06;0.023238156;0.072001345;506;0.42
relu;(50, 50, 50);0.1;0.001;l2;0.01;16;0.8;0.999;1.00E-08;0.02323916;0.071961267;506;0.39
relu;(100, 50, 25);0;0.001;l2;0.0001;32;0.8;0.9;1.00E-06;0.02323941;0.071951272;506;0.85
relu;(50, 50, 50);0.3;0.001;l2;1.00E-05;64;0.9;0.99;1.00E-06;0.023240934;0.071890423;504;0.67
relu;(100, 50, 25);0;0.001;none;0.0001;16;0.99;0.99;1.00E-08;0.023240959;0.071889414;506;1.23
relu;(100, 100, 100, 50);0;0.001;l2;0.01;32;0.99;0.99;1.00E-08;0.023241117;0.071883091;506;1.2
relu;(50, 50, 50);0.1;0.001;l2;0.01;32;0.99;0.999;1.00E-06;0.023241531;0.071866557;506;0.44
relu;(100, 50, 25);0.1;0.03;none;0.0001;64;0.8;0.999;1.00E-08;0.023241614;0.071863251;504;0.98
relu;(100, 50, 25);0;0.01;l2;0.01;16;0.8;0.99;1.00E-08;0.023241983;0.071848509;506;0.28
relu;(100, 100, 100, 50);0;0.001;l1;1.00E-05;64;0.9;0.999;1.00E-06;0.023242714;0.071819334;504;1.54
relu;(100, 50, 25);0;0.03;l1;0.0001;32;0.9;0.9;1.00E-06;0.023242986;0.071808469;506;0.35
relu;(100, 50, 25);0.1;0.01;none;1.00E-05;64;0.99;0.99;1.00E-08;0.023243127;0.071802827;504;1.15
relu;(100, 50, 25);0.3;0.01;none;1.00E-05;64;0.9;0.9;1.00E-08;0.023244377;0.071752939;504;0.57
relu;(50, 50, 50);0.1;0.03;l1;1.00E-05;16;0.8;0.9;1.00E-08;0.023244722;0.071739123;506;0.63
relu;(100, 50, 25);0.1;0.01;l2;1.00E-05;64;0.9;0.999;1.00E-06;0.023245712;0.07169961;504;0.91
relu;(50, 50, 50);0.1;0.03;none;0.01;32;0.9;0.999;1.00E-08;0.023246068;0.071685394;506;0.36
relu;(50, 50, 50);0.3;0.01;l2;0.0001;64;0.9;0.9;1.00E-06;0.02324633;0.071674944;504;0.84
relu;(100, 100, 100, 50);0;0.001;l1;0.0001;32;0.9;0.99;1.00E-08;0.023246699;0.071660194;506;1.16
relu;(50, 50, 50);0.1;0.001;l2;0.0001;16;0.9;0.999;1.00E-08;0.023246868;0.071653455;506;0.44
relu;(100, 50, 25);0.1;0.001;none;0.0001;32;0.99;0.999;1.00E-08;0.023246948;0.07165023;506;0.42
relu;(100, 50, 25);0.1;0.01;l2;0.0001;64;0.8;0.9;1.00E-08;0.023246989;0.0716486;504;1.07
relu;(100, 100, 100, 50);0;0.01;l1;0.0001;16;0.99;0.9;1.00E-08;0.023247432;0.071630929;506;1.36
relu;(100, 50, 25);0;0.001;l2;0.01;64;0.99;0.9;1.00E-08;0.023248563;0.071585763;504;0.65
relu;(100, 100, 100, 50);0;0.01;none;0.01;16;0.9;0.99;1.00E-08;0.023248581;0.071585017;506;0.9
relu;(100, 100, 100, 50);0.1;0.001;l2;0.0001;16;0.99;0.999;1.00E-08;0.023249229;0.071559165;506;1.32
relu;(100, 100, 100, 50);0;0.03;l2;0.01;16;0.99;0.999;1.00E-06;0.023249771;0.071537514;506;1.07
relu;(100, 100, 100, 50);0;0.01;l1;1.00E-05;32;0.8;0.9;1.00E-06;0.023250353;0.071514266;506;1.39
relu;(100, 50, 25);0.1;0.001;l1;1.00E-05;16;0.99;0.9;1.00E-06;0.023251338;0.071474937;506;0.81
relu;(50, 50, 50);0.1;0.001;l2;1.00E-05;64;0.8;0.9;1.00E-06;0.023251383;0.071473154;504;0.48
relu;(100, 50, 25);0;0.03;l1;0.0001;64;0.99;0.99;1.00E-06;0.023251758;0.071458167;504;0.44
relu;(50, 50, 50);0;0.03;none;0.01;32;0.8;0.9;1.00E-06;0.023253049;0.071406604;506;0.36
relu;(100, 100, 100, 50);0;0.001;l1;1.00E-05;16;0.99;0.9;1.00E-08;0.02325464;0.071343077;506;1.36
relu;(50, 50, 50);0.1;0.001;l1;0.01;16;0.9;0.99;1.00E-08;0.023255093;0.071324976;506;0.45
relu;(100, 50, 25);0;0.01;none;0.0001;64;0.8;0.99;1.00E-08;0.023255599;0.071304789;504;0.8
relu;(50, 50, 50);0;0.01;l1;1.00E-05;32;0.9;0.99;1.00E-06;0.023256106;0.071284533;506;0.42
relu;(50, 50, 50);0;0.03;l1;1.00E-05;32;0.9;0.99;1.00E-06;0.023256331;0.071275535;506;0.57
relu;(100, 100, 100, 50);0.1;0.03;l1;1.00E-05;64;0.9;0.99;1.00E-06;0.023256343;0.071275053;504;2.09
relu;(50, 50, 50);0;0.01;l2;0.01;32;0.8;0.9;1.00E-06;0.023256557;0.071266502;506;0.37
relu;(100, 100, 100, 50);0;0.01;l1;1.00E-05;16;0.8;0.99;1.00E-08;0.023256763;0.071258312;506;1.21
relu;(50, 50, 50);0.1;0.001;l2;1.00E-05;32;0.9;0.99;1.00E-08;0.023257427;0.07123179;506;0.44
relu;(50, 50, 50);0.1;0.03;none;0.0001;16;0.9;0.9;1.00E-06;0.023258106;0.071204662;506;0.7
relu;(100, 100, 100, 50);0;0.01;l1;0.0001;64;0.99;0.9;1.00E-08;0.023259338;0.071155466;504;1.71
relu;(50, 50, 50);0.3;0.01;none;0.0001;64;0.8;0.99;1.00E-08;0.023259682;0.071141728;504;0.84
relu;(100, 100, 100, 50);0.1;0.01;l2;1.00E-05;32;0.9;0.99;1.00E-08;0.023260399;0.071113084;506;1.47
relu;(100, 100, 100, 50);0;0.001;none;0.0001;64;0.99;0.999;1.00E-08;0.023260683;0.071101772;504;1.6
relu;(50, 50, 50);0.1;0.001;l2;1.00E-05;16;0.8;0.99;1.00E-06;0.023261897;0.071053267;506;0.37
relu;(50, 50, 50);0;0.03;l2;1.00E-05;32;0.8;0.999;1.00E-06;0.023262117;0.071044483;506;0.52
relu;(100, 50, 25);0.1;0.01;l1;1.00E-05;32;0.8;0.9;1.00E-08;0.023262374;0.071034205;506;0.92
relu;(100, 100, 100, 50);0;0.01;l2;1.00E-05;32;0.8;0.99;1.00E-06;0.023262863;0.071014683;506;1.22
relu;(50, 50, 50);0;0.01;l2;0.01;32;0.9;0.999;1.00E-06;0.023265036;0.070927901;506;0.31
relu;(50, 50, 50);0;0.001;none;0.01;32;0.99;0.999;1.00E-06;0.023266303;0.070877307;506;1.03
relu;(50, 50, 50);0.1;0.01;l2;0.0001;64;0.9;0.99;1.00E-06;0.023267892;0.070813872;504;0.88
relu;(50, 50, 50);0.1;0.03;l1;0.0001;16;0.8;0.9;1.00E-06;0.02326801;0.070809155;506;0.5
relu;(100, 100, 100, 50);0;0.03;none;0.0001;16;0.99;0.999;1.00E-08;0.023268198;0.070801644;506;1.01
relu;(50, 50, 50);0.1;0.03;l1;0.0001;16;0.8;0.999;1.00E-08;0.023269052;0.070767545;506;0.55
relu;(100, 100, 100, 50);0;0.01;none;1.00E-05;64;0.8;0.99;1.00E-06;0.023269594;0.070745895;504;1.48
relu;(50, 50, 50);0;0.001;l2;0.0001;64;0.99;0.9;1.00E-06;0.023269603;0.070745543;504;0.48
relu;(100, 100, 100, 50);0.1;0.001;l2;0.0001;64;0.99;0.99;1.00E-06;0.02327011;0.07072528;504;2.04
relu;(100, 50, 25);0;0.01;l1;1.00E-05;32;0.99;0.99;1.00E-08;0.023270676;0.070702677;506;0.89
relu;(100, 50, 25);0.1;0.03;l2;1.00E-05;32;0.9;0.999;1.00E-06;0.02327174;0.070660218;506;0.81
relu;(50, 50, 50);0;0.01;none;1.00E-05;32;0.99;0.9;1.00E-08;0.023271825;0.070656821;506;0.32
relu;(100, 50, 25);0.1;0.01;l1;1.00E-05;16;0.99;0.99;1.00E-08;0.023273155;0.070603679;506;0.98
relu;(100, 50, 25);0.1;0.001;l1;0.0001;16;0.99;0.99;1.00E-08;0.023273239;0.070600326;506;1.06
relu;(100, 100, 100, 50);0;0.03;none;0.0001;32;0.8;0.99;1.00E-08;0.023273525;0.0705889;506;1.23
relu;(50, 50, 50);0;0.03;none;1.00E-05;16;0.99;0.999;1.00E-08;0.023274216;0.070561331;506;0.3
relu;(100, 100, 100, 50);0;0.01;none;0.01;16;0.8;0.999;1.00E-06;0.02327454;0.070548371;506;0.9
relu;(100, 100, 100, 50);0;0.03;none;1.00E-05;32;0.8;0.9;1.00E-06;0.023275686;0.07050263;506;1.03
relu;(50, 50, 50);0;0.01;none;1.00E-05;64;0.99;0.999;1.00E-08;0.023275781;0.070498807;504;0.36
relu;(100, 100, 100, 50);0.1;0.01;l1;0.0001;64;0.9;0.999;1.00E-08;0.023275818;0.070497358;504;2.17
relu;(100, 50, 25);0;0.03;l2;0.01;16;0.9;0.999;1.00E-08;0.023275851;0.07049604;506;0.29
relu;(50, 50, 50);0.1;0.01;l2;0.01;16;0.8;0.99;1.00E-06;0.023276131;0.070484862;506;0.75
relu;(100, 100, 100, 50);0.1;0.03;none;0.01;16;0.8;0.99;1.00E-08;0.023276329;0.070476943;506;1.35
relu;(100, 100, 100, 50);0.1;0.03;l1;0.0001;64;0.99;0.999;1.00E-08;0.023277152;0.070444062;504;1.55
relu;(100, 50, 25);0;0.01;none;1.00E-05;64;0.8;0.999;1.00E-08;0.023278439;0.070392667;504;0.74
relu;(50, 50, 50);0;0.03;l2;0.01;64;0.8;0.9;1.00E-08;0.023279547;0.070348424;504;1.5
relu;(100, 50, 25);0.1;0.01;l2;0.0001;64;0.99;0.999;1.00E-06;0.023279914;0.070333762;504;1.03
relu;(100, 100, 100, 50);0.1;0.01;l1;1.00E-05;64;0.99;0.99;1.00E-06;0.023280219;0.07032159;504;2.12
relu;(50, 50, 50);0;0.001;none;0.01;16;0.99;0.9;1.00E-06;0.023281407;0.070274168;506;1.01
relu;(100, 50, 25);0.1;0.001;l1;0.0001;16;0.8;0.99;1.00E-06;0.023282272;0.070239617;506;1.02
relu;(100, 50, 25);0;0.01;l1;1.00E-05;32;0.8;0.999;1.00E-06;0.023282475;0.070231506;506;0.91
relu;(50, 50, 50);0.1;0.001;none;0.01;64;0.99;0.9;1.00E-06;0.023283721;0.070181753;504;0.49
relu;(100, 50, 25);0.1;0.001;l1;0.0001;32;0.99;0.99;1.00E-06;0.023284456;0.070152415;506;1.06
relu;(50, 50, 50);0.1;0.01;none;1.00E-05;16;0.9;0.999;1.00E-06;0.023285087;0.070127193;506;0.37
relu;(100, 100, 100, 50);0.1;0.001;l2;0.01;64;0.9;0.9;1.00E-08;0.023285886;0.070095289;504;1.85
relu;(100, 50, 25);0;0.01;none;1.00E-05;64;0.9;0.9;1.00E-06;0.023288771;0.069980092;504;0.79
relu;(50, 50, 50);0.1;0.01;none;0.0001;32;0.8;0.99;1.00E-08;0.023288831;0.06997769;506;1.32
relu;(100, 100, 100, 50);0;0.01;l2;1.00E-05;16;0.8;0.9;1.00E-06;0.023289203;0.069962835;506;0.95
relu;(100, 50, 25);0;0.03;l1;0.0001;16;0.9;0.999;1.00E-08;0.023289301;0.069958919;506;0.35
relu;(50, 50, 50);0.3;0.001;l1;0.0001;32;0.9;0.9;1.00E-08;0.023289433;0.069953639;506;0.78
relu;(100, 100, 100, 50);0.1;0.01;none;0.0001;64;0.9;0.999;1.00E-08;0.023289586;0.069947532;504;1.97
relu;(100, 50, 25);0.1;0.001;none;0.0001;32;0.8;0.99;1.00E-06;0.023290457;0.069912736;506;0.36
relu;(100, 50, 25);0;0.03;l1;0.0001;32;0.99;0.999;1.00E-08;0.023290737;0.069901549;506;0.36
relu;(100, 50, 25);0;0.01;l2;1.00E-05;32;0.99;0.999;1.00E-06;0.02329208;0.069847927;506;0.29
relu;(100, 100, 100, 50);0.1;0.001;l2;0.01;64;0.8;0.9;1.00E-06;0.023292167;0.069844479;504;1.93
relu;(100, 50, 25);0;0.03;l2;1.00E-05;32;0.8;0.99;1.00E-08;0.023294667;0.069744636;506;0.29
relu;(100, 50, 25);0;0.001;l2;1.00E-05;16;0.9;0.99;1.00E-06;0.023294933;0.069734014;506;0.75
relu;(100, 100, 100, 50);0;0.03;l2;0.0001;16;0.99;0.999;1.00E-06;0.02329505;0.069729346;506;0.95
relu;(50, 50, 50);0.1;0.01;none;0.01;32;0.9;0.9;1.00E-08;0.023295361;0.069716896;506;0.82
relu;(100, 50, 25);0;0.03;none;0.01;16;0.9;0.99;1.00E-06;0.02329644;0.069673806;506;0.26
relu;(100, 50, 25);0.1;0.01;none;1.00E-05;16;0.8;0.99;1.00E-06;0.02329645;0.069673426;506;0.89
relu;(100, 50, 25);0.1;0.001;l2;0.0001;32;0.9;0.99;1.00E-08;0.02329666;0.06966505;506;0.84
relu;(100, 50, 25);0;0.01;l2;0.01;32;0.9;0.99;1.00E-06;0.023297833;0.069618194;506;0.3
relu;(100, 50, 25);0.1;0.03;none;1.00E-05;64;0.8;0.99;1.00E-06;0.023298357;0.069597265;504;1.21
relu;(50, 50, 50);0.1;0.001;none;0.01;32;0.99;0.99;1.00E-08;0.023298468;0.069592817;506;0.48
relu;(100, 50, 25);0.1;0.03;l1;0.0001;32;0.9;0.999;1.00E-06;0.023298514;0.069590992;506;1.09
relu;(50, 50, 50);0;0.03;l2;0.0001;64;0.8;0.99;1.00E-06;0.023299469;0.069552868;504;1.25
relu;(100, 50, 25);0.1;0.01;l1;0.0001;64;0.8;0.9;1.00E-08;0.023299924;0.069534706;504;1.28
relu;(50, 50, 50);0;0.03;l2;1.00E-05;32;0.8;0.999;1.00E-08;0.023299956;0.069533421;506;0.35
relu;(100, 100, 100, 50);0;0.01;none;0.0001;16;0.99;0.999;1.00E-08;0.023300232;0.0695224;506;1.15
relu;(100, 50, 25);0;0.01;none;0.01;64;0.9;0.99;1.00E-08;0.023303067;0.06940918;504;0.92
relu;(100, 50, 25);0.3;0.001;none;1.00E-05;64;0.9;0.9;1.00E-06;0.023303138;0.069406338;504;0.59
relu;(50, 50, 50);0;0.001;none;1.00E-05;32;0.99;0.999;1.00E-08;0.023303732;0.069382635;506;0.33
relu;(100, 50, 25);0;0.03;l1;1.00E-05;32;0.99;0.999;1.00E-08;0.023303888;0.069376379;506;0.34
relu;(50, 50, 50);0;0.01;none;1.00E-05;16;0.9;0.999;1.00E-06;0.02330445;0.06935395;506;0.31
relu;(100, 100, 100, 50);0;0.01;none;1.00E-05;32;0.99;0.9;1.00E-08;0.023304578;0.069348825;506;1.25
relu;(100, 50, 25);0;0.03;none;1.00E-05;32;0.9;0.99;1.00E-08;0.023305096;0.069328132;506;0.34
relu;(100, 50, 25);0.1;0.01;none;1.00E-05;64;0.99;0.999;1.00E-08;0.023305377;0.069316926;504;1.17
relu;(100, 100, 100, 50);0;0.001;l2;0.0001;32;0.99;0.999;1.00E-06;0.023305712;0.069303533;506;1.01
relu;(100, 50, 25);0.1;0.001;l2;0.0001;32;0.9;0.99;1.00E-06;0.023306439;0.069274509;506;0.83
relu;(50, 50, 50);0.1;0.001;l1;0.0001;32;0.99;0.9;1.00E-06;0.023306968;0.069253395;506;0.47
relu;(100, 50, 25);0.1;0.01;l1;0.0001;64;0.9;0.99;1.00E-06;0.023308885;0.069176839;504;1.31
relu;(100, 50, 25);0.1;0.001;none;1.00E-05;32;0.8;0.999;1.00E-08;0.023309045;0.069170436;506;0.43
relu;(100, 50, 25);0.3;0.001;none;0.0001;32;0.9;0.9;1.00E-08;0.023310709;0.069104016;506;0.43
relu;(50, 50, 50);0.1;0.001;l2;0.01;16;0.99;0.999;1.00E-08;0.023311174;0.069085448;506;0.4
relu;(100, 100, 100, 50);0;0.001;l2;0.0001;64;0.9;0.999;1.00E-06;0.023311246;0.06908257;504;1.22
relu;(100, 50, 25);0.1;0.01;l2;0.0001;64;0.99;0.99;1.00E-08;0.023312835;0.069019113;504;0.98
relu;(100, 50, 25);0;0.01;l2;1.00E-05;16;0.8;0.999;1.00E-06;0.023313227;0.069003444;506;0.27
relu;(100, 100, 100, 50);0.1;0.01;none;0.01;64;0.8;0.99;1.00E-06;0.023313406;0.068996312;504;1.79
relu;(100, 100, 100, 50);0.1;0.01;l1;1.00E-05;32;0.9;0.9;1.00E-06;0.023314906;0.068936414;506;1.51
relu;(100, 50, 25);0;0.001;none;1.00E-05;64;0.9;0.9;1.00E-06;0.02331535;0.068918676;504;1.68
relu;(100, 100, 100, 50);0.1;0.001;l1;0.01;64;0.8;0.99;1.00E-08;0.023315625;0.068907665;504;2.18
relu;(50, 50, 50);0.1;0.03;none;0.0001;32;0.8;0.9;1.00E-06;0.023316105;0.068888512;506;0.71
relu;(100, 50, 25);0;0.03;none;0.0001;64;0.9;0.999;1.00E-06;0.023318294;0.068801109;504;0.44
relu;(50, 50, 50);0;0.03;l1;1.00E-05;16;0.8;0.9;1.00E-06;0.023318296;0.068801027;506;0.38
relu;(50, 50, 50);0;0.01;l2;0.0001;32;0.99;0.9;1.00E-08;0.023319193;0.068765203;506;0.33
relu;(100, 50, 25);0;0.001;l2;1.00E-05;64;0.99;0.999;1.00E-06;0.023321467;0.068674406;504;0.97
relu;(100, 100, 100, 50);0.1;0.03;none;0.01;32;0.8;0.99;1.00E-06;0.023321646;0.068667232;506;1.46
relu;(100, 50, 25);0.1;0.001;l1;0.0001;32;0.99;0.999;1.00E-06;0.023322756;0.06862291;506;1.31
relu;(100, 100, 100, 50);0.1;0.01;none;0.01;32;0.99;0.99;1.00E-08;0.023323155;0.06860699;506;1.55
relu;(50, 50, 50);0;0.01;l2;1.00E-05;32;0.99;0.999;1.00E-06;0.02332396;0.068574832;506;0.42
relu;(100, 100, 100, 50);0.1;0.01;l2;0.0001;64;0.8;0.999;1.00E-06;0.023324773;0.068542365;504;1.82
relu;(100, 100, 100, 50);0;0.01;l2;0.0001;16;0.8;0.999;1.00E-06;0.02332652;0.068472614;506;1.09
relu;(100, 100, 100, 50);0;0.01;none;1.00E-05;32;0.9;0.999;1.00E-06;0.023327184;0.068446083;506;1.33
relu;(100, 100, 100, 50);0;0.01;none;0.01;32;0.8;0.99;1.00E-06;0.02332746;0.068435074;506;1.04
relu;(100, 100, 100, 50);0.1;0.01;none;1.00E-05;32;0.8;0.9;1.00E-08;0.023327946;0.068415647;506;1.28
relu;(100, 50, 25);0;0.01;l2;1.00E-05;32;0.99;0.99;1.00E-08;0.023328383;0.068398211;506;0.3
relu;(50, 50, 50);0;0.01;none;0.01;64;0.9;0.9;1.00E-06;0.023329006;0.068373304;504;0.39
relu;(100, 100, 100, 50);0;0.03;none;0.0001;64;0.9;0.9;1.00E-08;0.023329371;0.06835875;504;1.45
relu;(100, 100, 100, 50);0.1;0.01;none;0.0001;64;0.99;0.99;1.00E-08;0.023330035;0.068332249;504;2.01
relu;(100, 50, 25);0;0.01;l2;1.00E-05;64;0.8;0.9;1.00E-08;0.023331025;0.068292694;504;0.43
relu;(100, 50, 25);0.1;0.001;none;1.00E-05;16;0.9;0.9;1.00E-08;0.023331119;0.068288961;506;0.38
relu;(50, 50, 50);0;0.001;none;0.01;32;0.99;0.9;1.00E-08;0.02333158;0.068270513;506;1.07
relu;(100, 50, 25);0.1;0.01;l2;1.00E-05;64;0.8;0.99;1.00E-06;0.023331758;0.068263411;504;0.93
relu;(100, 50, 25);0;0.01;l2;0.0001;32;0.9;0.9;1.00E-08;0.023332002;0.068253667;506;0.32
relu;(100, 100, 100, 50);0.1;0.001;none;0.01;64;0.9;0.999;1.00E-08;0.023332839;0.068220271;504;1.98
relu;(50, 50, 50);0.3;0.03;l2;0.0001;16;0.8;0.999;1.00E-06;0.023333181;0.068206598;506;0.83
relu;(100, 50, 25);0;0.001;l1;0.01;16;0.9;0.999;1.00E-06;0.023333467;0.068195181;506;0.82
relu;(100, 100, 100, 50);0.1;0.03;l2;0.0001;16;0.8;0.9;1.00E-08;0.02333359;0.068190271;506;0.68
relu;(100, 50, 25);0;0.03;l2;0.0001;32;0.99;0.999;1.00E-08;0.023333754;0.068183713;506;0.63
relu;(100, 100, 100, 50);0.1;0.001;l2;0.0001;32;0.99;0.9;1.00E-08;0.023334025;0.068172911;506;1.59
relu;(50, 50, 50);0;0.001;l1;0.0001;16;0.9;0.99;1.00E-08;0.023334058;0.068171571;506;1.12
relu;(100, 50, 25);0;0.001;l2;1.00E-05;32;0.8;0.99;1.00E-08;0.023334558;0.068151594;506;0.86
relu;(100, 50, 25);0;0.001;l2;0.01;16;0.8;0.9;1.00E-06;0.023334629;0.068148793;506;0.72
relu;(100, 100, 100, 50);0.1;0.01;l1;0.0001;32;0.8;0.999;1.00E-06;0.023334686;0.068146501;506;2.44
relu;(100, 50, 25);0;0.001;l1;1.00E-05;32;0.99;0.9;1.00E-06;0.023334811;0.068141491;506;0.65
relu;(50, 50, 50);0;0.01;l2;0.0001;16;0.9;0.99;1.00E-06;0.023335326;0.068120958;506;0.34
relu;(100, 100, 100, 50);0.1;0.01;l2;1.00E-05;32;0.9;0.999;1.00E-08;0.023335522;0.068113124;506;1.49
relu;(50, 50, 50);0;0.001;l1;0.0001;64;0.8;0.9;1.00E-08;0.023336846;0.068060233;504;1.27
relu;(100, 100, 100, 50);0;0.03;l2;1.00E-05;16;0.99;0.99;1.00E-08;0.023337463;0.068035613;506;1.13
relu;(50, 50, 50);0.1;0.01;l2;0.01;16;0.9;0.99;1.00E-06;0.023338181;0.068006928;506;0.69
relu;(100, 50, 25);0;0.01;l1;1.00E-05;64;0.9;0.99;1.00E-06;0.02333915;0.067968243;504;0.53
relu;(100, 50, 25);0;0.01;l2;1.00E-05;16;0.8;0.999;1.00E-08;0.023339275;0.067963227;506;0.28
relu;(50, 50, 50);0.1;0.001;l2;0.01;64;0.8;0.99;1.00E-08;0.02333982;0.067941461;504;0.5
relu;(50, 50, 50);0;0.03;none;1.00E-05;64;0.99;0.99;1.00E-06;0.023339957;0.067936018;504;0.41
relu;(100, 50, 25);0.1;0.001;none;0.0001;64;0.99;0.999;1.00E-08;0.023340345;0.067920523;504;0.48
relu;(100, 100, 100, 50);0.1;0.03;none;0.01;32;0.8;0.999;1.00E-06;0.02334137;0.067879568;506;1.53
relu;(100, 100, 100, 50);0;0.01;l2;0.0001;64;0.99;0.99;1.00E-06;0.02334194;0.067856801;504;1.5
relu;(100, 50, 25);0;0.001;l1;1.00E-05;16;0.8;0.9;1.00E-06;0.023342621;0.067829605;506;0.87
relu;(100, 100, 100, 50);0;0.03;l1;1.00E-05;16;0.8;0.99;1.00E-06;0.023344609;0.067750231;506;1.2
relu;(100, 100, 100, 50);0;0.03;l2;0.0001;64;0.8;0.999;1.00E-08;0.023345772;0.067703798;504;1.34
relu;(50, 50, 50);0;0.01;l1;0.0001;16;0.9;0.999;1.00E-06;0.023346057;0.06769242;506;0.37
relu;(50, 50, 50);0.1;0.001;l2;0.0001;16;0.99;0.99;1.00E-08;0.023346233;0.067685387;506;0.46
relu;(50, 50, 50);0;0.01;none;0.0001;32;0.99;0.999;1.00E-06;0.023346302;0.067682609;506;0.34
relu;(50, 50, 50);0;0.001;l1;1.00E-05;64;0.9;0.9;1.00E-06;0.023346494;0.067674953;504;1.41
relu;(100, 50, 25);0.1;0.001;l1;1.00E-05;64;0.99;0.99;1.00E-06;0.023349677;0.06754784;504;1.45
relu;(100, 50, 25);0.3;0.001;l2;0.0001;64;0.9;0.99;1.00E-08;0.023349796;0.06754311;504;0.53
relu;(50, 50, 50);0.1;0.001;l2;0.01;64;0.8;0.999;1.00E-08;0.023350194;0.06752718;504;0.49
relu;(50, 50, 50);0.1;0.001;l2;0.01;16;0.8;0.9;1.00E-08;0.023350912;0.067498507;506;0.4
relu;(50, 50, 50);0.1;0.03;none;0.0001;16;0.9;0.9;1.00E-08;0.023351541;0.067473409;506;0.59
relu;(100, 100, 100, 50);0.1;0.01;none;1.00E-05;16;0.8;0.99;1.00E-08;0.023352412;0.06743861;506;1.27
relu;(100, 50, 25);0.3;0.001;l1;1.00E-05;32;0.9;0.9;1.00E-06;0.023354249;0.067365283;506;0.44
relu;(100, 50, 25);0.1;0.001;l2;0.01;32;0.9;0.99;1.00E-06;0.023354921;0.067338419;506;0.86
relu;(100, 50, 25);0.3;0.001;l2;0.01;16;0.8;0.999;1.00E-06;0.023355522;0.067314414;506;0.35
relu;(100, 100, 100, 50);0.1;0.001;l2;0.0001;64;0.8;0.9;1.00E-08;0.023356519;0.067274619;504;1.87
relu;(100, 50, 25);0;0.01;l2;0.01;64;0.99;0.99;1.00E-06;0.023357028;0.067254275;504;0.36
relu;(50, 50, 50);0.1;0.001;none;0.01;32;0.9;0.99;1.00E-06;0.02335789;0.067219869;506;0.43
relu;(100, 100, 100, 50);0.1;0.03;none;0.0001;32;0.9;0.999;1.00E-06;0.023358745;0.067185726;506;1.46
relu;(50, 50, 50);0.1;0.01;l2;0.0001;32;0.99;0.999;1.00E-08;0.023359184;0.067168195;506;0.72
relu;(100, 50, 25);0.1;0.03;l2;0.0001;32;0.9;0.999;1.00E-06;0.023359262;0.067165068;506;0.96
relu;(50, 50, 50);0.1;0.001;l2;0.0001;64;0.9;0.99;1.00E-08;0.023359795;0.067143807;504;0.5
relu;(100, 50, 25);0.1;0.01;l1;1.00E-05;64;0.9;0.9;1.00E-06;0.023360102;0.067131521;504;1.19
relu;(50, 50, 50);0;0.001;none;0.0001;64;0.99;0.99;1.00E-08;0.023360774;0.067104688;504;1.38
relu;(100, 50, 25);0;0.03;none;0.01;64;0.99;0.99;1.00E-06;0.023360783;0.067104337;504;0.35
relu;(50, 50, 50);0.1;0.001;none;0.01;32;0.8;0.99;1.00E-08;0.023361246;0.067085852;506;0.49
relu;(100, 100, 100, 50);0;0.03;l1;1.00E-05;32;0.9;0.9;1.00E-08;0.023361473;0.067076783;506;1.23
relu;(100, 50, 25);0.1;0.03;l1;0.0001;32;0.9;0.99;1.00E-06;0.023361474;0.067076721;506;1.18
relu;(50, 50, 50);0.1;0.03;l2;0.0001;64;0.9;0.999;1.00E-08;0.023361695;0.067067897;504;0.82
relu;(100, 100, 100, 50);0.1;0.001;l2;0.01;32;0.99;0.999;1.00E-06;0.023362114;0.06705116;506;1.71
relu;(50, 50, 50);0.3;0.01;l2;0.0001;16;0.8;0.9;1.00E-08;0.023362385;0.06704035;506;0.66
relu;(50, 50, 50);0.1;0.001;l1;1.00E-05;32;0.8;0.99;1.00E-08;0.023364141;0.066970236;506;0.47
relu;(50, 50, 50);0.1;0.001;l1;0.0001;16;0.99;0.99;1.00E-06;0.023364319;0.066963135;506;0.42
relu;(100, 50, 25);0.1;0.001;l2;1.00E-05;32;0.99;0.999;1.00E-06;0.023365536;0.066914521;506;0.85
relu;(100, 50, 25);0;0.01;none;1.00E-05;32;0.9;0.9;1.00E-08;0.023367214;0.066847535;506;0.77
relu;(100, 100, 100, 50);0.1;0.01;l1;0.0001;64;0.9;0.9;1.00E-06;0.023367535;0.066834709;504;2.34
relu;(100, 100, 100, 50);0;0.01;none;1.00E-05;16;0.99;0.99;1.00E-08;0.023367576;0.066833057;506;1.13
relu;(50, 50, 50);0.1;0.001;l1;1.00E-05;16;0.99;0.99;1.00E-08;0.02336871;0.06678779;506;0.46
relu;(100, 100, 100, 50);0;0.01;l2;1.00E-05;64;0.9;0.99;1.00E-08;0.023368831;0.06678293;504;1.48
relu;(50, 50, 50);0.1;0.03;none;0.0001;16;0.8;0.99;1.00E-06;0.023369171;0.066769359;506;0.59
relu;(50, 50, 50);0.1;0.01;l2;0.01;64;0.9;0.999;1.00E-08;0.023369904;0.06674009;504;0.67
relu;(50, 50, 50);0.1;0.03;l1;0.0001;16;0.8;0.9;1.00E-08;0.023370267;0.066725596;506;0.52
relu;(100, 100, 100, 50);0.1;0.01;none;1.00E-05;64;0.99;0.999;1.00E-08;0.023371461;0.066677925;504;1.78
relu;(50, 50, 50);0;0.01;l1;0.0001;64;0.99;0.999;1.00E-06;0.023371816;0.066663746;504;0.43
relu;(100, 100, 100, 50);0.1;0.01;none;0.0001;16;0.99;0.9;1.00E-06;0.023372419;0.06663966;506;1.53
relu;(100, 100, 100, 50);0.1;0.01;l1;1.00E-05;64;0.8;0.99;1.00E-06;0.023372928;0.066619311;504;2.13
relu;(100, 50, 25);0;0.01;l1;1.00E-05;16;0.99;0.999;1.00E-06;0.023373935;0.066579097;506;0.77
relu;(50, 50, 50);0;0.001;none;1.00E-05;16;0.8;0.999;1.00E-06;0.023374791;0.06654494;506;0.34
relu;(50, 50, 50);0.1;0.03;l2;0.0001;32;0.8;0.9;1.00E-06;0.023375358;0.066522274;506;0.81
relu;(50, 50, 50);0.1;0.03;none;0.0001;16;0.8;0.999;1.00E-08;0.023375995;0.06649686;506;0.51
relu;(50, 50, 50);0.1;0.01;none;0.01;64;0.99;0.99;1.00E-08;0.023376529;0.066475542;504;0.8
relu;(100, 50, 25);0.3;0.01;none;0.0001;16;0.9;0.9;1.00E-08;0.023376796;0.066464875;506;0.37
relu;(100, 100, 100, 50);0;0.01;none;0.01;16;0.9;0.99;1.00E-06;0.023378654;0.066390677;506;0.92
relu;(100, 50, 25);0.1;0.001;l2;1.00E-05;16;0.8;0.999;1.00E-08;0.02338043;0.06631976;506;0.89
relu;(50, 50, 50);0.3;0.01;l2;0.0001;32;0.8;0.999;1.00E-06;0.023381092;0.06629332;506;0.64
relu;(100, 50, 25);0;0.001;l1;1.00E-05;16;0.99;0.99;1.00E-06;0.023381116;0.066292363;506;0.61
relu;(50, 50, 50);0.1;0.001;l1;0.0001;16;0.9;0.99;1.00E-08;0.023382714;0.06622853;506;0.44
relu;(100, 50, 25);0.1;0.03;none;0.01;64;0.9;0.99;1.00E-06;0.023385022;0.066136346;504;0.97
relu;(50, 50, 50);0;0.01;l1;1.00E-05;64;0.99;0.999;1.00E-08;0.023385078;0.066134147;504;0.56
relu;(100, 100, 100, 50);0.1;0.001;l1;1.00E-05;32;0.99;0.99;1.00E-06;0.023386917;0.066060696;506;1.69
relu;(100, 50, 25);0;0.01;none;0.01;32;0.8;0.99;1.00E-08;0.023387695;0.066029604;506;0.7
relu;(100, 50, 25);0;0.01;l2;0.01;64;0.9;0.99;1.00E-08;0.023388494;0.065997724;504;0.37
relu;(50, 50, 50);0.1;0.001;none;0.01;16;0.9;0.9;1.00E-06;0.023388713;0.065988972;506;0.37
relu;(50, 50, 50);0;0.03;none;0.0001;64;0.9;0.999;1.00E-08;0.02338892;0.065980702;504;0.4
relu;(100, 100, 100, 50);0;0.03;l1;0.0001;32;0.8;0.999;1.00E-06;0.02338963;0.065952344;506;1.33
relu;(100, 100, 100, 50);0;0.001;l2;0.01;16;0.99;0.999;1.00E-08;0.023389959;0.06593921;506;1
relu;(100, 100, 100, 50);0;0.01;l1;0.0001;32;0.99;0.9;1.00E-08;0.023390218;0.065928858;506;1.47
relu;(100, 50, 25);0;0.01;l2;0.01;64;0.8;0.9;1.00E-08;0.023390468;0.065918891;504;0.37
relu;(100, 50, 25);0.1;0.001;none;0.0001;32;0.8;0.999;1.00E-06;0.023391835;0.065864284;506;0.37
relu;(100, 100, 100, 50);0.1;0.01;none;0.01;64;0.9;0.9;1.00E-08;0.023392183;0.065850399;504;1.76
relu;(100, 100, 100, 50);0.1;0.001;none;0.01;32;0.99;0.99;1.00E-08;0.023392595;0.065833943;506;1.66
relu;(50, 50, 50);0.3;0.001;none;0.0001;32;0.9;0.9;1.00E-06;0.023392805;0.06582557;506;0.74
relu;(100, 100, 100, 50);0;0.01;none;0.01;16;0.8;0.999;1.00E-08;0.023392954;0.065819603;506;0.91
relu;(50, 50, 50);0.1;0.001;l1;0.0001;32;0.99;0.99;1.00E-08;0.023394311;0.065765399;506;0.47
relu;(50, 50, 50);0.1;0.001;none;0.01;16;0.9;0.99;1.00E-06;0.023394369;0.06576311;506;0.4
relu;(100, 100, 100, 50);0;0.03;l2;1.00E-05;32;0.9;0.999;1.00E-06;0.023394579;0.065754726;506;1.25
relu;(50, 50, 50);0.1;0.01;none;0.0001;32;0.9;0.999;1.00E-06;0.023396015;0.065697383;506;0.68
relu;(50, 50, 50);0;0.01;l2;0.01;64;0.99;0.99;1.00E-06;0.02339663;0.065672819;504;0.38
relu;(50, 50, 50);0.1;0.001;l2;0.01;64;0.99;0.99;1.00E-06;0.023396781;0.065666793;504;0.5
relu;(100, 50, 25);0.3;0.001;l2;0.01;64;0.99;0.99;1.00E-08;0.023398092;0.065614423;504;0.48
relu;(100, 100, 100, 50);0.1;0.01;l1;1.00E-05;16;0.99;0.999;1.00E-08;0.023398533;0.065596816;506;1.41
relu;(100, 100, 100, 50);0;0.001;none;0.0001;32;0.99;0.999;1.00E-06;0.023399251;0.065568136;506;1.28
relu;(100, 100, 100, 50);0.1;0.01;none;1.00E-05;64;0.8;0.9;1.00E-08;0.023399831;0.065544972;504;1.65
relu;(50, 50, 50);0;0.01;none;0.0001;32;0.9;0.99;1.00E-08;0.023400023;0.065537316;506;0.34
relu;(50, 50, 50);0.1;0.001;none;1.00E-05;64;0.8;0.9;1.00E-06;0.023400267;0.06552756;504;0.45
relu;(50, 50, 50);0.1;0.01;none;1.00E-05;16;0.99;0.999;1.00E-06;0.023400936;0.065500871;506;0.41
relu;(100, 50, 25);0;0.001;none;0.01;64;0.9;0.99;1.00E-06;0.023402438;0.065440885;504;0.84
relu;(50, 50, 50);0.3;0.01;none;0.0001;32;0.8;0.99;1.00E-08;0.023402506;0.065438171;506;0.63
relu;(100, 50, 25);0;0.01;l2;0.01;32;0.8;0.99;1.00E-06;0.02340252;0.065437607;506;0.29
relu;(50, 50, 50);0;0.01;l2;0.01;16;0.99;0.9;1.00E-06;0.023402928;0.065421308;506;0.32
relu;(100, 50, 25);0;0.001;l2;0.0001;32;0.9;0.999;1.00E-06;0.023403267;0.065407773;506;0.91
relu;(100, 100, 100, 50);0.1;0.03;l2;1.00E-05;32;0.8;0.999;1.00E-08;0.023404053;0.065376364;506;0.98
relu;(50, 50, 50);0;0.001;l2;1.00E-05;16;0.99;0.99;1.00E-06;0.023404728;0.065349422;506;0.36
relu;(50, 50, 50);0;0.01;l2;0.0001;16;0.99;0.9;1.00E-08;0.023405768;0.065307887;506;0.31
relu;(100, 50, 25);0;0.001;none;0.0001;16;0.99;0.99;1.00E-06;0.023406252;0.065288565;506;1.24
relu;(50, 50, 50);0;0.01;l1;0.0001;32;0.8;0.999;1.00E-06;0.023406256;0.065288407;506;0.39
relu;(100, 50, 25);0;0.03;l2;0.01;64;0.8;0.999;1.00E-06;0.023407246;0.065248869;504;0.41
relu;(100, 100, 100, 50);0.1;0.01;l1;0.0001;16;0.9;0.9;1.00E-06;0.023408152;0.065212685;506;1.8
relu;(100, 50, 25);0;0.001;l2;1.00E-05;64;0.99;0.99;1.00E-08;0.023408188;0.065211265;504;1.03
relu;(100, 50, 25);0.1;0.03;l2;0.0001;32;0.9;0.99;1.00E-06;0.023410163;0.065132372;506;0.92
relu;(100, 100, 100, 50);0;0.03;l1;1.00E-05;64;0.9;0.9;1.00E-06;0.023410278;0.065127775;504;1.4
relu;(50, 50, 50);0;0.03;none;0.01;32;0.8;0.9;1.00E-08;0.023410693;0.065111211;506;0.36
relu;(50, 50, 50);0;0.03;l2;0.0001;64;0.99;0.999;1.00E-06;0.023410988;0.065099445;504;1.35
relu;(100, 50, 25);0;0.01;l1;0.0001;16;0.99;0.99;1.00E-08;0.023412;0.065059019;506;0.33
relu;(50, 50, 50);0.1;0.001;l1;0.0001;64;0.9;0.999;1.00E-06;0.023413135;0.065013676;504;0.53
relu;(100, 100, 100, 50);0.1;0.01;none;0.0001;16;0.99;0.99;1.00E-06;0.023414464;0.064960633;506;1.52
relu;(100, 100, 100, 50);0;0.03;none;0.0001;16;0.99;0.99;1.00E-08;0.023414507;0.064958889;506;0.99
relu;(100, 50, 25);0;0.01;l2;1.00E-05;32;0.99;0.999;1.00E-08;0.023416856;0.064865104;506;0.29
relu;(50, 50, 50);0.1;0.01;none;0.01;32;0.8;0.9;1.00E-06;0.023417133;0.064854055;506;0.83
relu;(50, 50, 50);0;0.01;l2;0.0001;32;0.99;0.999;1.00E-08;0.023417333;0.064846052;506;0.32
relu;(100, 100, 100, 50);0;0.001;l2;0.0001;32;0.99;0.99;1.00E-08;0.023417779;0.064828253;506;1.09
relu;(50, 50, 50);0.1;0.01;l2;1.00E-05;64;0.9;0.99;1.00E-06;0.023417788;0.064827883;504;0.65
relu;(100, 50, 25);0;0.001;l2;0.0001;64;0.8;0.99;1.00E-08;0.023417795;0.064827584;504;0.92
relu;(50, 50, 50);0;0.03;none;1.00E-05;16;0.99;0.999;1.00E-06;0.023418105;0.06481524;506;0.31
relu;(50, 50, 50);0;0.03;l2;0.0001;16;0.99;0.999;1.00E-06;0.02341857;0.064796638;506;0.84
relu;(50, 50, 50);0;0.01;l2;0.0001;32;0.8;0.99;1.00E-08;0.023418829;0.064786294;506;0.33
relu;(100, 100, 100, 50);0;0.03;l1;0.0001;32;0.99;0.99;1.00E-08;0.023419197;0.064771615;506;1.33
relu;(100, 50, 25);0.3;0.001;l1;0.0001;64;0.8;0.99;1.00E-08;0.02341964;0.064753922;504;0.57
relu;(50, 50, 50);0;0.03;l1;1.00E-05;64;0.9;0.99;1.00E-06;0.023419861;0.064745114;504;0.39
relu;(100, 50, 25);0.1;0.001;none;0.01;32;0.99;0.999;1.00E-06;0.023420038;0.06473801;506;0.85
relu;(100, 50, 25);0;0.001;l1;0.01;32;0.9;0.9;1.00E-06;0.023420113;0.06473505;506;0.85
relu;(100, 100, 100, 50);0;0.01;l1;1.00E-05;16;0.9;0.999;1.00E-06;0.02342086;0.064705203;506;1.19
relu;(100, 50, 25);0.3;0.001;l2;1.00E-05;16;0.99;0.99;1.00E-06;0.023421331;0.064686405;506;0.34
relu;(50, 50, 50);0.1;0.001;l2;1.00E-05;16;0.8;0.9;1.00E-06;0.023422227;0.064650609;506;0.46
relu;(100, 100, 100, 50);0;0.01;none;0.0001;16;0.8;0.99;1.00E-06;0.023422374;0.064644736;506;1.2
relu;(50, 50, 50);0;0.001;l1;1.00E-05;16;0.8;0.999;1.00E-06;0.023422502;0.064639643;506;0.99
relu;(50, 50, 50);0.1;0.01;l2;1.00E-05;32;0.99;0.9;1.00E-08;0.023423329;0.064606595;506;0.65
relu;(100, 100, 100, 50);0.1;0.03;l1;0.0001;32;0.9;0.99;1.00E-08;0.023423389;0.064604201;506;1.44
relu;(100, 50, 25);0.1;0.03;l2;1.00E-05;16;0.9;0.999;1.00E-08;0.023424036;0.06457837;506;0.69
relu;(100, 50, 25);0.3;0.001;l2;1.00E-05;32;0.9;0.9;1.00E-06;0.023425291;0.064528242;506;0.37
relu;(100, 100, 100, 50);0;0.03;l2;1.00E-05;32;0.9;0.999;1.00E-08;0.023425789;0.064508346;506;1.26
relu;(100, 50, 25);0.3;0.01;none;0.01;32;0.8;0.9;1.00E-08;0.023425834;0.064506568;506;0.41
relu;(50, 50, 50);0;0.01;l2;1.00E-05;16;0.9;0.999;1.00E-08;0.023426287;0.064488463;506;0.32
relu;(100, 100, 100, 50);0.1;0.001;none;0.01;16;0.99;0.999;1.00E-08;0.023426791;0.064468337;506;1.48
relu;(100, 50, 25);0;0.03;none;0.0001;16;0.99;0.99;1.00E-08;0.023428781;0.064388887;506;0.29
relu;(100, 50, 25);0;0.03;l2;0.01;32;0.9;0.9;1.00E-06;0.023428895;0.064384318;506;0.33
relu;(50, 50, 50);0;0.03;l1;1.00E-05;32;0.99;0.999;1.00E-08;0.023429899;0.06434425;506;0.48
relu;(50, 50, 50);0;0.001;l1;0.0001;64;0.8;0.99;1.00E-06;0.023430896;0.064304426;504;1.33
relu;(100, 100, 100, 50);0;0.001;l2;0.01;16;0.99;0.9;1.00E-08;0.023430911;0.064303817;506;1.02
relu;(50, 50, 50);0;0.03;l2;1.00E-05;32;0.8;0.99;1.00E-08;0.023431478;0.064281192;506;0.38
relu;(50, 50, 50);0;0.01;none;0.0001;32;0.9;0.99;1.00E-06;0.023431734;0.064270951;506;0.32
relu;(100, 50, 25);0.1;0.01;l2;1.00E-05;16;0.9;0.99;1.00E-08;0.023432551;0.064238339;506;0.67
relu;(50, 50, 50);0;0.01;l2;1.00E-05;32;0.8;0.9;1.00E-06;0.023433746;0.064190596;506;0.38
relu;(100, 100, 100, 50);0.1;0.001;l2;0.0001;32;0.8;0.999;1.00E-08;0.023434105;0.064176254;506;1.61
relu;(50, 50, 50);0;0.001;l2;0.0001;32;0.99;0.9;1.00E-08;0.023436239;0.06409105;506;0.35
relu;(50, 50, 50);0.1;0.001;l2;0.01;32;0.8;0.9;1.00E-08;0.023436375;0.064085612;506;0.43
relu;(100, 50, 25);0;0.01;l2;0.0001;64;0.8;0.99;1.00E-06;0.023436445;0.064082813;504;0.37
relu;(50, 50, 50);0;0.001;l1;0.0001;32;0.8;0.9;1.00E-08;0.023436572;0.064077766;506;1.07
relu;(100, 50, 25);0.3;0.01;l2;0.0001;64;0.9;0.99;1.00E-08;0.023437094;0.064056914;504;1.09
relu;(100, 50, 25);0.1;0.01;l2;0.01;16;0.99;0.99;1.00E-06;0.023437103;0.064056551;506;0.77
relu;(100, 50, 25);0;0.01;l2;0.01;64;0.9;0.999;1.00E-06;0.023437446;0.064042852;504;0.37
relu;(100, 100, 100, 50);0;0.01;none;0.01;32;0.99;0.999;1.00E-08;0.023438677;0.063993707;506;1.05
relu;(100, 50, 25);0;0.03;l2;0.01;16;0.9;0.99;1.00E-08;0.023441456;0.063882726;506;0.34
relu;(50, 50, 50);0;0.03;l2;0.01;64;0.9;0.99;1.00E-06;0.023441629;0.063875826;504;1.41
relu;(100, 100, 100, 50);0.1;0.001;none;0.01;16;0.8;0.9;1.00E-08;0.023442277;0.06384993;506;1.33
relu;(50, 50, 50);0.1;0.01;none;0.01;16;0.99;0.99;1.00E-06;0.023443668;0.063794394;506;0.53
relu;(100, 100, 100, 50);0.1;0.01;none;1.00E-05;16;0.99;0.999;1.00E-08;0.023444607;0.063756869;506;1.23
relu;(100, 100, 100, 50);0.1;0.03;l2;1.00E-05;64;0.8;0.9;1.00E-08;0.023445792;0.063709577;504;1.02
relu;(100, 50, 25);0;0.01;l2;0.01;32;0.8;0.9;1.00E-06;0.023445824;0.063708279;506;0.29
relu;(100, 50, 25);0.1;0.01;l2;1.00E-05;32;0.99;0.99;1.00E-06;0.023446184;0.063693892;506;0.79
relu;(50, 50, 50);0.3;0.001;l2;0.01;16;0.9;0.999;1.00E-06;0.023446217;0.063692586;506;0.48
relu;(100, 50, 25);0.3;0.01;l2;0.0001;16;0.9;0.999;1.00E-08;0.02344736;0.063646957;506;0.41
relu;(100, 100, 100, 50);0.1;0.03;none;1.00E-05;64;0.9;0.99;1.00E-06;0.023448248;0.063611501;504;1.72
relu;(100, 50, 25);0.1;0.01;none;1.00E-05;32;0.99;0.999;1.00E-08;0.023449632;0.063556228;506;1.05
relu;(100, 100, 100, 50);0;0.01;none;0.01;64;0.99;0.99;1.00E-06;0.02344981;0.063549102;504;1.19
relu;(50, 50, 50);0;0.01;l2;0.0001;32;0.9;0.99;1.00E-08;0.023449908;0.063545196;506;0.4
relu;(50, 50, 50);0.1;0.001;l1;1.00E-05;32;0.9;0.999;1.00E-08;0.023451088;0.063498053;506;0.48
relu;(100, 100, 100, 50);0;0.001;none;0.01;32;0.9;0.99;1.00E-08;0.023451202;0.063493525;506;1.27
relu;(100, 50, 25);0;0.01;l2;0.01;16;0.99;0.9;1.00E-06;0.023451664;0.063475066;506;0.27
relu;(100, 100, 100, 50);0.1;0.01;none;0.0001;64;0.99;0.999;1.00E-06;0.023452699;0.063433752;504;1.95
relu;(100, 50, 25);0.1;0.01;none;1.00E-05;16;0.9;0.999;1.00E-08;0.023453301;0.063409693;506;0.98
relu;(50, 50, 50);0.1;0.01;l2;0.01;64;0.8;0.99;1.00E-08;0.023453355;0.063407536;504;0.78
relu;(50, 50, 50);0;0.03;none;0.01;32;0.9;0.99;1.00E-08;0.023453978;0.063382646;506;0.34
relu;(100, 50, 25);0.1;0.03;l2;1.00E-05;16;0.9;0.999;1.00E-06;0.023453982;0.063382511;506;0.68
relu;(50, 50, 50);0;0.01;none;0.0001;32;0.9;0.999;1.00E-08;0.023454989;0.063342294;506;0.32
relu;(50, 50, 50);0.1;0.001;l2;0.01;64;0.99;0.99;1.00E-08;0.023455011;0.063341415;504;0.5
relu;(50, 50, 50);0;0.03;none;0.01;16;0.99;0.999;1.00E-08;0.023455179;0.063334703;506;0.31
relu;(100, 50, 25);0.1;0.001;l1;1.00E-05;32;0.8;0.999;1.00E-08;0.023456161;0.063295492;506;0.99
relu;(50, 50, 50);0;0.01;l2;1.00E-05;16;0.9;0.999;1.00E-06;0.023456711;0.06327351;506;0.34
relu;(100, 50, 25);0.1;0.03;none;1.00E-05;64;0.9;0.99;1.00E-06;0.023457472;0.063243148;504;1.2
relu;(100, 100, 100, 50);0.1;0.01;l1;0.0001;16;0.99;0.999;1.00E-08;0.023458303;0.063209929;506;1.89
relu;(100, 100, 100, 50);0.1;0.01;l1;0.0001;32;0.9;0.99;1.00E-06;0.023458898;0.06318618;506;2.39
relu;(100, 50, 25);0.3;0.01;none;1.00E-05;16;0.9;0.999;1.00E-06;0.023459341;0.063168508;506;0.35
relu;(100, 50, 25);0;0.01;none;0.0001;64;0.8;0.999;1.00E-06;0.023459784;0.063150787;504;0.8
relu;(100, 50, 25);0;0.03;l2;0.0001;16;0.99;0.999;1.00E-08;0.023459851;0.063148119;506;0.52
relu;(50, 50, 50);0.1;0.001;l2;0.01;16;0.8;0.9;1.00E-06;0.023459854;0.063148017;506;0.42
relu;(100, 100, 100, 50);0;0.01;l2;0.01;64;0.9;0.999;1.00E-06;0.02346124;0.063092641;504;1.25
relu;(50, 50, 50);0;0.03;l2;1.00E-05;16;0.9;0.99;1.00E-08;0.023462738;0.063032828;506;0.34
relu;(50, 50, 50);0.1;0.03;none;0.0001;64;0.9;0.99;1.00E-06;0.023463672;0.062995525;504;0.75
relu;(50, 50, 50);0;0.01;l2;0.01;16;0.99;0.99;1.00E-08;0.023464669;0.062955728;506;0.31
relu;(100, 50, 25);0.1;0.01;l1;1.00E-05;16;0.8;0.99;1.00E-08;0.023465022;0.062941612;506;0.79
relu;(100, 50, 25);0.1;0.001;l2;0.01;16;0.9;0.9;1.00E-08;0.023465216;0.062933887;506;0.87
relu;(100, 100, 100, 50);0;0.03;l2;0.0001;32;0.9;0.999;1.00E-08;0.023465722;0.062913679;506;1.14
relu;(100, 50, 25);0.3;0.01;l2;1.00E-05;32;0.8;0.999;1.00E-08;0.023466164;0.062896011;506;0.37
relu;(100, 50, 25);0.3;0.001;l2;0.0001;16;0.9;0.9;1.00E-08;0.023466408;0.062886291;506;0.46
relu;(100, 50, 25);0.1;0.001;l1;1.00E-05;64;0.9;0.999;1.00E-06;0.023466593;0.062878892;504;1.11
relu;(50, 50, 50);0.3;0.001;l2;0.01;64;0.9;0.99;1.00E-06;0.023466798;0.0628707;504;0.86
relu;(50, 50, 50);0;0.03;l2;1.00E-05;64;0.99;0.9;1.00E-08;0.0234676;0.062838673;504;1.3
relu;(50, 50, 50);0.1;0.001;none;1.00E-05;64;0.99;0.999;1.00E-08;0.023468126;0.062817683;504;0.51
relu;(100, 50, 25);0;0.03;l2;0.01;64;0.8;0.99;1.00E-06;0.023471569;0.06268017;504;0.4
relu;(50, 50, 50);0.1;0.01;none;0.01;16;0.9;0.9;1.00E-08;0.023472672;0.062636137;506;0.72
relu;(50, 50, 50);0.3;0.01;none;0.01;16;0.8;0.99;1.00E-08;0.023472856;0.062628789;506;0.72
relu;(50, 50, 50);0.1;0.01;l2;0.01;32;0.9;0.99;1.00E-06;0.023473152;0.062616956;506;0.48
relu;(50, 50, 50);0.1;0.01;l2;1.00E-05;32;0.9;0.999;1.00E-08;0.023473224;0.062614093;506;0.55
relu;(50, 50, 50);0;0.01;l2;0.01;32;0.9;0.9;1.00E-06;0.023473485;0.062603656;506;0.41
relu;(100, 100, 100, 50);0;0.01;none;0.0001;16;0.99;0.99;1.00E-06;0.023473819;0.062590334;506;1.11
relu;(100, 50, 25);0.1;0.01;l2;1.00E-05;16;0.8;0.999;1.00E-06;0.023474408;0.062566816;506;0.71
relu;(50, 50, 50);0;0.03;none;0.0001;64;0.8;0.9;1.00E-06;0.023474595;0.062559332;504;0.39
relu;(100, 50, 25);0;0.01;none;0.0001;32;0.9;0.99;1.00E-08;0.023476418;0.062486541;506;0.68
relu;(100, 50, 25);0.1;0.01;none;0.0001;16;0.9;0.9;1.00E-06;0.023477214;0.062454737;506;0.94
relu;(100, 100, 100, 50);0;0.03;l2;0.01;32;0.99;0.9;1.00E-08;0.023477784;0.062431971;506;1.25
relu;(50, 50, 50);0.3;0.01;l2;0.0001;16;0.8;0.99;1.00E-08;0.023478693;0.062395676;506;0.71
relu;(100, 50, 25);0;0.03;l2;0.01;64;0.8;0.999;1.00E-08;0.023479219;0.062374693;504;0.43
relu;(100, 50, 25);0.1;0.03;none;1.00E-05;32;0.9;0.9;1.00E-06;0.023480723;0.062314619;506;1.09
relu;(100, 50, 25);0.1;0.03;l1;0.0001;32;0.99;0.999;1.00E-06;0.02348166;0.062277216;506;1.11
relu;(50, 50, 50);0;0.03;l2;1.00E-05;64;0.9;0.99;1.00E-08;0.023482215;0.062255025;504;1.24
relu;(100, 100, 100, 50);0.1;0.001;l2;0.01;16;0.8;0.9;1.00E-06;0.023482235;0.062254221;506;1.57
relu;(100, 50, 25);0;0.03;l2;0.01;32;0.99;0.999;1.00E-06;0.023482675;0.06223668;506;0.38
relu;(50, 50, 50);0.1;0.001;l1;0.0001;32;0.99;0.999;1.00E-06;0.023483502;0.062203645;506;0.42
relu;(50, 50, 50);0.1;0.001;l2;0.0001;32;0.99;0.999;1.00E-08;0.023483618;0.062199016;506;0.38
relu;(100, 50, 25);0.1;0.03;none;0.01;32;0.8;0.9;1.00E-08;0.023484811;0.062151385;506;0.74
relu;(100, 50, 25);0.1;0.01;l2;0.01;32;0.8;0.999;1.00E-06;0.023485506;0.062123607;506;0.88
relu;(100, 50, 25);0.1;0.001;l1;1.00E-05;32;0.99;0.999;1.00E-06;0.023485694;0.062116116;506;1
relu;(100, 100, 100, 50);0.1;0.001;l2;0.01;16;0.99;0.99;1.00E-06;0.023486193;0.062096181;506;1.58
relu;(100, 100, 100, 50);0.1;0.001;l2;0.01;32;0.9;0.999;1.00E-08;0.023487949;0.062026067;506;1.7
relu;(100, 50, 25);0;0.03;l2;0.01;16;0.9;0.999;1.00E-06;0.02348803;0.062022829;506;0.28
relu;(100, 50, 25);0.3;0.01;l1;0.0001;16;0.9;0.9;1.00E-08;0.02348815;0.062018021;506;0.4
relu;(100, 100, 100, 50);0.1;0.03;none;0.0001;32;0.9;0.9;1.00E-06;0.023488478;0.062004916;506;1.54
relu;(100, 50, 25);0;0.01;l2;1.00E-05;32;0.8;0.99;1.00E-06;0.023488944;0.061986319;506;0.3
relu;(100, 100, 100, 50);0.1;0.001;none;0.0001;16;0.9;0.999;1.00E-06;0.023489772;0.061953253;506;1.14
relu;(50, 50, 50);0.1;0.01;l2;1.00E-05;16;0.8;0.999;1.00E-06;0.023490026;0.06194309;506;0.43
relu;(50, 50, 50);0;0.001;none;0.0001;16;0.99;0.999;1.00E-06;0.023490411;0.061927736;506;0.35
relu;(50, 50, 50);0;0.001;none;0.01;16;0.99;0.999;1.00E-08;0.02349082;0.061911381;506;0.92
relu;(100, 50, 25);0;0.03;l1;1.00E-05;64;0.99;0.99;1.00E-08;0.023491957;0.061866009;504;0.41
relu;(100, 50, 25);0.1;0.01;l2;0.01;64;0.8;0.999;1.00E-06;0.023492021;0.061863443;504;1.14
relu;(100, 100, 100, 50);0;0.03;l2;0.01;16;0.99;0.9;1.00E-08;0.023492026;0.061863258;506;1.15
relu;(100, 100, 100, 50);0;0.001;none;0.01;32;0.99;0.999;1.00E-06;0.023492615;0.061839719;506;1.25
relu;(50, 50, 50);0.3;0.01;l1;1.00E-05;64;0.9;0.999;1.00E-06;0.023492627;0.061839235;504;0.86
relu;(100, 100, 100, 50);0;0.03;l2;0.0001;16;0.9;0.99;1.00E-08;0.023492653;0.061838206;506;0.93
relu;(100, 50, 25);0.1;0.001;l1;1.00E-05;16;0.99;0.9;1.00E-08;0.023493363;0.061809838;506;0.83
relu;(50, 50, 50);0;0.03;l2;0.0001;64;0.9;0.999;1.00E-06;0.023493934;0.061787031;504;1.13
relu;(100, 100, 100, 50);0;0.03;l2;1.00E-05;32;0.9;0.99;1.00E-06;0.023495411;0.061728063;506;1.16
relu;(50, 50, 50);0.1;0.001;l2;1.00E-05;64;0.8;0.999;1.00E-06;0.023496482;0.061685291;504;0.46
relu;(100, 50, 25);0;0.01;l2;0.01;32;0.99;0.999;1.00E-08;0.023496551;0.061682528;506;0.3
relu;(100, 50, 25);0;0.001;l1;0.0001;16;0.9;0.9;1.00E-08;0.023496579;0.06168142;506;0.67
relu;(100, 50, 25);0.3;0.01;l1;0.0001;32;0.8;0.999;1.00E-06;0.023496955;0.0616664;506;0.46
relu;(50, 50, 50);0;0.03;l2;0.0001;64;0.9;0.999;1.00E-08;0.023497416;0.061647979;504;1.24
relu;(50, 50, 50);0.1;0.001;none;1.00E-05;32;0.9;0.9;1.00E-06;0.023498068;0.061621947;506;0.4
relu;(100, 100, 100, 50);0;0.03;l1;0.0001;64;0.8;0.999;1.00E-08;0.023499826;0.061551744;504;1.53
relu;(50, 50, 50);0;0.01;l2;0.01;64;0.9;0.99;1.00E-06;0.023501746;0.06147508;504;0.37
relu;(100, 50, 25);0;0.03;l1;1.00E-05;64;0.99;0.99;1.00E-06;0.023502255;0.061454769;504;0.41
relu;(50, 50, 50);0.1;0.03;l2;1.00E-05;16;0.8;0.99;1.00E-08;0.023502259;0.061454591;506;0.71
relu;(100, 50, 25);0.1;0.01;l1;1.00E-05;16;0.99;0.999;1.00E-08;0.02350235;0.061450968;506;0.81
relu;(100, 50, 25);0.1;0.01;none;1.00E-05;64;0.99;0.999;1.00E-06;0.023502736;0.061435525;504;1.17
relu;(100, 100, 100, 50);0.1;0.001;none;1.00E-05;32;0.99;0.999;1.00E-06;0.023502904;0.06142882;506;1.63
relu;(50, 50, 50);0.1;0.001;none;0.0001;32;0.8;0.99;1.00E-08;0.023503062;0.061422532;506;0.42
relu;(50, 50, 50);0;0.001;l2;0.01;32;0.9;0.9;1.00E-06;0.023503673;0.061398143;506;0.37
relu;(100, 100, 100, 50);0.1;0.001;l1;1.00E-05;64;0.8;0.999;1.00E-06;0.023503706;0.061396814;504;1.68
relu;(100, 50, 25);0.1;0.01;none;1.00E-05;16;0.99;0.99;1.00E-08;0.023503885;0.061389649;506;0.97
relu;(100, 100, 100, 50);0;0.03;none;0.01;16;0.9;0.999;1.00E-08;0.023503944;0.061387289;506;1.18
relu;(50, 50, 50);0.1;0.03;none;0.01;16;0.9;0.999;1.00E-06;0.023504289;0.061373537;506;0.53
relu;(100, 50, 25);0;0.001;l2;0.01;16;0.8;0.999;1.00E-06;0.023505284;0.061333797;506;0.62
relu;(50, 50, 50);0;0.001;l1;0.01;16;0.99;0.999;1.00E-06;0.023505289;0.061333572;506;1.03
relu;(100, 100, 100, 50);0;0.01;l2;0.01;32;0.8;0.9;1.00E-06;0.023506683;0.061277926;506;1.27
relu;(50, 50, 50);0.1;0.001;l2;0.0001;64;0.99;0.99;1.00E-06;0.023507956;0.061227087;504;0.51
relu;(100, 100, 100, 50);0;0.01;l2;0.01;32;0.99;0.9;1.00E-06;0.023508524;0.061204389;506;1.17
relu;(100, 100, 100, 50);0.3;0.01;none;0.0001;32;0.9;0.999;1.00E-08;0.023509166;0.061178785;506;0.93
relu;(100, 100, 100, 50);0;0.03;none;1.00E-05;32;0.9;0.999;1.00E-08;0.023509222;0.061176544;506;1.1
relu;(100, 50, 25);0.3;0.001;l2;0.01;64;0.8;0.99;1.00E-06;0.02350941;0.061169003;504;0.47
relu;(100, 100, 100, 50);0.1;0.03;none;1.00E-05;16;0.8;0.999;1.00E-08;0.02350979;0.061153858;506;1.54
relu;(100, 100, 100, 50);0;0.001;l2;0.0001;16;0.99;0.999;1.00E-06;0.023510034;0.061144084;506;1.11
relu;(50, 50, 50);0;0.01;none;1.00E-05;64;0.8;0.9;1.00E-08;0.023510733;0.0611162;504;0.37
relu;(100, 100, 100, 50);0;0.03;l1;0.0001;16;0.9;0.999;1.00E-06;0.023511083;0.061102216;506;1.05
relu;(100, 50, 25);0;0.01;none;0.0001;16;0.99;0.99;1.00E-08;0.023511264;0.061094977;506;0.55
relu;(100, 100, 100, 50);0.1;0.01;none;0.0001;16;0.99;0.999;1.00E-08;0.023511649;0.061079604;506;1.47
relu;(100, 100, 100, 50);0.1;0.01;l2;1.00E-05;16;0.9;0.9;1.00E-08;0.023512274;0.061054637;506;1.31
relu;(50, 50, 50);0.1;0.01;l1;1.00E-05;32;0.9;0.99;1.00E-06;0.023512328;0.061052501;506;0.68
relu;(100, 100, 100, 50);0;0.03;none;1.00E-05;16;0.99;0.99;1.00E-06;0.023513079;0.0610225;506;0.9
relu;(100, 100, 100, 50);0;0.01;none;1.00E-05;32;0.8;0.99;1.00E-08;0.02351371;0.060997308;506;1.26
relu;(50, 50, 50);0;0.01;l2;0.01;16;0.9;0.99;1.00E-06;0.023513937;0.060988232;506;0.36
relu;(50, 50, 50);0.1;0.01;none;0.01;16;0.99;0.999;1.00E-08;0.023513957;0.060987456;506;0.61
relu;(100, 100, 100, 50);0.1;0.001;l1;1.00E-05;64;0.8;0.9;1.00E-06;0.023514299;0.060973768;504;2.03
relu;(100, 100, 100, 50);0.1;0.001;none;1.00E-05;64;0.8;0.9;1.00E-08;0.02351442;0.060968961;504;1.97
relu;(100, 50, 25);0.1;0.001;l2;1.00E-05;64;0.99;0.999;1.00E-06;0.023514523;0.060964858;504;0.95
relu;(100, 50, 25);0;0.01;none;0.01;32;0.99;0.9;1.00E-06;0.023516231;0.060896618;506;0.7
relu;(100, 50, 25);0.1;0.03;l2;0.01;32;0.99;0.99;1.00E-06;0.023516241;0.060896238;506;0.44
relu;(100, 50, 25);0.3;0.01;l1;0.0001;64;0.9;0.99;1.00E-06;0.023517682;0.0608387;504;0.53
relu;(100, 100, 100, 50);0.1;0.01;l1;0.0001;32;0.8;0.99;1.00E-06;0.023517929;0.06082882;506;2.96
relu;(50, 50, 50);0;0.03;none;1.00E-05;64;0.8;0.9;1.00E-06;0.023517941;0.060828361;504;0.4
relu;(50, 50, 50);0.1;0.01;l2;0.0001;16;0.8;0.9;1.00E-06;0.023518711;0.060797581;506;0.73
relu;(100, 50, 25);0;0.03;l2;1.00E-05;32;0.99;0.999;1.00E-06;0.023519055;0.060783853;506;0.28
relu;(100, 50, 25);0.1;0.001;l2;0.01;32;0.9;0.9;1.00E-06;0.023519175;0.06077907;506;0.93
relu;(100, 100, 100, 50);0.3;0.001;l2;0.01;64;0.9;0.99;1.00E-06;0.023519316;0.060773418;504;1.24
relu;(100, 100, 100, 50);0.1;0.01;l2;0.01;32;0.9;0.99;1.00E-08;0.023520644;0.060720415;506;1.54
relu;(100, 50, 25);0.1;0.03;none;0.0001;32;0.99;0.999;1.00E-06;0.023521853;0.060672131;506;0.88
relu;(100, 100, 100, 50);0;0.03;none;0.0001;64;0.8;0.999;1.00E-08;0.023521974;0.060667282;504;1.45
relu;(50, 50, 50);0;0.01;none;0.01;16;0.99;0.9;1.00E-08;0.023522218;0.060657534;506;0.34
relu;(100, 50, 25);0.1;0.001;none;0.0001;32;0.9;0.99;1.00E-06;0.023522309;0.060653903;506;0.37
relu;(100, 100, 100, 50);0.1;0.03;none;0.01;32;0.8;0.999;1.00E-08;0.023525488;0.060526974;506;1.48
relu;(100, 50, 25);0.1;0.001;l2;0.01;32;0.8;0.999;1.00E-06;0.0235255;0.060526485;506;0.93
relu;(50, 50, 50);0.3;0.01;l2;1.00E-05;32;0.99;0.99;1.00E-08;0.023526155;0.060500336;506;0.82
relu;(100, 100, 100, 50);0;0.03;none;0.01;32;0.99;0.999;1.00E-08;0.023526487;0.060487053;506;1.28
relu;(100, 50, 25);0.1;0.001;l2;0.01;32;0.99;0.99;1.00E-08;0.023526867;0.060471874;506;0.84
relu;(100, 50, 25);0;0.001;l2;0.01;32;0.99;0.9;1.00E-08;0.02352697;0.06046776;506;0.77
relu;(100, 100, 100, 50);0;0.001;l2;0.01;16;0.99;0.999;1.00E-06;0.023527949;0.060428678;506;0.96
relu;(50, 50, 50);0.1;0.001;l2;0.0001;16;0.9;0.99;1.00E-08;0.023528537;0.060405195;506;0.42
relu;(50, 50, 50);0.1;0.001;none;0.01;64;0.9;0.999;1.00E-08;0.023528909;0.060390348;504;0.55
relu;(100, 100, 100, 50);0;0.03;l2;0.01;16;0.8;0.99;1.00E-08;0.023528918;0.060389967;506;1.08
relu;(100, 50, 25);0;0.01;l2;0.0001;16;0.9;0.999;1.00E-06;0.023532941;0.060229327;506;0.3
relu;(100, 50, 25);0.1;0.001;l2;0.01;32;0.99;0.999;1.00E-06;0.023532994;0.060227207;506;1
relu;(100, 50, 25);0;0.01;l2;0.0001;32;0.99;0.9;1.00E-06;0.023533163;0.060220455;506;0.31
relu;(50, 50, 50);0.1;0.01;l1;0.0001;16;0.99;0.999;1.00E-06;0.023533773;0.06019612;506;0.62
relu;(100, 100, 100, 50);0;0.01;l2;1.00E-05;16;0.9;0.999;1.00E-06;0.023534108;0.060182725;506;0.95
relu;(100, 100, 100, 50);0;0.01;none;0.01;16;0.99;0.99;1.00E-08;0.023534673;0.060160176;506;0.91
relu;(100, 50, 25);0;0.001;l1;1.00E-05;16;0.99;0.9;1.00E-08;0.02353483;0.060153908;506;0.66
relu;(100, 100, 100, 50);0.1;0.01;l1;0.0001;32;0.9;0.9;1.00E-06;0.023535199;0.060139139;506;2.2
relu;(100, 50, 25);0.1;0.03;none;1.00E-05;64;0.8;0.999;1.00E-08;0.02353573;0.060117936;504;1.2
relu;(100, 100, 100, 50);0.1;0.01;none;1.00E-05;32;0.99;0.99;1.00E-08;0.023537649;0.060041328;506;1.4
relu;(100, 50, 25);0;0.01;none;1.00E-05;16;0.9;0.99;1.00E-08;0.02353789;0.060031692;506;0.61
relu;(100, 100, 100, 50);0.1;0.03;none;0.01;32;0.9;0.99;1.00E-06;0.023538025;0.060026298;506;1.53
relu;(50, 50, 50);0.3;0.001;l1;0.0001;32;0.8;0.99;1.00E-06;0.023538358;0.060013011;506;0.66
relu;(100, 50, 25);0;0.03;l2;0.01;32;0.9;0.99;1.00E-08;0.023538785;0.059995959;506;0.33
relu;(100, 50, 25);0;0.03;l2;1.00E-05;16;0.99;0.99;1.00E-06;0.023538994;0.059987598;506;0.29
relu;(100, 50, 25);0;0.03;none;0.0001;32;0.99;0.999;1.00E-06;0.023541487;0.059888033;506;0.34
relu;(50, 50, 50);0.1;0.03;none;1.00E-05;32;0.8;0.9;1.00E-08;0.023541543;0.059885819;506;0.67
relu;(100, 50, 25);0;0.03;l1;0.0001;16;0.99;0.999;1.00E-06;0.023542637;0.059842133;506;0.33
relu;(100, 50, 25);0.3;0.001;l1;1.00E-05;16;0.8;0.999;1.00E-06;0.023542899;0.059831667;506;0.39
relu;(50, 50, 50);0.1;0.03;none;1.00E-05;64;0.8;0.9;1.00E-06;0.023543068;0.059824932;504;0.83
relu;(50, 50, 50);0.1;0.01;l2;0.01;32;0.8;0.999;1.00E-06;0.023543425;0.059810643;506;0.73
relu;(100, 50, 25);0;0.001;l1;1.00E-05;32;0.99;0.999;1.00E-08;0.023543976;0.059788638;506;0.75
relu;(100, 50, 25);0.1;0.001;l2;0.01;64;0.99;0.9;1.00E-08;0.023544343;0.05977399;504;1.22
relu;(50, 50, 50);0.1;0.01;l2;0.0001;16;0.99;0.999;1.00E-06;0.023544552;0.059765653;506;0.61
relu;(50, 50, 50);0.1;0.03;l1;1.00E-05;64;0.8;0.999;1.00E-08;0.02354478;0.059756548;504;0.9
relu;(100, 100, 100, 50);0;0.03;l2;0.0001;64;0.8;0.99;1.00E-06;0.023544814;0.059755203;504;1.25
relu;(100, 50, 25);0.1;0.03;l1;1.00E-05;32;0.9;0.9;1.00E-08;0.023544894;0.059752014;506;0.89
relu;(100, 100, 100, 50);0;0.001;none;1.00E-05;32;0.99;0.999;1.00E-06;0.023545154;0.059741595;506;1.3
relu;(100, 50, 25);0.1;0.001;l1;1.00E-05;16;0.9;0.99;1.00E-08;0.023546029;0.059706652;506;1.22
relu;(50, 50, 50);0.1;0.01;none;0.01;64;0.99;0.99;1.00E-06;0.023546282;0.059696551;504;0.75
relu;(50, 50, 50);0.1;0.001;l1;1.00E-05;32;0.99;0.999;1.00E-06;0.023546451;0.059689828;506;0.48
relu;(100, 100, 100, 50);0.1;0.01;l1;1.00E-05;32;0.8;0.99;1.00E-06;0.023547342;0.059654254;506;1.49
relu;(100, 100, 100, 50);0.1;0.01;none;0.01;64;0.99;0.999;1.00E-06;0.023549024;0.059587067;504;1.7
relu;(100, 50, 25);0;0.03;none;1.00E-05;16;0.9;0.999;1.00E-08;0.023549453;0.059569938;506;0.27
relu;(100, 100, 100, 50);0.1;0.03;none;0.0001;16;0.8;0.99;1.00E-08;0.023549806;0.059555841;506;1.3
relu;(100, 50, 25);0;0.001;none;0.01;16;0.99;0.99;1.00E-06;0.023550072;0.059545203;506;1.35
relu;(100, 50, 25);0;0.03;l1;0.01;64;0.99;0.999;1.00E-08;0.023550112;0.059543611;504;0.59
relu;(100, 50, 25);0.1;0.001;none;1.00E-05;32;0.8;0.99;1.00E-08;0.023550986;0.059508699;506;0.38
relu;(100, 100, 100, 50);0.3;0.01;l1;0.0001;32;0.9;0.999;1.00E-08;0.023551361;0.059493741;506;0.98
relu;(50, 50, 50);0.1;0.01;l1;1.00E-05;64;0.99;0.999;1.00E-06;0.023551904;0.059472067;504;0.87
relu;(100, 50, 25);0;0.001;none;0.01;32;0.99;0.999;1.00E-08;0.023552498;0.059448343;506;0.69
relu;(100, 50, 25);0.1;0.01;none;1.00E-05;16;0.9;0.9;1.00E-08;0.023552743;0.059438549;506;0.95
relu;(50, 50, 50);0;0.01;none;0.01;32;0.99;0.999;1.00E-06;0.023553385;0.059412932;506;0.34
relu;(100, 50, 25);0.1;0.03;l1;0.0001;64;0.9;0.999;1.00E-06;0.023553474;0.059409358;504;1.29
relu;(50, 50, 50);0;0.001;none;0.0001;32;0.99;0.9;1.00E-06;0.02355368;0.059401114;506;0.36
relu;(100, 100, 100, 50);0;0.001;l1;0.0001;64;0.99;0.9;1.00E-08;0.023554747;0.059358513;504;1.49
relu;(100, 100, 100, 50);0;0.03;none;0.0001;64;0.8;0.999;1.00E-06;0.023555024;0.059347444;504;1.44
relu;(100, 100, 100, 50);0.1;0.01;l2;0.0001;32;0.9;0.9;1.00E-08;0.023555168;0.059341706;506;1.48
relu;(50, 50, 50);0;0.01;l2;0.0001;16;0.8;0.9;1.00E-08;0.02355613;0.059303309;506;0.31
relu;(100, 50, 25);0.3;0.001;none;0.01;64;0.9;0.9;1.00E-08;0.023556374;0.059293555;504;0.61
relu;(100, 50, 25);0.1;0.01;l2;1.00E-05;16;0.99;0.99;1.00E-06;0.023556992;0.059268866;506;0.82
relu;(100, 100, 100, 50);0.3;0.01;l1;0.0001;64;0.8;0.999;1.00E-08;0.023558549;0.059206708;504;1.24
relu;(100, 100, 100, 50);0;0.001;l1;1.00E-05;16;0.8;0.99;1.00E-06;0.023559341;0.059175081;506;1.42
relu;(100, 100, 100, 50);0.1;0.01;none;0.01;32;0.99;0.999;1.00E-06;0.023561793;0.059077141;506;1.61
relu;(100, 100, 100, 50);0;0.03;l2;0.0001;64;0.99;0.9;1.00E-06;0.02356183;0.059075664;504;1.47
relu;(100, 50, 25);0;0.03;l2;0.01;16;0.99;0.999;1.00E-08;0.023562455;0.059050701;506;0.29
relu;(100, 50, 25);0;0.001;l2;1.00E-05;32;0.8;0.99;1.00E-06;0.023562753;0.059038795;506;0.75
relu;(100, 50, 25);0.1;0.001;l2;0.0001;64;0.8;0.999;1.00E-06;0.023562946;0.059031085;504;1.05
relu;(50, 50, 50);0;0.01;l2;0.0001;64;0.99;0.99;1.00E-08;0.023562977;0.059029849;504;0.38
relu;(50, 50, 50);0.1;0.03;none;1.00E-05;32;0.9;0.99;1.00E-08;0.023564198;0.058981118;506;0.6
relu;(100, 50, 25);0.3;0.01;l1;1.00E-05;16;0.9;0.9;1.00E-06;0.023564926;0.05895204;506;0.52
relu;(50, 50, 50);0.1;0.01;none;1.00E-05;16;0.9;0.99;1.00E-06;0.023565009;0.058948701;506;0.38
relu;(100, 50, 25);0.1;0.01;l2;0.0001;64;0.9;0.99;1.00E-08;0.023565619;0.05892435;504;1.07
relu;(50, 50, 50);0;0.01;l2;1.00E-05;64;0.99;0.99;1.00E-08;0.023566701;0.058881152;504;0.42
relu;(50, 50, 50);0;0.001;l1;0.01;32;0.99;0.99;1.00E-06;0.023567922;0.058832382;506;0.39
relu;(100, 100, 100, 50);0;0.001;none;0.01;32;0.8;0.9;1.00E-06;0.02356836;0.058814908;506;1.2
relu;(50, 50, 50);0.1;0.01;l2;0.0001;32;0.8;0.9;1.00E-06;0.02356942;0.058772563;506;0.6
relu;(100, 100, 100, 50);0.1;0.001;none;0.0001;16;0.99;0.99;1.00E-06;0.02356999;0.058749797;506;1.15
relu;(50, 50, 50);0;0.001;none;0.0001;32;0.99;0.99;1.00E-06;0.023570411;0.058732987;506;0.34
relu;(50, 50, 50);0;0.01;none;0.01;64;0.99;0.9;1.00E-06;0.023570752;0.058719356;504;0.41
relu;(100, 50, 25);0.1;0.03;none;0.01;32;0.9;0.999;1.00E-08;0.023571275;0.0586985;506;0.76
relu;(50, 50, 50);0.1;0.001;l2;0.01;64;0.9;0.999;1.00E-06;0.023571301;0.058697465;504;0.48
relu;(100, 100, 100, 50);0.1;0.001;l2;0.01;64;0.8;0.999;1.00E-08;0.023573141;0.058623978;504;1.87
relu;(50, 50, 50);0.1;0.03;none;1.00E-05;32;0.8;0.999;1.00E-08;0.023576005;0.058509602;506;0.6
relu;(100, 50, 25);0.1;0.03;none;0.0001;32;0.9;0.9;1.00E-06;0.023577071;0.058467037;506;0.99
relu;(100, 50, 25);0;0.03;none;0.01;32;0.9;0.9;1.00E-08;0.023577404;0.058453717;506;0.29
relu;(100, 50, 25);0.3;0.001;l2;0.0001;32;0.99;0.99;1.00E-08;0.023577671;0.058443057;506;0.45
relu;(100, 100, 100, 50);0;0.03;l2;0.0001;64;0.9;0.99;1.00E-06;0.023578137;0.058424476;504;1.36
relu;(100, 50, 25);0.3;0.01;l1;0.0001;64;0.9;0.9;1.00E-08;0.023578324;0.058416992;504;0.54
relu;(50, 50, 50);0;0.01;none;0.0001;32;0.9;0.9;1.00E-08;0.0235803;0.058338085;506;0.35
relu;(50, 50, 50);0;0.03;none;0.01;64;0.9;0.999;1.00E-06;0.023580948;0.058312198;504;0.41
relu;(100, 100, 100, 50);0.1;0.01;none;1.00E-05;64;0.99;0.9;1.00E-06;0.023580983;0.058310823;504;1.8
relu;(100, 50, 25);0.1;0.01;l1;0.0001;64;0.99;0.999;1.00E-08;0.023583526;0.05820927;504;1.34
relu;(100, 100, 100, 50);0;0.001;l2;0.01;64;0.8;0.9;1.00E-08;0.023584004;0.058190173;504;1.36
relu;(100, 50, 25);0.1;0.01;none;0.01;64;0.9;0.99;1.00E-08;0.023584158;0.058184003;504;0.93
relu;(50, 50, 50);0.1;0.01;none;0.01;32;0.8;0.999;1.00E-06;0.023584224;0.058181369;506;0.71
relu;(100, 50, 25);0;0.01;l2;0.0001;16;0.99;0.99;1.00E-08;0.023585025;0.058149405;506;0.28
relu;(100, 50, 25);0;0.03;l2;1.00E-05;32;0.8;0.99;1.00E-06;0.023585111;0.058145969;506;0.29
relu;(50, 50, 50);0.3;0.001;l1;1.00E-05;16;0.9;0.99;1.00E-06;0.023586111;0.058106026;506;0.77
relu;(50, 50, 50);0;0.001;l2;0.01;32;0.8;0.99;1.00E-06;0.023586886;0.058075061;506;0.37
relu;(100, 50, 25);0;0.03;l1;1.00E-05;32;0.99;0.999;1.00E-06;0.023587506;0.058050326;506;0.38
relu;(50, 50, 50);0.1;0.001;none;1.00E-05;32;0.8;0.99;1.00E-08;0.023587738;0.058041068;506;0.46
relu;(100, 50, 25);0.1;0.01;none;1.00E-05;32;0.99;0.999;1.00E-06;0.023588117;0.058025932;506;1.03
relu;(100, 100, 100, 50);0.3;0.01;l1;0.0001;32;0.8;0.99;1.00E-08;0.023589999;0.05795076;506;0.81
relu;(100, 100, 100, 50);0.1;0.03;l1;0.0001;16;0.8;0.99;1.00E-08;0.02359015;0.057944723;506;1.59
relu;(100, 100, 100, 50);0;0.01;l2;1.00E-05;32;0.9;0.99;1.00E-06;0.023590321;0.057937915;506;1.13
relu;(50, 50, 50);0;0.01;l1;0.0001;32;0.8;0.9;1.00E-06;0.023590445;0.057932946;506;0.47
relu;(100, 100, 100, 50);0.1;0.03;none;1.00E-05;64;0.8;0.9;1.00E-08;0.023591269;0.057900043;504;1.73
relu;(50, 50, 50);0.1;0.03;l2;0.01;32;0.8;0.999;1.00E-06;0.023592727;0.057841819;506;0.59
relu;(100, 50, 25);0.1;0.001;l2;0.01;64;0.9;0.999;1.00E-08;0.023593858;0.057796673;504;1.23
relu;(100, 100, 100, 50);0;0.001;l2;0.01;16;0.8;0.99;1.00E-08;0.023594479;0.057771872;506;0.98
relu;(100, 100, 100, 50);0.1;0.01;none;1.00E-05;64;0.9;0.99;1.00E-06;0.023594731;0.057761782;504;1.81
relu;(50, 50, 50);0;0.03;l2;0.01;16;0.9;0.9;1.00E-06;0.023595254;0.057740921;506;1.22
relu;(50, 50, 50);0.1;0.001;l2;1.00E-05;16;0.99;0.99;1.00E-06;0.023595589;0.057727541;506;0.47
relu;(50, 50, 50);0.1;0.01;none;0.01;16;0.99;0.99;1.00E-08;0.023596449;0.057693184;506;0.7
relu;(50, 50, 50);0.1;0.001;l2;1.00E-05;32;0.99;0.9;1.00E-08;0.023597553;0.057649086;506;0.49
relu;(100, 50, 25);0.1;0.01;none;0.0001;16;0.8;0.999;1.00E-08;0.023598852;0.057597218;506;0.98
relu;(100, 50, 25);0.1;0.03;none;0.01;32;0.9;0.999;1.00E-06;0.023599204;0.057583173;506;0.8
relu;(50, 50, 50);0;0.01;l2;1.00E-05;32;0.99;0.999;1.00E-08;0.023599313;0.05757882;506;0.43
relu;(100, 100, 100, 50);0;0.001;l2;1.00E-05;16;0.9;0.99;1.00E-06;0.023601403;0.057495359;506;1.17
relu;(100, 50, 25);0.1;0.001;l2;1.00E-05;64;0.99;0.99;1.00E-08;0.023602021;0.057470683;504;1.64
relu;(100, 100, 100, 50);0;0.03;l1;0.0001;16;0.8;0.999;1.00E-08;0.023602702;0.057443482;506;1.15
relu;(50, 50, 50);0;0.01;l2;0.0001;32;0.8;0.999;1.00E-08;0.023603068;0.057428852;506;0.39
relu;(100, 50, 25);0;0.03;l2;0.01;64;0.8;0.9;1.00E-06;0.023603117;0.057426906;504;0.43
relu;(50, 50, 50);0;0.01;l2;1.00E-05;64;0.99;0.999;1.00E-08;0.02360679;0.057280221;504;0.4
relu;(100, 50, 25);0.3;0.001;none;1.00E-05;16;0.99;0.999;1.00E-08;0.023606943;0.057274114;506;0.35
relu;(50, 50, 50);0.1;0.01;l2;1.00E-05;64;0.99;0.99;1.00E-06;0.023607271;0.057261031;504;0.98
relu;(100, 50, 25);0.1;0.03;none;0.01;16;0.8;0.9;1.00E-06;0.023607563;0.057249355;506;0.66
relu;(100, 100, 100, 50);0.1;0.03;l2;0.0001;64;0.9;0.999;1.00E-08;0.023607673;0.057244968;504;1.39
relu;(50, 50, 50);0;0.01;l2;1.00E-05;64;0.9;0.9;1.00E-06;0.02360775;0.057241891;504;0.41
relu;(100, 50, 25);0;0.03;none;1.00E-05;32;0.99;0.999;1.00E-06;0.023608302;0.057219831;506;0.29
relu;(50, 50, 50);0;0.001;none;1.00E-05;16;0.99;0.99;1.00E-08;0.023608558;0.057209605;506;0.35
relu;(100, 50, 25);0;0.01;none;0.01;32;0.99;0.9;1.00E-08;0.023608569;0.057209167;506;0.66
relu;(100, 100, 100, 50);0.1;0.01;l2;0.0001;16;0.8;0.999;1.00E-08;0.023609223;0.057183078;506;1.32
relu;(50, 50, 50);0.1;0.03;l2;0.01;32;0.9;0.9;1.00E-08;0.023609684;0.057164647;506;0.84
relu;(100, 50, 25);0;0.03;l2;0.01;64;0.9;0.99;1.00E-08;0.023610078;0.057148933;504;0.37
relu;(100, 50, 25);0;0.01;l2;1.00E-05;16;0.99;0.9;1.00E-08;0.023610877;0.057117003;506;0.35
relu;(50, 50, 50);0.1;0.03;none;1.00E-05;16;0.9;0.9;1.00E-08;0.023611804;0.057079991;506;0.55
relu;(50, 50, 50);0.1;0.03;none;0.0001;32;0.8;0.999;1.00E-08;0.023612069;0.057069395;506;0.78
relu;(50, 50, 50);0.1;0.001;l2;0.01;64;0.9;0.99;1.00E-08;0.02361266;0.057045797;504;0.49
relu;(50, 50, 50);0.3;0.001;l1;0.01;16;0.9;0.99;1.00E-06;0.023613676;0.057005233;506;0.72
relu;(100, 50, 25);0.3;0.03;l2;0.01;64;0.99;0.9;1.00E-06;0.023614635;0.056966947;504;1.16
relu;(100, 50, 25);0;0.03;l1;1.00E-05;64;0.9;0.9;1.00E-06;0.023614686;0.05696492;504;0.48
relu;(100, 50, 25);0;0.03;none;0.01;64;0.99;0.9;1.00E-06;0.023614798;0.056960445;504;0.37
relu;(100, 100, 100, 50);0.1;0.001;none;0.0001;16;0.99;0.9;1.00E-06;0.023615118;0.056947635;506;1.25
relu;(100, 100, 100, 50);0;0.01;l2;0.0001;16;0.8;0.9;1.00E-08;0.023615582;0.056929124;506;1.12
relu;(100, 50, 25);0.1;0.01;l1;1.00E-05;32;0.8;0.999;1.00E-08;0.023616257;0.056902172;506;0.94
relu;(50, 50, 50);0;0.03;l1;1.00E-05;64;0.99;0.999;1.00E-08;0.023616445;0.056894656;504;0.43
relu;(100, 100, 100, 50);0.1;0.01;l2;1.00E-05;32;0.99;0.99;1.00E-06;0.02361828;0.056821392;506;1.47
relu;(100, 50, 25);0.1;0.01;l2;0.0001;64;0.9;0.999;1.00E-08;0.023619098;0.056788733;504;0.91
relu;(100, 50, 25);0.1;0.03;l2;1.00E-05;32;0.9;0.99;1.00E-06;0.023619126;0.05678761;506;0.86
relu;(50, 50, 50);0.1;0.03;l2;1.00E-05;64;0.9;0.9;1.00E-06;0.023619267;0.056781948;504;0.79
relu;(50, 50, 50);0;0.01;none;0.0001;16;0.99;0.9;1.00E-08;0.023619524;0.056771707;506;0.31
relu;(100, 50, 25);0.1;0.001;l2;0.0001;16;0.8;0.999;1.00E-08;0.023619561;0.056770223;506;0.83
relu;(100, 100, 100, 50);0.1;0.03;none;1.00E-05;16;0.8;0.9;1.00E-06;0.023619758;0.05676237;506;1.55
relu;(100, 50, 25);0.1;0.001;l2;1.00E-05;32;0.99;0.99;1.00E-06;0.02362021;0.056744304;506;0.78
relu;(100, 50, 25);0;0.001;l1;0.0001;32;0.99;0.999;1.00E-08;0.023620283;0.056741376;506;0.75
relu;(100, 50, 25);0.1;0.001;none;0.0001;64;0.9;0.99;1.00E-08;0.023620458;0.056734391;504;0.46
relu;(100, 100, 100, 50);0.1;0.001;l2;1.00E-05;16;0.99;0.999;1.00E-06;0.023621276;0.056701738;506;1.27
relu;(100, 100, 100, 50);0.1;0.03;l1;1.00E-05;32;0.9;0.99;1.00E-06;0.023622353;0.056658741;506;1.9
relu;(100, 50, 25);0.1;0.03;l2;0.0001;64;0.8;0.999;1.00E-08;0.023623933;0.056595649;504;1.03
relu;(100, 100, 100, 50);0.1;0.001;l1;0.0001;32;0.99;0.999;1.00E-08;0.023625303;0.05654093;506;1.76
relu;(100, 100, 100, 50);0;0.03;none;0.0001;32;0.8;0.999;1.00E-06;0.023625708;0.05652476;506;1.32
relu;(100, 100, 100, 50);0;0.001;none;0.0001;64;0.99;0.99;1.00E-06;0.023626184;0.05650572;504;1.65
relu;(100, 50, 25);0.1;0.001;none;1.00E-05;64;0.8;0.999;1.00E-08;0.023626262;0.056502637;504;0.48
relu;(50, 50, 50);0.1;0.001;l2;1.00E-05;64;0.99;0.9;1.00E-08;0.023626422;0.056496252;504;0.49
relu;(100, 50, 25);0.3;0.01;l1;1.00E-05;32;0.8;0.9;1.00E-08;0.023626834;0.056479797;506;0.63
relu;(100, 100, 100, 50);0.1;0.03;none;1.00E-05;64;0.8;0.9;1.00E-06;0.023627066;0.056470527;504;1.72
relu;(100, 100, 100, 50);0;0.03;none;0.0001;64;0.8;0.99;1.00E-06;0.023627852;0.056439117;504;1.45
relu;(100, 100, 100, 50);0;0.01;l2;0.01;64;0.8;0.999;1.00E-06;0.023627947;0.05643535;504;1.47
relu;(100, 50, 25);0;0.001;l1;0.0001;64;0.8;0.9;1.00E-06;0.023628511;0.056412806;504;0.8
relu;(50, 50, 50);0;0.03;l2;0.01;64;0.8;0.99;1.00E-06;0.023628855;0.056399073;504;1.28
relu;(50, 50, 50);0.1;0.01;l2;0.01;16;0.9;0.99;1.00E-08;0.02362889;0.056397689;506;0.73
relu;(100, 50, 25);0.3;0.01;none;0.0001;32;0.9;0.99;1.00E-08;0.023631244;0.056303667;506;0.37
relu;(100, 50, 25);0;0.001;l1;1.00E-05;16;0.9;0.999;1.00E-08;0.023632214;0.056264952;506;0.81
relu;(100, 100, 100, 50);0.1;0.001;l2;0.01;32;0.99;0.999;1.00E-08;0.023632735;0.056244127;506;1.7
relu;(50, 50, 50);0;0.01;l1;1.00E-05;64;0.8;0.99;1.00E-06;0.023632985;0.056234155;504;0.43
relu;(100, 100, 100, 50);0.1;0.001;l2;0.01;32;0.9;0.9;1.00E-08;0.023634247;0.056183757;506;1.76
relu;(100, 50, 25);0;0.001;none;0.0001;32;0.8;0.999;1.00E-06;0.023635601;0.056129677;506;1.35
relu;(100, 50, 25);0;0.03;none;0.01;32;0.99;0.99;1.00E-06;0.023636255;0.056103547;506;0.31
relu;(50, 50, 50);0;0.03;none;0.0001;16;0.9;0.9;1.00E-06;0.023637069;0.056071043;506;0.34
relu;(50, 50, 50);0.1;0.01;l1;0.01;64;0.9;0.9;1.00E-06;0.023638216;0.056025265;504;0.89
relu;(50, 50, 50);0;0.01;l2;0.01;32;0.99;0.999;1.00E-06;0.023639256;0.055983712;506;0.36
relu;(50, 50, 50);0;0.03;none;0.0001;16;0.99;0.999;1.00E-06;0.023639541;0.055972327;506;0.31
relu;(100, 100, 100, 50);0;0.001;l2;1.00E-05;16;0.99;0.99;1.00E-08;0.023639754;0.055963849;506;1.2
relu;(50, 50, 50);0.3;0.001;l2;0.01;32;0.8;0.9;1.00E-08;0.023640352;0.055939961;506;0.72
relu;(50, 50, 50);0;0.01;none;1.00E-05;64;0.99;0.9;1.00E-08;0.023640522;0.055933159;504;0.46
relu;(100, 100, 100, 50);0;0.001;l1;0.01;64;0.99;0.9;1.00E-08;0.023641305;0.055901911;504;1.64
relu;(100, 50, 25);0.3;0.001;l1;0.0001;16;0.8;0.99;1.00E-06;0.023641444;0.055896328;506;0.4
relu;(100, 100, 100, 50);0.1;0.01;none;0.01;32;0.9;0.99;1.00E-08;0.02364195;0.055876124;506;1.6
relu;(50, 50, 50);0.3;0.01;l2;1.00E-05;16;0.9;0.999;1.00E-08;0.023643018;0.055833488;506;0.71
relu;(100, 100, 100, 50);0.1;0.01;none;0.01;16;0.99;0.9;1.00E-06;0.023644305;0.055782071;506;1.55
relu;(100, 50, 25);0.1;0.001;l2;0.01;32;0.8;0.99;1.00E-06;0.023644417;0.055777621;506;1.01
relu;(100, 100, 100, 50);0.1;0.03;none;0.0001;64;0.8;0.99;1.00E-08;0.023644581;0.055771072;504;1.83
relu;(100, 100, 100, 50);0;0.03;l2;0.01;64;0.99;0.9;1.00E-06;0.023645045;0.055752557;504;1.6
relu;(50, 50, 50);0;0.01;l2;0.01;16;0.8;0.999;1.00E-06;0.023645666;0.055727757;506;0.3
relu;(100, 50, 25);0.1;0.01;l2;0.01;32;0.9;0.99;1.00E-08;0.023646079;0.055711248;506;1.02
relu;(50, 50, 50);0;0.01;l2;0.01;64;0.9;0.99;1.00E-08;0.023646204;0.055706263;504;0.41
relu;(50, 50, 50);0.3;0.01;l2;0.01;16;0.8;0.99;1.00E-08;0.023646391;0.055698782;506;0.47
relu;(100, 50, 25);0;0.001;none;0.0001;64;0.99;0.999;1.00E-06;0.023646504;0.05569426;504;1.62
relu;(50, 50, 50);0.1;0.03;l1;0.0001;32;0.8;0.99;1.00E-06;0.023647291;0.055662827;506;0.5
relu;(100, 50, 25);0.1;0.001;l2;0.0001;32;0.99;0.99;1.00E-06;0.023648048;0.055632605;506;0.91
relu;(50, 50, 50);0;0.03;l1;1.00E-05;32;0.9;0.9;1.00E-08;0.023648485;0.055615183;506;0.41
relu;(50, 50, 50);0.1;0.01;l2;0.0001;64;0.9;0.9;1.00E-06;0.02364902;0.055593794;504;0.83
relu;(100, 50, 25);0.1;0.001;none;0.0001;16;0.99;0.9;1.00E-08;0.023649043;0.055592879;506;0.33
relu;(50, 50, 50);0.1;0.01;none;0.0001;64;0.8;0.9;1.00E-08;0.023649665;0.055568031;504;1.65
relu;(100, 100, 100, 50);0;0.03;l2;0.01;64;0.9;0.99;1.00E-06;0.023649713;0.055566115;504;1.54
relu;(100, 50, 25);0.3;0.01;l1;1.00E-05;32;0.8;0.9;1.00E-06;0.023650623;0.055529803;506;0.55
relu;(100, 50, 25);0;0.01;none;0.01;16;0.9;0.9;1.00E-06;0.023652299;0.055462853;506;0.76
relu;(100, 100, 100, 50);0;0.01;none;1.00E-05;16;0.9;0.9;1.00E-06;0.023652523;0.055453927;506;1.15
relu;(100, 100, 100, 50);0.1;0.01;none;0.0001;32;0.99;0.99;1.00E-08;0.023652782;0.055443568;506;1.8
relu;(100, 50, 25);0.1;0.03;l2;0.01;16;0.8;0.99;1.00E-06;0.023652934;0.055437494;506;0.83
relu;(100, 50, 25);0.1;0.001;l2;0.01;32;0.99;0.999;1.00E-08;0.023653347;0.055421008;506;0.93
relu;(100, 100, 100, 50);0.1;0.03;l2;0.0001;64;0.9;0.99;1.00E-08;0.023653667;0.055408216;504;1.29
relu;(100, 50, 25);0;0.01;l2;0.0001;32;0.8;0.999;1.00E-08;0.023653757;0.055404633;506;0.29
relu;(100, 50, 25);0.1;0.001;l2;0.0001;16;0.99;0.999;1.00E-06;0.023655185;0.055347622;506;0.79
relu;(50, 50, 50);0;0.01;none;1.00E-05;64;0.9;0.9;1.00E-08;0.023655582;0.055331765;504;0.37
relu;(100, 100, 100, 50);0.1;0.03;none;0.0001;16;0.9;0.99;1.00E-08;0.023656148;0.055309152;506;1.37
relu;(50, 50, 50);0;0.001;l2;0.0001;64;0.99;0.99;1.00E-08;0.023656187;0.055307592;504;0.47
relu;(50, 50, 50);0.3;0.001;none;0.01;64;0.8;0.9;1.00E-08;0.023658901;0.055199208;504;0.9
relu;(100, 50, 25);0.1;0.001;l2;0.01;64;0.8;0.99;1.00E-08;0.023659385;0.055179864;504;1.19
relu;(100, 50, 25);0.3;0.01;none;0.0001;64;0.8;0.999;1.00E-06;0.023660621;0.055130526;504;0.47
relu;(100, 50, 25);0;0.03;l2;0.01;32;0.99;0.999;1.00E-08;0.023661726;0.05508638;506;0.37
relu;(100, 100, 100, 50);0;0.03;l1;1.00E-05;64;0.8;0.99;1.00E-08;0.023662687;0.055048004;504;1.32
relu;(100, 50, 25);0.1;0.03;none;1.00E-05;32;0.9;0.99;1.00E-06;0.023662699;0.05504754;506;1.05
relu;(100, 50, 25);0;0.03;none;0.0001;16;0.99;0.9;1.00E-06;0.023664167;0.054988921;506;0.33
relu;(100, 50, 25);0;0.03;none;0.0001;32;0.8;0.99;1.00E-08;0.023664307;0.054983334;506;0.29
relu;(100, 100, 100, 50);0;0.001;l2;0.0001;32;0.8;0.9;1.00E-06;0.023664523;0.0549747;506;1.21
relu;(50, 50, 50);0.1;0.001;l2;0.0001;32;0.8;0.999;1.00E-08;0.023668247;0.054825989;506;0.42
relu;(100, 100, 100, 50);0.1;0.01;none;0.01;64;0.99;0.9;1.00E-08;0.023668365;0.054821265;504;1.55
relu;(100, 50, 25);0.1;0.01;l2;0.01;32;0.9;0.99;1.00E-06;0.023669294;0.054784175;506;0.93
relu;(100, 100, 100, 50);0.1;0.03;l2;1.00E-05;64;0.8;0.9;1.00E-06;0.023669452;0.054777846;504;0.99
relu;(100, 50, 25);0;0.01;l1;1.00E-05;64;0.99;0.99;1.00E-08;0.023670841;0.054722401;504;1.13
relu;(50, 50, 50);0.1;0.001;l2;0.0001;64;0.9;0.9;1.00E-08;0.023671241;0.054706434;504;0.52
relu;(50, 50, 50);0;0.01;none;0.01;32;0.99;0.9;1.00E-06;0.02367204;0.054674516;506;0.33
relu;(100, 50, 25);0.1;0.01;none;0.0001;16;0.8;0.9;1.00E-08;0.023672145;0.054670339;506;1
relu;(100, 50, 25);0.1;0.03;l1;0.0001;16;0.8;0.99;1.00E-08;0.02367291;0.054639781;506;0.92
relu;(100, 100, 100, 50);0.1;0.03;l1;0.0001;16;0.9;0.99;1.00E-08;0.023673262;0.054625722;506;1.61
relu;(100, 100, 100, 50);0;0.01;l2;0.01;32;0.99;0.9;1.00E-08;0.023673262;0.054625714;506;1.24
relu;(100, 50, 25);0.1;0.01;l2;1.00E-05;64;0.99;0.999;1.00E-08;0.023673589;0.054612652;504;0.89
relu;(100, 100, 100, 50);0.1;0.001;l2;0.01;16;0.99;0.999;1.00E-08;0.023674962;0.054557816;506;1.57
relu;(50, 50, 50);0;0.03;l2;1.00E-05;32;0.9;0.999;1.00E-08;0.023675706;0.054528116;506;1.04
relu;(100, 100, 100, 50);0;0.01;none;0.01;64;0.99;0.999;1.00E-06;0.023676355;0.054502201;504;1.26
relu;(100, 50, 25);0;0.03;none;1.00E-05;16;0.99;0.999;1.00E-06;0.023676395;0.054500596;506;0.26
relu;(50, 50, 50);0.1;0.03;none;0.0001;16;0.8;0.9;1.00E-06;0.023676463;0.054497871;506;0.66
relu;(100, 100, 100, 50);0.1;0.03;l2;1.00E-05;16;0.9;0.999;1.00E-08;0.023676642;0.054490745;506;0.6
relu;(50, 50, 50);0.1;0.01;none;0.0001;16;0.99;0.9;1.00E-08;0.023677061;0.054474007;506;0.46
relu;(100, 50, 25);0.1;0.001;l1;0.01;64;0.8;0.9;1.00E-06;0.023677086;0.054472995;504;1.17
relu;(100, 50, 25);0.1;0.001;none;0.01;16;0.8;0.999;1.00E-08;0.023677844;0.05444273;506;0.41
relu;(50, 50, 50);0.1;0.001;l2;1.00E-05;32;0.9;0.9;1.00E-06;0.023678603;0.054412408;506;0.42
relu;(50, 50, 50);0.1;0.01;none;0.01;32;0.8;0.99;1.00E-08;0.023678776;0.054405522;506;0.75
relu;(100, 50, 25);0.1;0.001;none;0.0001;64;0.9;0.99;1.00E-06;0.023680582;0.054333399;504;0.48
relu;(100, 50, 25);0;0.001;l2;0.0001;32;0.99;0.9;1.00E-08;0.023681353;0.054302597;506;0.82
relu;(100, 100, 100, 50);0.1;0.001;l2;0.01;32;0.9;0.9;1.00E-06;0.023683704;0.054208705;506;1.73
relu;(100, 100, 100, 50);0.1;0.03;l2;0.0001;32;0.8;0.99;1.00E-08;0.023684422;0.054180037;506;0.86
relu;(100, 100, 100, 50);0.1;0.01;none;0.01;16;0.99;0.999;1.00E-08;0.023685327;0.054143904;506;1.54
relu;(100, 100, 100, 50);0.1;0.03;l2;1.00E-05;16;0.9;0.99;1.00E-06;0.023685883;0.054121694;506;0.58
relu;(100, 100, 100, 50);0;0.01;l2;0.01;64;0.9;0.99;1.00E-08;0.023686101;0.054113016;504;1.42
relu;(100, 100, 100, 50);0;0.01;none;1.00E-05;64;0.8;0.9;1.00E-08;0.023686319;0.054104288;504;1.45
relu;(100, 100, 100, 50);0.1;0.01;l2;1.00E-05;32;0.8;0.9;1.00E-08;0.023686523;0.054096126;506;1.5
relu;(100, 100, 100, 50);0;0.01;l2;0.01;16;0.9;0.999;1.00E-06;0.023686763;0.054086576;506;1.18
relu;(50, 50, 50);0;0.03;l2;0.01;32;0.8;0.9;1.00E-06;0.02368679;0.054085491;506;0.84
relu;(50, 50, 50);0.1;0.01;none;1.00E-05;32;0.8;0.999;1.00E-08;0.023687312;0.054064657;506;0.43
relu;(50, 50, 50);0;0.01;none;0.0001;16;0.9;0.99;1.00E-06;0.023687314;0.054064538;506;0.32
relu;(100, 50, 25);0.3;0.01;l2;1.00E-05;32;0.8;0.9;1.00E-08;0.023687394;0.054061369;506;0.38
relu;(50, 50, 50);0.1;0.03;none;1.00E-05;64;0.9;0.999;1.00E-08;0.023689193;0.05398951;504;0.83
relu;(100, 50, 25);0;0.01;l2;0.01;16;0.99;0.99;1.00E-08;0.023690618;0.053932613;506;0.27
relu;(100, 100, 100, 50);0.1;0.001;l2;0.0001;16;0.9;0.99;1.00E-08;0.023691039;0.053915817;506;1.39
relu;(100, 100, 100, 50);0.1;0.01;none;0.01;32;0.99;0.999;1.00E-08;0.023691159;0.053910995;506;1.63
relu;(100, 100, 100, 50);0;0.001;none;0.0001;16;0.99;0.9;1.00E-06;0.023691315;0.053904796;506;1.16
relu;(50, 50, 50);0;0.001;none;0.0001;64;0.99;0.99;1.00E-06;0.023691559;0.053895051;504;1.19
relu;(50, 50, 50);0;0.03;l1;1.00E-05;16;0.9;0.999;1.00E-06;0.023691934;0.053880057;506;0.4
relu;(100, 100, 100, 50);0.1;0.001;none;1.00E-05;64;0.9;0.9;1.00E-06;0.023692314;0.053864876;504;1.83
relu;(100, 100, 100, 50);0;0.01;l2;1.00E-05;16;0.99;0.9;1.00E-06;0.023692588;0.053853949;506;1.02
relu;(50, 50, 50);0;0.001;l2;1.00E-05;16;0.9;0.9;1.00E-08;0.023694102;0.053793489;506;0.31
relu;(100, 100, 100, 50);0.1;0.01;none;1.00E-05;64;0.99;0.99;1.00E-08;0.02369459;0.053773984;504;1.85
relu;(100, 50, 25);0.1;0.001;none;0.01;32;0.99;0.9;1.00E-08;0.023695605;0.053733464;506;0.81
relu;(50, 50, 50);0;0.001;none;0.01;32;0.9;0.9;1.00E-06;0.023695923;0.05372075;506;1.23
relu;(50, 50, 50);0;0.01;l2;0.01;64;0.9;0.999;1.00E-06;0.023696625;0.053692712;504;0.47
relu;(50, 50, 50);0;0.03;l2;0.01;64;0.8;0.999;1.00E-08;0.023696776;0.053686681;504;1.47
relu;(50, 50, 50);0.3;0.01;l1;1.00E-05;32;0.9;0.999;1.00E-06;0.023697232;0.053668482;506;0.76
relu;(100, 50, 25);0.1;0.03;none;0.01;16;0.8;0.999;1.00E-08;0.023697829;0.053644649;506;0.76
relu;(50, 50, 50);0.1;0.03;l1;1.00E-05;32;0.8;0.99;1.00E-06;0.023698349;0.053623891;506;0.85
relu;(100, 100, 100, 50);0;0.01;l2;0.0001;64;0.8;0.999;1.00E-08;0.023698369;0.0536231;504;1.53
relu;(50, 50, 50);0.1;0.001;none;0.0001;32;0.9;0.999;1.00E-08;0.023698834;0.053604519;506;0.43
relu;(50, 50, 50);0.3;0.001;l1;0.01;16;0.99;0.99;1.00E-06;0.023699948;0.053560027;506;0.75
relu;(50, 50, 50);0;0.01;l2;0.0001;64;0.9;0.99;1.00E-06;0.023702334;0.053464733;504;0.38
relu;(100, 100, 100, 50);0.1;0.001;l2;0.0001;32;0.8;0.99;1.00E-08;0.023702504;0.053457958;506;1.54
relu;(50, 50, 50);0;0.001;l2;0.01;64;0.99;0.9;1.00E-06;0.023702681;0.053450878;504;0.42
relu;(100, 50, 25);0;0.03;l2;0.01;32;0.99;0.9;1.00E-08;0.023702782;0.053446871;506;0.37
relu;(100, 50, 25);0.1;0.03;none;1.00E-05;16;0.8;0.9;1.00E-06;0.023702925;0.053441149;506;0.97
relu;(100, 100, 100, 50);0.1;0.01;l1;0.0001;16;0.9;0.99;1.00E-06;0.023703565;0.053415589;506;1.84
relu;(50, 50, 50);0;0.001;l1;1.00E-05;32;0.99;0.99;1.00E-08;0.023703865;0.053403604;506;1.23
relu;(50, 50, 50);0;0.001;l1;0.01;64;0.99;0.99;1.00E-08;0.023705951;0.053320317;504;0.43
relu;(100, 50, 25);0.1;0.001;l2;1.00E-05;32;0.9;0.99;1.00E-08;0.023706727;0.053289306;506;0.85
relu;(100, 100, 100, 50);0;0.03;l1;1.00E-05;16;0.8;0.999;1.00E-06;0.023707185;0.053271041;506;1.23
relu;(100, 50, 25);0.1;0.03;none;1.00E-05;16;0.8;0.9;1.00E-08;0.023707191;0.053270769;506;0.86
relu;(100, 100, 100, 50);0;0.03;l2;1.00E-05;32;0.8;0.9;1.00E-08;0.023707311;0.053265999;506;1.17
relu;(100, 50, 25);0.3;0.001;l2;0.01;16;0.9;0.99;1.00E-06;0.023707876;0.05324344;506;0.39
relu;(100, 100, 100, 50);0.3;0.01;l2;1.00E-05;16;0.8;0.99;1.00E-06;0.023708956;0.053200285;506;0.6
relu;(50, 50, 50);0;0.03;none;0.0001;16;0.9;0.9;1.00E-08;0.023710198;0.053150682;506;0.31
relu;(100, 50, 25);0;0.01;l2;0.01;64;0.8;0.99;1.00E-08;0.023711602;0.053094643;504;0.39
relu;(100, 50, 25);0.1;0.01;l2;1.00E-05;64;0.99;0.999;1.00E-06;0.023711843;0.053085024;504;0.87
relu;(100, 50, 25);0.3;0.001;l2;0.01;16;0.8;0.9;1.00E-06;0.023712282;0.053067477;506;0.4
relu;(50, 50, 50);0.1;0.01;l2;0.01;64;0.9;0.99;1.00E-08;0.023712697;0.053050921;504;0.59
relu;(100, 50, 25);0.3;0.001;l2;1.00E-05;32;0.99;0.99;1.00E-08;0.023713663;0.053012344;506;0.44
relu;(100, 100, 100, 50);0.1;0.001;l2;0.01;16;0.99;0.999;1.00E-06;0.023714259;0.052988537;506;1.56
relu;(50, 50, 50);0;0.001;l1;1.00E-05;64;0.9;0.9;1.00E-08;0.023714836;0.052965484;504;1.43
relu;(100, 50, 25);0;0.01;none;0.01;16;0.99;0.999;1.00E-08;0.023715721;0.052930132;506;0.59
relu;(100, 50, 25);0;0.001;l2;0.01;32;0.99;0.99;1.00E-08;0.023716026;0.052917984;506;0.7
relu;(100, 50, 25);0.1;0.03;none;0.0001;16;0.9;0.9;1.00E-06;0.023716416;0.052902405;506;1.05
relu;(100, 50, 25);0;0.03;l2;0.01;16;0.99;0.99;1.00E-06;0.023716591;0.052895416;506;0.28
relu;(100, 50, 25);0.1;0.03;l1;0.0001;32;0.8;0.999;1.00E-06;0.023717971;0.052840282;506;1.09
relu;(100, 50, 25);0.1;0.001;none;0.01;16;0.9;0.999;1.00E-06;0.023717979;0.052839966;506;0.36
relu;(100, 100, 100, 50);0;0.001;l1;0.0001;16;0.9;0.9;1.00E-08;0.023718157;0.052832863;506;1.05
relu;(100, 100, 100, 50);0.1;0.001;none;0.0001;64;0.8;0.9;1.00E-06;0.023719539;0.052777662;504;1.65
relu;(50, 50, 50);0;0.001;l1;0.0001;64;0.9;0.99;1.00E-06;0.023720177;0.052752181;504;1.4
relu;(50, 50, 50);0;0.03;l2;0.01;32;0.8;0.9;1.00E-08;0.023720228;0.05275015;506;0.81
relu;(100, 50, 25);0;0.01;none;0.0001;16;0.9;0.999;1.00E-06;0.023720654;0.052733164;506;0.59
relu;(50, 50, 50);0;0.03;l2;1.00E-05;16;0.99;0.999;1.00E-06;0.023721301;0.052707315;506;0.38
relu;(50, 50, 50);0.1;0.001;l2;0.01;16;0.8;0.999;1.00E-06;0.023721552;0.0526973;506;0.39
relu;(100, 100, 100, 50);0;0.01;l2;1.00E-05;32;0.99;0.9;1.00E-06;0.023722413;0.052662912;506;1.25
relu;(100, 100, 100, 50);0.1;0.03;l1;1.00E-05;32;0.9;0.9;1.00E-06;0.023722495;0.052659645;506;1.97
relu;(100, 50, 25);0.3;0.01;none;1.00E-05;32;0.9;0.9;1.00E-06;0.023722555;0.052657253;506;0.37
relu;(100, 50, 25);0.3;0.001;none;0.01;16;0.99;0.999;1.00E-06;0.023722775;0.052648447;506;0.44
relu;(50, 50, 50);0.1;0.03;l2;0.01;64;0.8;0.999;1.00E-08;0.023725428;0.052542517;504;0.86
relu;(100, 50, 25);0.3;0.001;l2;0.0001;16;0.99;0.99;1.00E-06;0.023726057;0.052517367;506;0.34
relu;(100, 50, 25);0;0.001;none;0.01;16;0.8;0.99;1.00E-06;0.023726063;0.052517158;506;1.24
relu;(100, 100, 100, 50);0.1;0.001;l1;1.00E-05;64;0.9;0.999;1.00E-06;0.023726427;0.052502595;504;1.79
relu;(50, 50, 50);0.1;0.03;none;0.0001;32;0.9;0.999;1.00E-08;0.023727411;0.052463323;506;0.66
relu;(100, 50, 25);0.1;0.001;l1;1.00E-05;64;0.99;0.9;1.00E-06;0.023728336;0.052426385;504;1.22
relu;(100, 50, 25);0;0.03;l2;0.01;64;0.99;0.999;1.00E-08;0.023729229;0.052390695;504;0.37
relu;(50, 50, 50);0.3;0.001;none;0.01;32;0.9;0.999;1.00E-06;0.023729645;0.052374118;506;0.65
relu;(50, 50, 50);0.1;0.01;l1;1.00E-05;32;0.9;0.9;1.00E-06;0.023729837;0.05236643;506;0.78
relu;(100, 50, 25);0.1;0.001;l2;0.01;16;0.9;0.999;1.00E-08;0.023730876;0.052324942;506;0.88
relu;(100, 50, 25);0;0.01;none;1.00E-05;16;0.8;0.99;1.00E-06;0.023731374;0.052305066;506;0.56
relu;(50, 50, 50);0.1;0.001;none;0.01;32;0.99;0.9;1.00E-06;0.023731804;0.052287864;506;0.43
relu;(100, 50, 25);0;0.03;none;1.00E-05;16;0.99;0.9;1.00E-06;0.023732286;0.052268633;506;0.29
relu;(50, 50, 50);0.3;0.01;l2;0.0001;16;0.8;0.9;1.00E-06;0.023732549;0.052258113;506;0.72
relu;(100, 50, 25);0.1;0.01;l1;0.0001;64;0.99;0.99;1.00E-08;0.023733379;0.052225;504;1.31
relu;(100, 50, 25);0;0.01;l2;0.01;16;0.9;0.99;1.00E-06;0.023733623;0.05221525;506;0.34
relu;(50, 50, 50);0.1;0.001;none;0.0001;32;0.8;0.99;1.00E-06;0.023734129;0.052195053;506;0.4
relu;(100, 50, 25);0;0.001;l2;0.01;64;0.99;0.999;1.00E-06;0.023734176;0.052193161;504;0.77
relu;(100, 50, 25);0.1;0.001;l2;0.01;32;0.99;0.9;1.00E-06;0.023734296;0.052188374;506;0.99
relu;(50, 50, 50);0;0.03;l2;0.01;64;0.99;0.99;1.00E-08;0.023734572;0.052177351;504;1.48
relu;(100, 50, 25);0;0.03;none;0.01;32;0.99;0.9;1.00E-08;0.023735016;0.052159607;506;0.32
relu;(100, 100, 100, 50);0.1;0.01;none;0.01;32;0.9;0.99;1.00E-06;0.023737215;0.052071808;506;1.69
relu;(100, 100, 100, 50);0.1;0.03;l1;0.0001;32;0.9;0.99;1.00E-06;0.023737323;0.052067494;506;1.51
relu;(100, 50, 25);0;0.001;l2;0.01;16;0.99;0.9;1.00E-06;0.023738083;0.052037137;506;0.68
relu;(50, 50, 50);0.3;0.01;l2;0.01;16;0.9;0.99;1.00E-06;0.023739194;0.051992763;506;0.48
relu;(50, 50, 50);0;0.001;none;0.0001;32;0.8;0.999;1.00E-08;0.023739335;0.051987127;506;0.35
relu;(50, 50, 50);0.1;0.01;l1;1.00E-05;16;0.99;0.999;1.00E-06;0.023740291;0.051948973;506;0.43
relu;(50, 50, 50);0;0.03;l2;0.01;32;0.99;0.999;1.00E-08;0.023740334;0.051947249;506;1.25
relu;(100, 100, 100, 50);0;0.001;l2;1.00E-05;16;0.8;0.999;1.00E-06;0.02374035;0.051946598;506;1.17
relu;(50, 50, 50);0;0.01;l2;0.01;16;0.9;0.999;1.00E-08;0.023741471;0.051901822;506;0.37
relu;(50, 50, 50);0.1;0.001;none;1.00E-05;16;0.8;0.999;1.00E-06;0.023741898;0.051884798;506;1.08
relu;(50, 50, 50);0.1;0.03;none;0.01;64;0.9;0.999;1.00E-08;0.02374195;0.051882703;504;0.81
relu;(50, 50, 50);0;0.03;none;0.0001;16;0.99;0.9;1.00E-08;0.023742362;0.051866262;506;0.3
relu;(100, 50, 25);0.3;0.01;none;0.01;64;0.8;0.999;1.00E-08;0.023743603;0.051816698;504;0.57
relu;(100, 50, 25);0;0.001;none;0.01;64;0.99;0.9;1.00E-08;0.023745541;0.051739318;504;0.82
relu;(100, 50, 25);0;0.001;none;0.01;64;0.99;0.9;1.00E-06;0.023745773;0.051730059;504;0.87
relu;(100, 50, 25);0.1;0.03;l2;1.00E-05;32;0.8;0.999;1.00E-08;0.023745969;0.051722199;506;0.8
relu;(100, 100, 100, 50);0;0.001;l2;0.0001;32;0.99;0.9;1.00E-08;0.023746366;0.051706378;506;1.07
relu;(100, 50, 25);0;0.001;l1;1.00E-05;16;0.9;0.9;1.00E-06;0.023746504;0.05170084;506;0.78
relu;(50, 50, 50);0.1;0.01;l2;0.0001;32;0.99;0.999;1.00E-06;0.023746761;0.051690575;506;0.65
relu;(100, 50, 25);0.1;0.01;none;0.0001;32;0.99;0.9;1.00E-08;0.023746885;0.05168562;506;0.97
relu;(100, 100, 100, 50);0;0.01;l2;0.01;16;0.9;0.9;1.00E-06;0.023746984;0.051681685;506;1.2
relu;(100, 50, 25);0;0.03;l1;1.00E-05;64;0.8;0.9;1.00E-06;0.023747354;0.051666888;504;0.6
relu;(50, 50, 50);0.1;0.001;l2;0.0001;64;0.8;0.999;1.00E-06;0.023747593;0.051657378;504;0.55
relu;(100, 100, 100, 50);0.1;0.01;none;0.0001;32;0.9;0.999;1.00E-06;0.023748439;0.051623559;506;1.76
relu;(100, 50, 25);0.3;0.001;l2;0.01;16;0.99;0.9;1.00E-08;0.023749662;0.051574721;506;0.4
relu;(100, 50, 25);0.3;0.01;none;0.0001;16;0.9;0.999;1.00E-06;0.023750371;0.05154643;506;0.35
relu;(50, 50, 50);0.3;0.001;l1;0.01;64;0.9;0.99;1.00E-06;0.023750777;0.051530225;504;0.65
relu;(100, 100, 100, 50);0.1;0.03;none;1.00E-05;32;0.9;0.99;1.00E-08;0.023750871;0.051526438;506;1.48
relu;(50, 50, 50);0.3;0.01;l2;1.00E-05;16;0.8;0.999;1.00E-06;0.023751391;0.051505683;506;0.7
relu;(50, 50, 50);0.1;0.01;none;0.0001;32;0.8;0.9;1.00E-08;0.023752051;0.051479346;506;0.91
relu;(50, 50, 50);0.1;0.03;l2;1.00E-05;16;0.99;0.99;1.00E-06;0.023752425;0.051464409;506;0.38
relu;(50, 50, 50);0.1;0.03;l2;0.0001;16;0.8;0.9;1.00E-08;0.023752676;0.051454375;506;0.52
relu;(100, 100, 100, 50);0;0.03;l2;1.00E-05;64;0.99;0.99;1.00E-06;0.023753746;0.051411659;504;1.19
relu;(100, 50, 25);0.3;0.001;l1;1.00E-05;32;0.99;0.99;1.00E-06;0.023754592;0.051377871;506;0.43
relu;(100, 100, 100, 50);0;0.03;l2;1.00E-05;16;0.8;0.99;1.00E-06;0.023755311;0.051349155;506;1.17
relu;(100, 50, 25);0;0.01;l2;0.01;32;0.9;0.9;1.00E-06;0.023756756;0.051291427;506;0.36
relu;(100, 50, 25);0.1;0.001;l2;1.00E-05;32;0.99;0.999;1.00E-08;0.023756782;0.051290402;506;0.83
relu;(100, 100, 100, 50);0;0.01;l2;0.01;32;0.99;0.999;1.00E-06;0.023756936;0.051284272;506;1.16
relu;(100, 50, 25);0.3;0.01;none;0.01;64;0.8;0.99;1.00E-06;0.023757104;0.051277554;504;0.54
relu;(100, 100, 100, 50);0;0.01;none;1.00E-05;32;0.9;0.99;1.00E-06;0.023757109;0.051277352;506;1.24
relu;(100, 100, 100, 50);0;0.001;none;1.00E-05;16;0.99;0.99;1.00E-08;0.023757544;0.051259974;506;1.3
relu;(100, 100, 100, 50);0;0.001;l2;0.01;64;0.99;0.99;1.00E-06;0.023758464;0.051223233;504;1.49
relu;(100, 100, 100, 50);0.1;0.001;none;0.01;32;0.9;0.999;1.00E-06;0.023758523;0.051220871;506;1.71
relu;(100, 50, 25);0;0.03;l1;0.0001;64;0.99;0.999;1.00E-06;0.023759268;0.051191128;504;0.47
relu;(50, 50, 50);0;0.01;l2;0.01;32;0.99;0.9;1.00E-08;0.023759714;0.051173304;506;0.34
relu;(50, 50, 50);0.3;0.03;l2;0.0001;64;0.9;0.99;1.00E-06;0.023759835;0.051168489;504;1.04
relu;(50, 50, 50);0;0.001;l2;1.00E-05;16;0.99;0.9;1.00E-06;0.023760034;0.051160545;506;0.32
relu;(100, 50, 25);0.1;0.03;none;0.01;16;0.8;0.999;1.00E-06;0.023760259;0.051151568;506;0.75
relu;(50, 50, 50);0;0.01;l2;0.01;32;0.99;0.9;1.00E-06;0.023762165;0.051075446;506;0.43
relu;(50, 50, 50);0.1;0.001;l2;1.00E-05;16;0.9;0.99;1.00E-08;0.023762213;0.051073534;506;0.43
relu;(100, 100, 100, 50);0;0.001;l2;0.01;64;0.99;0.999;1.00E-08;0.023762921;0.05104524;504;1.45
relu;(100, 100, 100, 50);0.1;0.001;l2;0.01;64;0.8;0.9;1.00E-08;0.023763464;0.051023545;504;1.98
relu;(100, 100, 100, 50);0.1;0.03;none;0.01;32;0.9;0.9;1.00E-06;0.023763909;0.051005775;506;1.46
relu;(100, 100, 100, 50);0.1;0.01;l1;1.00E-05;64;0.99;0.9;1.00E-08;0.023764011;0.051001713;504;2.16
relu;(100, 50, 25);0;0.03;l2;0.01;64;0.99;0.999;1.00E-06;0.023764478;0.050983066;504;0.39
relu;(100, 100, 100, 50);0.3;0.01;l1;0.0001;32;0.9;0.999;1.00E-06;0.023766915;0.050885769;506;0.88
relu;(100, 50, 25);0.1;0.01;none;0.0001;16;0.99;0.999;1.00E-08;0.023767743;0.050852672;506;0.88
relu;(100, 50, 25);0;0.001;l1;1.00E-05;64;0.99;0.9;1.00E-06;0.023767946;0.050844559;504;0.79
relu;(50, 50, 50);0.1;0.001;l2;0.01;16;0.99;0.99;1.00E-08;0.023768154;0.050836274;506;0.4
relu;(50, 50, 50);0.1;0.01;l1;1.00E-05;64;0.99;0.99;1.00E-06;0.023769176;0.05079545;504;0.89
relu;(50, 50, 50);0.1;0.001;l1;1.00E-05;32;0.9;0.9;1.00E-08;0.0237703;0.050750587;506;0.46
relu;(100, 100, 100, 50);0;0.01;l1;0.01;16;0.8;0.9;1.00E-06;0.023772092;0.050678998;506;1.3
relu;(100, 100, 100, 50);0;0.01;l1;1.00E-05;32;0.9;0.9;1.00E-06;0.0237722;0.0506747;506;1.43
relu;(100, 100, 100, 50);0.1;0.001;none;0.0001;16;0.8;0.9;1.00E-06;0.02377243;0.05066551;506;1.18
relu;(50, 50, 50);0.3;0.001;l2;0.01;64;0.8;0.9;1.00E-08;0.023772606;0.050658466;504;0.72
relu;(100, 100, 100, 50);0;0.01;l2;0.0001;32;0.99;0.9;1.00E-08;0.023772788;0.050651208;506;1.31
relu;(50, 50, 50);0;0.001;l2;1.00E-05;32;0.99;0.99;1.00E-06;0.02377299;0.050643159;506;0.43
relu;(100, 50, 25);0.1;0.01;none;0.0001;32;0.99;0.999;1.00E-08;0.023773544;0.050621036;506;0.9
relu;(100, 100, 100, 50);0;0.001;l1;1.00E-05;32;0.99;0.9;1.00E-06;0.023773957;0.050604541;506;1.47
relu;(100, 100, 100, 50);0;0.03;l2;1.00E-05;64;0.8;0.999;1.00E-06;0.023774748;0.050572938;504;1.32
relu;(100, 50, 25);0;0.001;none;0.01;64;0.99;0.99;1.00E-06;0.023775084;0.050559542;504;0.76
relu;(50, 50, 50);0;0.01;l2;0.0001;64;0.8;0.99;1.00E-08;0.023775872;0.050528065;504;0.48
relu;(100, 100, 100, 50);0;0.01;l1;1.00E-05;16;0.8;0.99;1.00E-06;0.023776018;0.050522223;506;1.21
relu;(50, 50, 50);0.3;0.01;l2;0.0001;64;0.8;0.9;1.00E-08;0.023776317;0.050510277;504;0.68
relu;(50, 50, 50);0.1;0.01;l1;1.00E-05;64;0.99;0.99;1.00E-08;0.02377685;0.050488997;504;0.78
relu;(100, 100, 100, 50);0.1;0.03;none;0.01;16;0.8;0.99;1.00E-06;0.02377849;0.050423512;506;1.37
relu;(100, 100, 100, 50);0;0.01;none;0.0001;32;0.99;0.999;1.00E-06;0.023779822;0.050370317;506;1.18
relu;(50, 50, 50);0.1;0.03;none;0.01;16;0.9;0.99;1.00E-08;0.023780218;0.050354512;506;0.6
relu;(100, 100, 100, 50);0;0.001;l1;0.0001;16;0.9;0.999;1.00E-06;0.023780685;0.050335856;506;1.02
relu;(100, 50, 25);0.1;0.001;l2;0.01;64;0.99;0.99;1.00E-06;0.023781593;0.050299596;504;1.16
relu;(100, 50, 25);0.3;0.01;l2;1.00E-05;16;0.8;0.99;1.00E-08;0.023781646;0.050297485;506;0.34
relu;(100, 50, 25);0;0.03;l2;0.01;32;0.8;0.999;1.00E-08;0.023781892;0.050287645;506;0.33
relu;(50, 50, 50);0.1;0.03;l2;0.01;32;0.8;0.999;1.00E-08;0.023782216;0.050274709;506;0.51
relu;(100, 50, 25);0.3;0.001;none;1.00E-05;64;0.8;0.9;1.00E-08;0.023782426;0.05026633;504;0.47
relu;(100, 50, 25);0;0.001;none;1.00E-05;32;0.99;0.999;1.00E-06;0.023782454;0.0502652;506;1.48
relu;(100, 50, 25);0;0.03;l1;1.00E-05;16;0.9;0.99;1.00E-06;0.023782474;0.050264402;506;0.34
relu;(100, 50, 25);0.1;0.01;l2;0.01;64;0.9;0.9;1.00E-06;0.023782936;0.050245959;504;1.13
relu;(50, 50, 50);0.1;0.001;l2;0.0001;16;0.99;0.9;1.00E-06;0.023782949;0.050245441;506;0.45
relu;(100, 50, 25);0;0.01;l1;0.01;16;0.99;0.9;1.00E-08;0.023783164;0.050236858;506;0.38
relu;(100, 50, 25);0.1;0.01;l2;0.01;16;0.9;0.99;1.00E-06;0.023784134;0.050198103;506;0.9
relu;(100, 50, 25);0;0.01;l2;0.0001;16;0.8;0.99;1.00E-06;0.023784291;0.050191835;506;0.31
relu;(100, 100, 100, 50);0.1;0.001;l2;0.0001;16;0.99;0.99;1.00E-08;0.02378445;0.050185487;506;1.4
relu;(100, 50, 25);0.1;0.01;l2;0.01;16;0.8;0.99;1.00E-08;0.023784726;0.050174477;506;0.94
relu;(100, 100, 100, 50);0;0.03;l2;0.01;32;0.9;0.999;1.00E-06;0.023786192;0.050115928;506;1.2
relu;(100, 50, 25);0;0.01;none;0.01;16;0.9;0.999;1.00E-06;0.023786194;0.050115871;506;0.62
relu;(50, 50, 50);0;0.03;none;0.0001;16;0.99;0.99;1.00E-06;0.023786448;0.050105702;506;0.35
relu;(50, 50, 50);0.1;0.01;none;1.00E-05;64;0.9;0.9;1.00E-06;0.023787527;0.050062614;504;0.46
relu;(50, 50, 50);0;0.001;none;0.01;64;0.8;0.99;1.00E-06;0.023788841;0.050010152;504;1.23
relu;(100, 50, 25);0;0.01;none;0.0001;64;0.9;0.9;1.00E-08;0.023789359;0.049989446;504;0.69
relu;(100, 50, 25);0.1;0.001;l1;1.00E-05;64;0.99;0.999;1.00E-08;0.023789392;0.049988156;504;1.29
relu;(50, 50, 50);0;0.03;none;1.00E-05;32;0.99;0.999;1.00E-08;0.023791652;0.049897907;506;0.39
relu;(100, 100, 100, 50);0.1;0.001;l2;1.00E-05;32;0.99;0.99;1.00E-08;0.023791859;0.049889636;506;1.38
relu;(100, 100, 100, 50);0.1;0.01;l2;0.0001;32;0.99;0.999;1.00E-08;0.023791872;0.049889112;506;1.54
relu;(100, 50, 25);0.1;0.03;none;1.00E-05;64;0.9;0.99;1.00E-08;0.02379188;0.049888799;504;1.23
relu;(100, 100, 100, 50);0.1;0.03;none;0.01;16;0.9;0.999;1.00E-08;0.023792561;0.04986158;506;1.35
relu;(50, 50, 50);0.3;0.01;l2;1.00E-05;16;0.8;0.9;1.00E-08;0.023792757;0.049853778;506;0.64
relu;(50, 50, 50);0.1;0.03;l2;1.00E-05;32;0.99;0.999;1.00E-08;0.023793237;0.049834604;506;0.74
relu;(100, 100, 100, 50);0.1;0.001;l2;0.0001;16;0.8;0.9;1.00E-08;0.023794276;0.0497931;506;1.23
relu;(50, 50, 50);0.1;0.001;none;1.00E-05;32;0.99;0.99;1.00E-08;0.023794324;0.049791185;506;0.41
relu;(50, 50, 50);0;0.03;l2;0.0001;16;0.9;0.999;1.00E-06;0.02379453;0.049782958;506;0.97
relu;(100, 100, 100, 50);0.1;0.01;l2;0.0001;16;0.9;0.99;1.00E-06;0.023794872;0.049769326;506;1.33
relu;(100, 50, 25);0.1;0.001;none;0.01;32;0.99;0.999;1.00E-08;0.023795111;0.049759771;506;0.96
relu;(100, 50, 25);0.1;0.03;l1;0.0001;16;0.9;0.99;1.00E-08;0.023795838;0.049730748;506;1.07
relu;(50, 50, 50);0;0.03;l2;1.00E-05;32;0.9;0.999;1.00E-06;0.023797589;0.049660798;506;1.2
relu;(100, 100, 100, 50);0.1;0.001;none;0.01;64;0.9;0.999;1.00E-06;0.023797628;0.049659232;504;2.08
relu;(50, 50, 50);0.1;0.03;none;1.00E-05;64;0.9;0.99;1.00E-08;0.023799925;0.04956753;504;0.88
relu;(100, 100, 100, 50);0.1;0.001;l2;0.0001;32;0.99;0.99;1.00E-08;0.023800212;0.049556073;506;1.71
relu;(100, 100, 100, 50);0.1;0.01;none;0.01;16;0.9;0.99;1.00E-06;0.023800855;0.049530396;506;1.53
relu;(100, 50, 25);0;0.01;l1;1.00E-05;32;0.8;0.9;1.00E-08;0.023801753;0.049494502;506;0.96
relu;(100, 100, 100, 50);0.1;0.01;l2;1.00E-05;64;0.8;0.9;1.00E-08;0.023802127;0.049479572;504;1.8
relu;(50, 50, 50);0.1;0.01;l1;0.0001;16;0.8;0.9;1.00E-08;0.023804177;0.049397731;506;0.7
relu;(100, 50, 25);0.1;0.01;l1;0.0001;32;0.8;0.9;1.00E-06;0.023804644;0.049379064;506;1.15
relu;(100, 50, 25);0;0.01;l2;0.01;32;0.99;0.9;1.00E-06;0.023805191;0.049357237;506;0.29
relu;(50, 50, 50);0.3;0.01;l1;0.0001;16;0.8;0.9;1.00E-08;0.023805523;0.049343952;506;0.58
relu;(100, 100, 100, 50);0.1;0.001;l2;1.00E-05;16;0.9;0.9;1.00E-06;0.023806697;0.049297079;506;1.39
relu;(50, 50, 50);0.1;0.03;none;1.00E-05;16;0.8;0.9;1.00E-08;0.023806702;0.049296891;506;0.63
relu;(100, 100, 100, 50);0;0.03;l2;0.01;16;0.99;0.999;1.00E-08;0.023807427;0.049267953;506;1.14
relu;(100, 50, 25);0;0.01;l2;0.01;64;0.8;0.999;1.00E-06;0.023807559;0.049262648;504;0.39
relu;(100, 100, 100, 50);0.1;0.01;l2;1.00E-05;16;0.8;0.9;1.00E-06;0.023807591;0.049261381;506;1.32
relu;(100, 50, 25);0.1;0.001;l1;0.0001;64;0.9;0.999;1.00E-08;0.023807879;0.049249865;504;1.4
relu;(50, 50, 50);0.1;0.001;none;0.01;32;0.9;0.999;1.00E-08;0.023810147;0.049159311;506;0.42
relu;(50, 50, 50);0;0.001;l1;0.0001;32;0.99;0.99;1.00E-08;0.023810664;0.049138676;506;1.3
relu;(100, 100, 100, 50);0.1;0.03;l1;0.0001;64;0.8;0.999;1.00E-08;0.023810802;0.049133156;504;2.17
relu;(100, 50, 25);0;0.001;l1;0.0001;32;0.8;0.999;1.00E-06;0.023811116;0.049120616;506;0.66
relu;(100, 100, 100, 50);0.3;0.01;none;0.0001;16;0.8;0.99;1.00E-08;0.023811686;0.049097834;506;0.76
relu;(50, 50, 50);0;0.001;l1;0.0001;16;0.9;0.999;1.00E-06;0.02381171;0.049096883;506;0.98
relu;(100, 100, 100, 50);0.1;0.01;l1;0.0001;16;0.9;0.99;1.00E-08;0.023812021;0.049084482;506;1.82
relu;(100, 100, 100, 50);0;0.03;none;0.01;32;0.99;0.999;1.00E-06;0.023812135;0.049079907;506;1.29
relu;(100, 50, 25);0;0.03;l2;0.0001;64;0.8;0.9;1.00E-08;0.02381256;0.049062942;504;0.4
relu;(100, 50, 25);0;0.01;none;0.01;16;0.8;0.99;1.00E-08;0.023812723;0.049056457;506;0.63
relu;(100, 50, 25);0.3;0.03;none;1.00E-05;64;0.8;0.9;1.00E-08;0.023812896;0.049049531;504;1.18
relu;(100, 100, 100, 50);0;0.01;none;0.0001;16;0.99;0.99;1.00E-08;0.023813564;0.049022862;506;1.18
relu;(100, 50, 25);0.1;0.001;l1;0.0001;16;0.8;0.99;1.00E-08;0.023813644;0.049019668;506;1.17
relu;(100, 50, 25);0.1;0.001;none;1.00E-05;32;0.9;0.999;1.00E-08;0.023814373;0.048990532;506;0.4
relu;(100, 50, 25);0.1;0.01;none;1.00E-05;16;0.99;0.999;1.00E-08;0.023814968;0.048966797;506;0.96
relu;(100, 100, 100, 50);0.1;0.001;l2;0.0001;64;0.9;0.999;1.00E-08;0.023815428;0.0489484;504;2.03
relu;(100, 50, 25);0.1;0.01;l1;1.00E-05;64;0.99;0.9;1.00E-08;0.02381612;0.048920767;504;1.14
relu;(100, 100, 100, 50);0.1;0.001;l1;0.0001;32;0.8;0.99;1.00E-06;0.023817208;0.048877327;506;1.51
relu;(100, 50, 25);0.1;0.03;l1;1.00E-05;64;0.9;0.99;1.00E-08;0.023817693;0.048857959;504;1.18
relu;(50, 50, 50);0.1;0.03;l2;1.00E-05;32;0.9;0.99;1.00E-08;0.023820365;0.048751256;506;0.7
relu;(100, 100, 100, 50);0;0.01;l1;1.00E-05;16;0.8;0.999;1.00E-06;0.023820526;0.048744825;506;1.25
relu;(50, 50, 50);0;0.03;none;1.00E-05;16;0.9;0.999;1.00E-06;0.023821892;0.048690272;506;0.33
relu;(100, 50, 25);0.1;0.01;l1;0.01;64;0.9;0.9;1.00E-08;0.023822525;0.048664993;504;1.18
relu;(100, 100, 100, 50);0;0.01;l1;1.00E-05;64;0.99;0.99;1.00E-06;0.023824507;0.048585869;504;1.58
relu;(100, 100, 100, 50);0.1;0.01;none;1.00E-05;16;0.99;0.99;1.00E-06;0.023824509;0.048585768;506;1.18
relu;(50, 50, 50);0;0.03;none;0.0001;32;0.9;0.999;1.00E-08;0.023824686;0.048578703;506;0.36
relu;(100, 50, 25);0;0.03;none;1.00E-05;64;0.9;0.999;1.00E-06;0.02382505;0.048564191;504;0.37
relu;(100, 50, 25);0;0.03;l2;0.0001;16;0.99;0.9;1.00E-06;0.023825116;0.048561542;506;0.3
relu;(50, 50, 50);0.1;0.001;l2;0.0001;32;0.99;0.9;1.00E-06;0.023825427;0.048549107;506;0.41
relu;(50, 50, 50);0.3;0.01;l1;0.0001;64;0.9;0.9;1.00E-06;0.023825581;0.048542977;504;0.92
relu;(100, 100, 100, 50);0;0.01;none;1.00E-05;32;0.8;0.9;1.00E-08;0.02382597;0.048527427;506;1.27
relu;(100, 50, 25);0.1;0.01;l1;0.0001;16;0.8;0.9;1.00E-06;0.023827927;0.048449297;506;0.83
relu;(100, 50, 25);0.1;0.001;l2;0.01;16;0.9;0.99;1.00E-08;0.023828206;0.048438126;506;0.84
relu;(100, 50, 25);0.1;0.001;l2;0.01;64;0.99;0.999;1.00E-06;0.023828978;0.048407299;504;1.17
relu;(100, 50, 25);0;0.01;l2;0.0001;16;0.8;0.999;1.00E-06;0.023829063;0.048403903;506;0.32
relu;(100, 50, 25);0.3;0.001;none;1.00E-05;32;0.8;0.9;1.00E-08;0.023830334;0.048353141;506;0.45
relu;(100, 50, 25);0.1;0.01;none;0.0001;64;0.8;0.99;1.00E-06;0.023833025;0.048245711;504;1.14
relu;(100, 100, 100, 50);0.1;0.01;l1;1.00E-05;32;0.99;0.99;1.00E-08;0.023833844;0.048212985;506;1.75
relu;(100, 100, 100, 50);0.1;0.03;l1;0.0001;32;0.99;0.999;1.00E-06;0.023834505;0.048186605;506;1.46
relu;(100, 50, 25);0.1;0.03;l1;0.0001;64;0.8;0.9;1.00E-08;0.023834637;0.048181311;504;1.32
relu;(100, 100, 100, 50);0;0.001;l2;1.00E-05;32;0.99;0.99;1.00E-08;0.023835096;0.048163005;506;1.32
relu;(100, 100, 100, 50);0.1;0.001;l2;0.01;64;0.9;0.9;1.00E-06;0.023835263;0.048156343;504;1.82
relu;(50, 50, 50);0;0.03;l2;0.0001;64;0.99;0.9;1.00E-06;0.023835477;0.048147787;504;1.36
relu;(50, 50, 50);0.1;0.01;l1;0.0001;32;0.99;0.999;1.00E-08;0.023835793;0.048135149;506;0.68
relu;(100, 100, 100, 50);0;0.01;l2;0.01;16;0.8;0.99;1.00E-06;0.02383588;0.048131679;506;1.16
relu;(100, 50, 25);0.3;0.03;l1;0.0001;32;0.8;0.99;1.00E-08;0.023836192;0.048119236;506;1.35
relu;(100, 100, 100, 50);0.1;0.03;l1;0.0001;64;0.9;0.999;1.00E-08;0.023836404;0.048110763;504;1.57
relu;(100, 50, 25);0.1;0.001;none;0.0001;16;0.9;0.999;1.00E-08;0.023836502;0.048106825;506;0.33
relu;(100, 50, 25);0.1;0.001;l2;1.00E-05;32;0.9;0.999;1.00E-06;0.023837377;0.048071894;506;0.77
relu;(100, 100, 100, 50);0;0.01;l2;0.01;64;0.99;0.999;1.00E-06;0.02383788;0.048051824;504;1.27
relu;(100, 100, 100, 50);0;0.03;l1;0.01;32;0.99;0.9;1.00E-06;0.023838344;0.048033278;506;1.46
relu;(50, 50, 50);0;0.01;none;1.00E-05;64;0.8;0.99;1.00E-08;0.023839511;0.047986686;504;0.39
relu;(50, 50, 50);0;0.001;none;1.00E-05;32;0.9;0.9;1.00E-06;0.023839567;0.047984434;506;0.34
relu;(100, 100, 100, 50);0.1;0.001;l2;0.01;32;0.8;0.999;1.00E-06;0.023840069;0.047964405;506;1.71
relu;(100, 50, 25);0.1;0.01;none;1.00E-05;64;0.9;0.9;1.00E-08;0.023840174;0.047960223;504;1.16
relu;(100, 100, 100, 50);0.1;0.01;none;1.00E-05;32;0.9;0.99;1.00E-08;0.023840436;0.047949729;506;1.38
relu;(50, 50, 50);0.1;0.01;l2;0.01;64;0.8;0.999;1.00E-08;0.02384056;0.047944798;504;0.9
relu;(100, 100, 100, 50);0.1;0.001;l1;0.0001;16;0.99;0.9;1.00E-08;0.02384124;0.047917647;506;1.39
relu;(100, 100, 100, 50);0;0.01;l2;0.0001;64;0.8;0.9;1.00E-06;0.0238421;0.047883304;504;1.52
relu;(100, 100, 100, 50);0.1;0.001;l2;0.01;64;0.99;0.999;1.00E-08;0.023843375;0.047832357;504;1.88
relu;(100, 100, 100, 50);0;0.03;l2;0.01;64;0.99;0.999;1.00E-08;0.023843427;0.047830281;504;1.52
relu;(50, 50, 50);0;0.03;l2;1.00E-05;16;0.9;0.9;1.00E-06;0.023846309;0.0477152;506;0.31
relu;(100, 50, 25);0.1;0.001;none;1.00E-05;32;0.99;0.99;1.00E-08;0.023846403;0.047711475;506;0.37
relu;(50, 50, 50);0.3;0.001;none;1.00E-05;64;0.99;0.99;1.00E-06;0.023847151;0.047681576;504;0.77
relu;(50, 50, 50);0.3;0.01;l1;1.00E-05;32;0.8;0.99;1.00E-08;0.023849615;0.047583202;506;0.69
relu;(100, 100, 100, 50);0;0.01;none;1.00E-05;64;0.99;0.9;1.00E-08;0.023849888;0.047572298;504;1.53
relu;(50, 50, 50);0.1;0.01;l1;0.0001;64;0.99;0.999;1.00E-06;0.023850255;0.047557623;504;0.95
relu;(50, 50, 50);0;0.01;l2;0.01;32;0.99;0.999;1.00E-08;0.023850265;0.047557217;506;0.41
relu;(100, 100, 100, 50);0;0.01;l2;0.01;64;0.8;0.999;1.00E-08;0.023850594;0.047544088;504;1.42
relu;(100, 50, 25);0.1;0.01;none;0.0001;16;0.9;0.9;1.00E-08;0.023851411;0.047511458;506;0.88
relu;(100, 50, 25);0;0.001;l2;0.0001;64;0.9;0.99;1.00E-06;0.023851773;0.04749702;504;0.9
relu;(100, 100, 100, 50);0.1;0.01;l2;0.01;64;0.8;0.99;1.00E-08;0.023852167;0.047481281;504;1.77
relu;(100, 100, 100, 50);0.1;0.03;l1;0.0001;32;0.8;0.9;1.00E-08;0.023852463;0.04746947;506;1.47
relu;(50, 50, 50);0;0.03;none;0.01;16;0.9;0.999;1.00E-08;0.023852915;0.047451392;506;0.37
relu;(100, 100, 100, 50);0.1;0.001;l1;0.0001;32;0.99;0.9;1.00E-06;0.023854814;0.047375583;506;1.71
relu;(100, 50, 25);0.1;0.01;l2;0.0001;64;0.8;0.99;1.00E-06;0.023854894;0.047372368;504;1.01
relu;(100, 100, 100, 50);0.1;0.001;l2;1.00E-05;16;0.9;0.99;1.00E-06;0.023855689;0.047340633;506;1.47
relu;(50, 50, 50);0.1;0.001;none;1.00E-05;64;0.99;0.999;1.00E-06;0.023856308;0.047315901;504;0.47
relu;(50, 50, 50);0.1;0.001;l1;1.00E-05;64;0.9;0.9;1.00E-08;0.023856593;0.047304532;504;0.49
relu;(50, 50, 50);0.1;0.001;l2;0.01;64;0.99;0.999;1.00E-08;0.023856612;0.047303766;504;0.45
relu;(100, 50, 25);0.3;0.001;l1;1.00E-05;64;0.8;0.999;1.00E-08;0.023857706;0.047260093;504;0.68
relu;(100, 100, 100, 50);0;0.03;l1;0.01;64;0.99;0.99;1.00E-06;0.02385784;0.047254723;504;1.65
relu;(100, 100, 100, 50);0.1;0.03;l2;1.00E-05;32;0.9;0.9;1.00E-06;0.023858121;0.04724349;506;1.04
relu;(100, 50, 25);0.1;0.03;l2;0.01;32;0.8;0.999;1.00E-06;0.023859137;0.047202937;506;0.95
relu;(50, 50, 50);0;0.01;none;0.0001;64;0.99;0.99;1.00E-08;0.023859528;0.047187305;504;0.38
relu;(100, 50, 25);0.3;0.01;none;0.01;64;0.9;0.99;1.00E-06;0.023859763;0.047177937;504;0.5
relu;(100, 100, 100, 50);0;0.03;l2;0.01;64;0.8;0.999;1.00E-06;0.023859769;0.047177675;504;1.56
relu;(50, 50, 50);0;0.01;none;0.01;64;0.8;0.99;1.00E-06;0.023860271;0.047157637;504;0.36
relu;(50, 50, 50);0;0.01;l2;1.00E-05;16;0.8;0.9;1.00E-06;0.023861099;0.047124596;506;0.31
relu;(50, 50, 50);0;0.001;l2;0.01;32;0.99;0.99;1.00E-06;0.023861771;0.047097741;506;0.37
relu;(100, 50, 25);0.1;0.03;l1;1.00E-05;32;0.9;0.999;1.00E-08;0.023861934;0.047091217;506;0.95
relu;(100, 100, 100, 50);0;0.03;l1;0.01;16;0.9;0.99;1.00E-08;0.023862012;0.04708813;506;1.33
relu;(100, 50, 25);0.1;0.01;l2;0.0001;16;0.8;0.99;1.00E-08;0.02386281;0.047056267;506;0.7
relu;(50, 50, 50);0;0.03;l2;0.01;32;0.9;0.99;1.00E-08;0.023863147;0.047042809;506;1.11
relu;(50, 50, 50);0;0.03;l2;0.01;16;0.99;0.9;1.00E-06;0.02386351;0.047028286;506;1.24
relu;(50, 50, 50);0.3;0.001;l2;0.01;64;0.9;0.9;1.00E-08;0.023863734;0.047019356;504;0.55
relu;(100, 100, 100, 50);0;0.03;none;0.0001;32;0.99;0.999;1.00E-08;0.023864289;0.04699719;506;1.26
relu;(100, 50, 25);0.3;0.03;none;1.00E-05;64;0.9;0.999;1.00E-08;0.023865128;0.046963702;504;1.2
relu;(50, 50, 50);0.1;0.01;l2;0.01;32;0.8;0.999;1.00E-08;0.023865812;0.046936361;506;0.72
relu;(50, 50, 50);0.1;0.001;none;0.0001;32;0.99;0.99;1.00E-06;0.023867018;0.046888206;506;0.44
relu;(100, 100, 100, 50);0;0.01;l1;1.00E-05;32;0.9;0.999;1.00E-08;0.023868725;0.04682004;506;1.41
relu;(100, 100, 100, 50);0.1;0.01;none;0.01;16;0.99;0.999;1.00E-06;0.023868736;0.046819585;506;1.53
relu;(100, 50, 25);0.1;0.01;l2;0.01;64;0.9;0.999;1.00E-06;0.023868768;0.046818327;504;1.13
relu;(100, 50, 25);0;0.001;none;1.00E-05;16;0.9;0.9;1.00E-06;0.023870406;0.046752902;506;1.34
relu;(100, 100, 100, 50);0.1;0.03;l2;1.00E-05;16;0.8;0.99;1.00E-06;0.023870684;0.046741793;506;0.61
relu;(100, 50, 25);0.3;0.001;l2;0.01;64;0.9;0.999;1.00E-08;0.023871183;0.046721881;504;0.48
relu;(100, 50, 25);0;0.03;l2;0.01;16;0.99;0.99;1.00E-08;0.023872329;0.046676129;506;0.3
relu;(50, 50, 50);0.3;0.01;l2;1.00E-05;16;0.99;0.99;1.00E-08;0.023872343;0.046675567;506;0.62
relu;(100, 100, 100, 50);0.1;0.03;l2;0.0001;32;0.9;0.999;1.00E-06;0.023873395;0.046633539;506;0.69
relu;(100, 100, 100, 50);0;0.01;none;0.01;16;0.99;0.99;1.00E-06;0.023873771;0.046618542;506;0.94
relu;(50, 50, 50);0;0.01;l2;0.0001;16;0.8;0.999;1.00E-08;0.023873933;0.046612084;506;0.3
relu;(50, 50, 50);0.1;0.001;l1;0.01;32;0.99;0.999;1.00E-06;0.023874015;0.046608805;506;0.48
relu;(50, 50, 50);0.3;0.01;l2;0.01;16;0.8;0.99;1.00E-06;0.02387443;0.04659221;506;0.46
relu;(50, 50, 50);0.1;0.03;l1;0.0001;64;0.9;0.999;1.00E-08;0.023875831;0.046536261;504;0.75
relu;(100, 50, 25);0.1;0.001;none;0.0001;64;0.99;0.99;1.00E-08;0.023876176;0.046522512;504;0.5
relu;(100, 50, 25);0.3;0.01;l1;1.00E-05;64;0.8;0.99;1.00E-06;0.02387634;0.046515948;504;0.65
relu;(50, 50, 50);0.3;0.01;l1;0.0001;32;0.9;0.9;1.00E-08;0.023876409;0.046513206;506;0.79
relu;(100, 100, 100, 50);0;0.01;l2;0.01;16;0.8;0.999;1.00E-06;0.02387668;0.046502349;506;1.19
relu;(100, 50, 25);0;0.03;l2;0.01;64;0.99;0.9;1.00E-06;0.023878004;0.046449496;504;0.44
relu;(100, 50, 25);0;0.03;l2;0.01;16;0.8;0.9;1.00E-06;0.02387934;0.046396129;506;0.31
relu;(50, 50, 50);0.1;0.03;l1;0.0001;16;0.8;0.99;1.00E-08;0.023879735;0.046380349;506;0.63
relu;(100, 50, 25);0.1;0.001;none;0.0001;32;0.99;0.9;1.00E-08;0.023880729;0.046340673;506;0.39
relu;(100, 50, 25);0.1;0.01;none;0.0001;32;0.8;0.99;1.00E-06;0.02388073;0.046340621;506;1.02
relu;(100, 50, 25);0.3;0.01;l2;0.0001;32;0.9;0.99;1.00E-06;0.023881022;0.046328963;506;0.88
relu;(100, 50, 25);0.1;0.03;none;0.0001;64;0.9;0.9;1.00E-08;0.02388108;0.046326668;504;0.91
relu;(100, 50, 25);0;0.001;l1;0.01;64;0.8;0.999;1.00E-08;0.023881114;0.046325313;504;0.99
relu;(100, 50, 25);0;0.01;none;1.00E-05;64;0.99;0.9;1.00E-08;0.023881319;0.04631712;504;0.66
relu;(100, 100, 100, 50);0;0.03;none;0.0001;16;0.8;0.99;1.00E-06;0.023882268;0.046279231;506;1.06
relu;(100, 100, 100, 50);0.1;0.01;l2;1.00E-05;32;0.8;0.999;1.00E-06;0.023882399;0.046273979;506;1.51
relu;(100, 50, 25);0.1;0.01;l2;0.01;64;0.9;0.9;1.00E-08;0.023882901;0.046253947;504;1.1
relu;(50, 50, 50);0.1;0.03;none;0.0001;16;0.9;0.99;1.00E-08;0.023883735;0.046220614;506;0.48
relu;(100, 50, 25);0;0.001;l1;0.0001;16;0.99;0.9;1.00E-06;0.023884412;0.046193576;506;0.58
relu;(100, 100, 100, 50);0.1;0.001;l1;1.00E-05;32;0.99;0.999;1.00E-06;0.02388464;0.046184473;506;1.74
relu;(100, 50, 25);0.3;0.01;l2;0.01;64;0.8;0.999;1.00E-08;0.023885106;0.046165861;504;1.13
relu;(50, 50, 50);0.3;0.001;l2;0.01;32;0.8;0.99;1.00E-08;0.023885372;0.046155259;506;0.66
relu;(100, 100, 100, 50);0.3;0.01;none;0.01;64;0.8;0.99;1.00E-06;0.023885723;0.046141241;504;1.01
relu;(100, 50, 25);0.1;0.01;none;1.00E-05;32;0.99;0.9;1.00E-06;0.023886121;0.046125365;506;1.07
relu;(100, 50, 25);0;0.001;l1;0.0001;16;0.99;0.999;1.00E-06;0.023886222;0.046121317;506;0.68
relu;(100, 50, 25);0;0.001;none;0.0001;16;0.9;0.9;1.00E-06;0.023888265;0.046039724;506;1.34
relu;(100, 100, 100, 50);0.1;0.01;l1;1.00E-05;64;0.9;0.99;1.00E-08;0.02388842;0.046033531;504;2.14
relu;(100, 50, 25);0.1;0.01;l2;1.00E-05;16;0.99;0.99;1.00E-08;0.023888988;0.04601087;506;0.75
relu;(100, 100, 100, 50);0;0.03;none;0.01;64;0.8;0.999;1.00E-06;0.023890587;0.045946985;504;1.5
relu;(100, 50, 25);0.3;0.01;l2;0.01;32;0.8;0.9;1.00E-08;0.023890732;0.045941222;506;0.9
relu;(50, 50, 50);0.1;0.001;none;0.0001;64;0.99;0.99;1.00E-06;0.023890773;0.045939585;504;0.51
relu;(100, 100, 100, 50);0.1;0.001;none;1.00E-05;64;0.8;0.99;1.00E-06;0.023890822;0.045937631;504;1.81
relu;(100, 100, 100, 50);0.1;0.001;l1;0.0001;16;0.8;0.99;1.00E-08;0.023891165;0.045923912;506;1.33
relu;(50, 50, 50);0.3;0.01;l1;0.0001;32;0.8;0.9;1.00E-06;0.023892096;0.045886755;506;0.61
relu;(100, 50, 25);0.1;0.01;l2;0.01;64;0.99;0.9;1.00E-08;0.023892247;0.045880714;504;1.21
relu;(100, 100, 100, 50);0.1;0.001;l1;0.0001;64;0.8;0.999;1.00E-08;0.02389252;0.045869795;504;2
relu;(50, 50, 50);0.1;0.03;l2;0.01;32;0.99;0.99;1.00E-08;0.023892884;0.045855274;506;0.6
relu;(100, 100, 100, 50);0.1;0.001;l2;0.01;32;0.99;0.99;1.00E-08;0.023893049;0.045848695;506;1.74
relu;(100, 50, 25);0;0.001;l1;0.0001;16;0.9;0.99;1.00E-08;0.02389348;0.045831475;506;0.7
relu;(100, 50, 25);0.1;0.001;none;1.00E-05;32;0.8;0.999;1.00E-06;0.023893522;0.045829788;506;0.41
relu;(100, 100, 100, 50);0;0.001;none;1.00E-05;64;0.99;0.99;1.00E-08;0.023894616;0.045786092;504;1.37
relu;(100, 50, 25);0;0.03;l2;1.00E-05;64;0.8;0.99;1.00E-06;0.023895375;0.045755802;504;0.38
relu;(50, 50, 50);0.1;0.03;l2;0.01;16;0.8;0.99;1.00E-06;0.023895863;0.045736298;506;0.61
relu;(100, 50, 25);0.3;0.03;l2;0.0001;16;0.8;0.99;1.00E-08;0.023895966;0.045732185;506;1.15
relu;(100, 50, 25);0;0.03;none;1.00E-05;64;0.99;0.999;1.00E-06;0.023896068;0.0457281;504;0.39
relu;(100, 100, 100, 50);0.1;0.03;l1;0.0001;64;0.8;0.9;1.00E-06;0.023896484;0.045711491;504;1.78
relu;(100, 100, 100, 50);0.3;0.01;l1;1.00E-05;64;0.8;0.999;1.00E-06;0.023898027;0.04564988;504;1.27
relu;(100, 100, 100, 50);0;0.03;none;1.00E-05;64;0.99;0.999;1.00E-08;0.023898264;0.045640423;504;1.41
relu;(50, 50, 50);0;0.01;none;1.00E-05;16;0.9;0.99;1.00E-06;0.023899083;0.04560771;506;0.31
relu;(100, 50, 25);0.1;0.03;none;0.01;16;0.8;0.9;1.00E-08;0.023901625;0.04550619;506;0.78
relu;(100, 50, 25);0.3;0.01;l2;1.00E-05;32;0.8;0.9;1.00E-06;0.023902246;0.045481423;506;0.37
relu;(50, 50, 50);0;0.01;l2;0.0001;32;0.9;0.99;1.00E-06;0.023902524;0.045470289;506;0.38
relu;(100, 100, 100, 50);0;0.001;none;1.00E-05;64;0.8;0.99;1.00E-06;0.023902954;0.045453142;504;1.41
relu;(100, 50, 25);0.3;0.001;l2;0.01;32;0.8;0.9;1.00E-06;0.023903319;0.045438541;506;0.44
relu;(100, 100, 100, 50);0;0.001;l2;0.01;32;0.99;0.9;1.00E-06;0.023903441;0.04543367;506;1.15
relu;(100, 50, 25);0.1;0.03;l2;0.01;64;0.99;0.99;1.00E-06;0.023903821;0.04541849;504;0.5
relu;(100, 50, 25);0;0.03;l2;0.01;32;0.99;0.9;1.00E-06;0.023903847;0.045417457;506;0.33
relu;(100, 100, 100, 50);0.1;0.001;l1;0.0001;64;0.99;0.9;1.00E-08;0.023905284;0.045360095;504;2
relu;(50, 50, 50);0.1;0.03;l1;1.00E-05;64;0.8;0.9;1.00E-08;0.023906892;0.045295868;504;0.74
relu;(100, 100, 100, 50);0;0.001;l1;1.00E-05;32;0.8;0.9;1.00E-06;0.02390697;0.045292767;506;1.47
relu;(100, 100, 100, 50);0;0.01;none;0.01;16;0.99;0.9;1.00E-06;0.023907443;0.045273875;506;1.01
relu;(100, 50, 25);0;0.01;l2;0.0001;32;0.99;0.999;1.00E-06;0.02390754;0.045269988;506;0.29
relu;(50, 50, 50);0.1;0.001;none;0.01;16;0.99;0.99;1.00E-06;0.023907815;0.045258994;506;0.38
relu;(100, 100, 100, 50);0.1;0.03;none;0.01;32;0.8;0.99;1.00E-08;0.023908513;0.045231132;506;1.49
relu;(100, 100, 100, 50);0;0.01;none;1.00E-05;16;0.9;0.99;1.00E-06;0.02390892;0.04521487;506;1.05
relu;(50, 50, 50);0;0.01;l2;0.01;16;0.8;0.999;1.00E-08;0.023909634;0.045186388;506;0.34
relu;(100, 100, 100, 50);0;0.03;none;1.00E-05;16;0.8;0.99;1.00E-06;0.023910062;0.045169289;506;0.86
relu;(50, 50, 50);0;0.01;l1;0.01;64;0.8;0.999;1.00E-08;0.023910885;0.045136426;504;0.44
relu;(50, 50, 50);0.1;0.01;l2;1.00E-05;16;0.99;0.99;1.00E-08;0.023911457;0.045113572;506;0.6
relu;(100, 100, 100, 50);0.1;0.001;none;0.0001;64;0.8;0.99;1.00E-06;0.02391199;0.045092271;504;1.64
relu;(100, 100, 100, 50);0;0.03;l2;1.00E-05;16;0.99;0.9;1.00E-06;0.023912349;0.045077959;506;1.22
relu;(50, 50, 50);0.1;0.01;l2;0.01;64;0.9;0.9;1.00E-06;0.02391252;0.045071103;504;0.61
relu;(100, 100, 100, 50);0.1;0.03;none;0.01;64;0.9;0.999;1.00E-08;0.023912776;0.045060884;504;1.71
relu;(100, 100, 100, 50);0.1;0.001;l2;1.00E-05;16;0.99;0.999;1.00E-08;0.023913083;0.045048652;506;1.23
relu;(50, 50, 50);0.1;0.03;none;0.0001;32;0.99;0.999;1.00E-08;0.023913418;0.045035279;506;0.76
relu;(50, 50, 50);0;0.01;l2;1.00E-05;32;0.99;0.9;1.00E-06;0.023913755;0.045021793;506;0.36
relu;(100, 50, 25);0;0.03;l2;0.01;16;0.99;0.9;1.00E-06;0.023913916;0.04501537;506;0.28
relu;(100, 50, 25);0.3;0.001;l2;0.01;64;0.9;0.999;1.00E-06;0.023914017;0.04501134;504;0.51
relu;(50, 50, 50);0.1;0.001;none;0.01;16;0.9;0.99;1.00E-08;0.023914018;0.045011315;506;0.43
relu;(100, 100, 100, 50);0;0.01;none;0.0001;64;0.99;0.9;1.00E-06;0.023914414;0.044995501;504;1.3
relu;(100, 100, 100, 50);0.1;0.01;none;0.0001;64;0.99;0.9;1.00E-06;0.023914443;0.044994324;504;1.98
relu;(100, 100, 100, 50);0.3;0.01;none;0.0001;16;0.99;0.99;1.00E-08;0.023914703;0.044983958;506;0.84
relu;(50, 50, 50);0;0.01;l1;0.01;32;0.9;0.9;1.00E-06;0.023914905;0.04497586;506;0.42
relu;(100, 50, 25);0.1;0.001;l2;0.01;16;0.8;0.99;1.00E-06;0.023914919;0.044975305;506;0.84
relu;(100, 100, 100, 50);0;0.03;l2;0.01;16;0.8;0.999;1.00E-08;0.023915029;0.044970925;506;1.07
relu;(100, 50, 25);0.3;0.001;l1;1.00E-05;64;0.9;0.999;1.00E-06;0.023917807;0.044859975;504;0.57
relu;(50, 50, 50);0.3;0.001;l1;1.00E-05;64;0.99;0.99;1.00E-08;0.023918568;0.044829595;504;0.75
relu;(100, 50, 25);0.1;0.01;none;1.00E-05;32;0.99;0.9;1.00E-08;0.02391893;0.044815157;506;1.05
relu;(100, 100, 100, 50);0;0.03;l1;0.0001;16;0.99;0.99;1.00E-08;0.023919044;0.044810575;506;1.07
relu;(100, 50, 25);0;0.03;l1;0.0001;16;0.8;0.999;1.00E-06;0.023919679;0.044785221;506;0.38
relu;(100, 100, 100, 50);0.1;0.03;l2;1.00E-05;32;0.9;0.999;1.00E-08;0.023919858;0.044778073;506;0.67
relu;(50, 50, 50);0;0.03;none;0.0001;32;0.8;0.999;1.00E-08;0.023921688;0.044704998;506;0.36
relu;(100, 100, 100, 50);0.1;0.01;none;1.00E-05;16;0.99;0.9;1.00E-06;0.023923038;0.044651093;506;1.16
relu;(50, 50, 50);0;0.001;l2;0.01;64;0.99;0.9;1.00E-08;0.023923848;0.044618759;504;0.41
relu;(100, 100, 100, 50);0;0.001;none;0.0001;16;0.9;0.999;1.00E-06;0.023924812;0.044580267;506;1.12
relu;(50, 50, 50);0;0.03;l2;1.00E-05;16;0.99;0.99;1.00E-06;0.023925594;0.044549004;506;0.44
relu;(100, 100, 100, 50);0;0.001;l1;0.0001;64;0.9;0.9;1.00E-06;0.023926343;0.044519105;504;1.46
relu;(100, 50, 25);0.1;0.03;l1;1.00E-05;64;0.9;0.999;1.00E-06;0.023926896;0.044497025;504;1.22
relu;(50, 50, 50);0;0.03;l2;0.01;64;0.99;0.9;1.00E-08;0.023927397;0.04447702;504;1.48
relu;(50, 50, 50);0;0.01;none;0.01;64;0.9;0.999;1.00E-08;0.023927767;0.044462226;504;0.44
relu;(50, 50, 50);0;0.01;l2;1.00E-05;32;0.99;0.9;1.00E-08;0.023928167;0.04444626;506;0.34
relu;(100, 50, 25);0.3;0.01;l1;1.00E-05;32;0.8;0.99;1.00E-08;0.02392819;0.044445333;506;0.5
relu;(100, 50, 25);0.1;0.03;l2;0.01;64;0.9;0.9;1.00E-06;0.023929407;0.044396757;504;0.52
relu;(100, 50, 25);0.3;0.01;none;0.01;16;0.8;0.99;1.00E-08;0.023929597;0.044389158;506;0.35
relu;(100, 100, 100, 50);0.3;0.01;l1;1.00E-05;32;0.9;0.99;1.00E-08;0.023930654;0.044346954;506;0.77
relu;(100, 50, 25);0;0.01;l2;0.01;16;0.8;0.999;1.00E-06;0.023931029;0.044331977;506;0.29
relu;(50, 50, 50);0;0.03;l1;1.00E-05;16;0.99;0.999;1.00E-06;0.023931195;0.044325339;506;0.38
relu;(100, 50, 25);0;0.01;l2;0.01;64;0.99;0.999;1.00E-06;0.023931999;0.044293245;504;0.43
relu;(100, 50, 25);0.1;0.03;l2;0.01;64;0.99;0.999;1.00E-08;0.02393251;0.044272835;504;0.49
relu;(100, 100, 100, 50);0.1;0.03;none;1.00E-05;16;0.8;0.9;1.00E-08;0.023934561;0.044190913;506;1.52
relu;(100, 50, 25);0.1;0.001;l2;0.0001;16;0.99;0.9;1.00E-06;0.023935435;0.044156027;506;0.69
relu;(100, 50, 25);0.1;0.01;l2;0.01;64;0.99;0.999;1.00E-06;0.023935857;0.044139172;504;1.14
relu;(50, 50, 50);0.1;0.001;none;0.0001;64;0.8;0.999;1.00E-08;0.023935956;0.044135214;504;0.48
relu;(100, 50, 25);0;0.001;none;0.01;64;0.99;0.999;1.00E-06;0.023937397;0.044077692;504;0.85
relu;(100, 100, 100, 50);0.1;0.03;l1;0.0001;16;0.9;0.999;1.00E-08;0.023937596;0.044069741;506;1.6
relu;(100, 100, 100, 50);0.1;0.001;none;0.01;32;0.8;0.999;1.00E-06;0.023938181;0.044046356;506;1.58
relu;(100, 50, 25);0.1;0.01;none;0.01;64;0.9;0.999;1.00E-06;0.023938548;0.044031709;504;0.98
relu;(100, 50, 25);0.1;0.001;l2;0.01;16;0.99;0.999;1.00E-08;0.023938598;0.044029726;506;0.84
relu;(100, 50, 25);0.1;0.01;none;0.0001;64;0.99;0.9;1.00E-08;0.023938682;0.044026346;504;0.91
relu;(100, 100, 100, 50);0.1;0.03;l1;1.00E-05;32;0.99;0.9;1.00E-06;0.02394091;0.043937392;506;1.9
relu;(100, 100, 100, 50);0;0.01;l1;1.00E-05;64;0.99;0.999;1.00E-06;0.023941576;0.0439108;504;1.65
relu;(100, 50, 25);0.1;0.01;none;1.00E-05;64;0.99;0.9;1.00E-06;0.023941796;0.043902018;504;1.16
relu;(100, 50, 25);0;0.03;none;1.00E-05;16;0.8;0.9;1.00E-06;0.023942022;0.043892991;506;0.29
relu;(100, 100, 100, 50);0;0.01;none;0.01;64;0.99;0.99;1.00E-08;0.023942027;0.043892792;504;1.19
relu;(100, 50, 25);0.3;0.01;l1;1.00E-05;64;0.9;0.999;1.00E-06;0.023942094;0.043890124;504;0.56
relu;(100, 50, 25);0;0.01;l1;0.01;16;0.99;0.9;1.00E-06;0.023942113;0.043889364;506;0.39
relu;(100, 50, 25);0.1;0.01;l2;0.01;64;0.99;0.99;1.00E-08;0.023942455;0.043875683;504;1.18
relu;(100, 100, 100, 50);0.1;0.03;none;1.00E-05;16;0.8;0.999;1.00E-06;0.023943357;0.043839671;506;1.64
relu;(100, 100, 100, 50);0.1;0.03;none;1.00E-05;32;0.9;0.9;1.00E-08;0.023943896;0.043818138;506;1.45
relu;(100, 100, 100, 50);0.1;0.001;l2;0.01;16;0.8;0.99;1.00E-06;0.023944119;0.043809252;506;1.6
relu;(50, 50, 50);0;0.01;l2;0.01;16;0.8;0.9;1.00E-08;0.023944846;0.043780213;506;0.32
relu;(100, 50, 25);0.1;0.01;l2;0.01;16;0.99;0.9;1.00E-06;0.023945503;0.043753963;506;0.9
relu;(100, 50, 25);0.3;0.01;none;1.00E-05;16;0.9;0.9;1.00E-06;0.023947553;0.043672109;506;0.37
relu;(50, 50, 50);0.1;0.001;l1;0.01;16;0.9;0.999;1.00E-08;0.023948638;0.043628793;506;0.57
relu;(100, 100, 100, 50);0.1;0.001;none;0.0001;16;0.99;0.99;1.00E-08;0.023949035;0.043612923;506;1.21
relu;(100, 50, 25);0.1;0.01;l2;0.0001;16;0.9;0.999;1.00E-08;0.023949423;0.043597442;506;0.76
relu;(100, 50, 25);0;0.01;l2;0.01;64;0.8;0.99;1.00E-06;0.02394961;0.043589947;504;0.37
relu;(50, 50, 50);0;0.01;l2;0.01;64;0.99;0.9;1.00E-06;0.023949784;0.043583009;504;0.44
relu;(100, 50, 25);0;0.03;l1;1.00E-05;64;0.8;0.999;1.00E-08;0.023950881;0.043539203;504;0.61
relu;(50, 50, 50);0.3;0.01;none;0.0001;16;0.9;0.99;1.00E-08;0.023951724;0.043505522;506;0.77
relu;(50, 50, 50);0;0.03;l1;0.01;16;0.8;0.99;1.00E-06;0.02395191;0.043498106;506;0.36
relu;(50, 50, 50);0;0.001;l1;1.00E-05;64;0.99;0.99;1.00E-06;0.023952628;0.043469432;504;1.5
relu;(100, 100, 100, 50);0;0.01;none;1.00E-05;32;0.8;0.99;1.00E-06;0.02395388;0.043419431;506;1.33
relu;(100, 50, 25);0;0.01;l1;0.0001;64;0.99;0.9;1.00E-08;0.023953951;0.043416603;504;0.49
relu;(100, 50, 25);0.1;0.03;none;0.01;64;0.9;0.999;1.00E-08;0.02395441;0.043398264;504;1.01
relu;(100, 50, 25);0.3;0.01;none;1.00E-05;32;0.9;0.99;1.00E-08;0.023955094;0.043370945;506;0.36
relu;(100, 50, 25);0.3;0.01;l2;0.0001;32;0.9;0.999;1.00E-06;0.02395566;0.04334836;506;0.98
relu;(100, 50, 25);0.1;0.03;l1;0.0001;64;0.9;0.999;1.00E-08;0.023955736;0.043345332;504;1.28
relu;(100, 50, 25);0;0.001;none;1.00E-05;64;0.9;0.999;1.00E-06;0.023956028;0.043333664;504;1.83
relu;(100, 50, 25);0.3;0.01;l2;0.01;16;0.9;0.999;1.00E-08;0.02395679;0.043303235;506;0.84
relu;(100, 100, 100, 50);0.1;0.01;l2;0.01;64;0.8;0.999;1.00E-06;0.023957128;0.043289718;504;1.76
relu;(100, 50, 25);0.1;0.001;l2;0.0001;64;0.9;0.999;1.00E-06;0.023958498;0.043235017;504;1.04
relu;(50, 50, 50);0;0.03;none;1.00E-05;64;0.8;0.999;1.00E-06;0.023960271;0.043164227;504;0.46
relu;(50, 50, 50);0.1;0.001;none;0.0001;64;0.9;0.999;1.00E-08;0.023960567;0.043152392;504;0.48
relu;(100, 100, 100, 50);0.1;0.03;none;0.0001;32;0.99;0.999;1.00E-08;0.023961145;0.043129311;506;1.48
relu;(100, 50, 25);0.3;0.001;l2;0.01;32;0.99;0.999;1.00E-08;0.02396313;0.043050058;506;0.39
relu;(100, 50, 25);0.1;0.03;none;0.0001;64;0.8;0.9;1.00E-06;0.023963485;0.04303588;504;1.13
relu;(100, 50, 25);0;0.001;none;1.00E-05;32;0.9;0.999;1.00E-06;0.023964044;0.043013538;506;1.38
relu;(100, 50, 25);0;0.01;l1;0.01;64;0.9;0.999;1.00E-08;0.02396484;0.042981778;504;0.41
relu;(100, 50, 25);0.3;0.01;none;0.0001;64;0.9;0.9;1.00E-06;0.02396498;0.042976184;504;0.46
relu;(50, 50, 50);0.1;0.01;l1;1.00E-05;64;0.99;0.9;1.00E-06;0.023965348;0.042961472;504;0.8
relu;(100, 100, 100, 50);0.1;0.03;l1;0.0001;16;0.8;0.999;1.00E-08;0.02396577;0.042944622;506;1.56
relu;(50, 50, 50);0.1;0.03;l1;0.0001;16;0.9;0.99;1.00E-08;0.023965858;0.0429411;506;0.84
relu;(100, 50, 25);0.3;0.01;l2;0.0001;32;0.9;0.999;1.00E-08;0.023966591;0.042911832;506;1.04
relu;(100, 50, 25);0.3;0.01;l2;0.01;32;0.9;0.9;1.00E-08;0.023966596;0.042911637;506;0.87
relu;(100, 100, 100, 50);0.1;0.03;l2;1.00E-05;64;0.9;0.99;1.00E-06;0.023966835;0.042902102;504;0.99
relu;(100, 50, 25);0.3;0.001;l2;0.01;64;0.9;0.99;1.00E-08;0.02396717;0.042888712;504;0.46
relu;(100, 100, 100, 50);0.1;0.01;l2;0.01;64;0.8;0.9;1.00E-06;0.023967196;0.04288766;504;1.79
relu;(50, 50, 50);0;0.01;none;0.01;64;0.8;0.999;1.00E-08;0.023967851;0.042861527;504;0.36
relu;(100, 50, 25);0;0.03;l2;0.01;32;0.8;0.999;1.00E-06;0.023967887;0.042860071;506;0.36
relu;(100, 100, 100, 50);0;0.01;l2;0.01;16;0.9;0.999;1.00E-08;0.023969015;0.042815028;506;1.21
relu;(50, 50, 50);0.3;0.001;l2;0.01;32;0.8;0.999;1.00E-08;0.023969083;0.042812339;506;0.49
relu;(100, 50, 25);0.1;0.03;none;0.0001;32;0.9;0.99;1.00E-06;0.023969271;0.042804831;506;0.97
relu;(100, 100, 100, 50);0;0.01;l1;0.0001;64;0.99;0.9;1.00E-06;0.023971285;0.042724375;504;1.52
relu;(50, 50, 50);0.3;0.01;none;0.01;16;0.8;0.999;1.00E-06;0.023972114;0.042691271;506;0.61
relu;(50, 50, 50);0.1;0.01;none;0.0001;64;0.9;0.999;1.00E-06;0.023972821;0.042663062;504;0.74
relu;(100, 50, 25);0.1;0.03;l2;0.0001;16;0.9;0.99;1.00E-06;0.02397377;0.042625142;506;0.81
relu;(100, 50, 25);0.1;0.01;l1;0.0001;16;0.8;0.99;1.00E-06;0.023974254;0.042605839;506;1.03
relu;(100, 100, 100, 50);0.1;0.03;l1;1.00E-05;16;0.9;0.99;1.00E-08;0.023974791;0.042584379;506;1.68
relu;(100, 100, 100, 50);0.1;0.01;l2;0.01;32;0.8;0.999;1.00E-08;0.023975273;0.042565113;506;1.58
relu;(100, 50, 25);0.1;0.03;l2;0.01;16;0.99;0.9;1.00E-06;0.023975965;0.042537501;506;0.87
relu;(100, 50, 25);0;0.01;l2;0.0001;64;0.8;0.99;1.00E-08;0.023976554;0.042513986;504;0.39
relu;(100, 100, 100, 50);0;0.001;none;1.00E-05;16;0.9;0.99;1.00E-08;0.023977129;0.042491004;506;1.42
relu;(100, 50, 25);0.3;0.001;l2;1.00E-05;32;0.9;0.999;1.00E-06;0.023977604;0.042472052;506;0.38
relu;(100, 100, 100, 50);0;0.01;l2;1.00E-05;64;0.9;0.99;1.00E-06;0.023977677;0.042469125;504;1.46
relu;(100, 100, 100, 50);0;0.03;none;0.0001;64;0.9;0.99;1.00E-08;0.023978451;0.042438225;504;1.51
relu;(100, 50, 25);0;0.001;l2;0.0001;16;0.8;0.9;1.00E-08;0.023978489;0.04243671;506;0.79
relu;(50, 50, 50);0;0.03;none;0.01;64;0.9;0.999;1.00E-08;0.023978717;0.042427583;504;0.43
relu;(50, 50, 50);0.3;0.01;none;0.0001;64;0.9;0.9;1.00E-06;0.023978756;0.042426055;504;0.83
relu;(100, 50, 25);0.1;0.001;none;0.01;32;0.8;0.999;1.00E-08;0.023979017;0.042415623;506;0.81
relu;(50, 50, 50);0;0.001;l2;0.0001;64;0.99;0.999;1.00E-08;0.023980214;0.042367798;504;0.4
relu;(100, 50, 25);0;0.01;l1;0.0001;32;0.99;0.99;1.00E-08;0.023981871;0.042301643;506;0.35
relu;(50, 50, 50);0;0.03;l2;0.01;16;0.8;0.9;1.00E-06;0.023981944;0.042298728;506;0.96
relu;(100, 50, 25);0;0.03;none;0.0001;16;0.99;0.99;1.00E-06;0.023982545;0.042274729;506;0.29
relu;(100, 50, 25);0;0.01;none;1.00E-05;64;0.99;0.999;1.00E-06;0.023983368;0.042241869;504;0.7
relu;(100, 100, 100, 50);0.1;0.001;none;0.0001;64;0.99;0.999;1.00E-08;0.023983766;0.042225963;504;1.83
relu;(50, 50, 50);0.3;0.01;l2;1.00E-05;16;0.99;0.99;1.00E-06;0.023984778;0.042185557;506;0.57
relu;(100, 100, 100, 50);0.1;0.01;none;0.0001;32;0.99;0.999;1.00E-06;0.023984947;0.042178783;506;1.63
relu;(100, 50, 25);0.3;0.01;l1;1.00E-05;32;0.9;0.999;1.00E-06;0.023985018;0.042175977;506;0.57
relu;(100, 50, 25);0.1;0.001;l2;0.01;64;0.8;0.99;1.00E-06;0.023985333;0.042163395;504;1.14
relu;(100, 100, 100, 50);0.3;0.01;l1;1.00E-05;64;0.8;0.99;1.00E-06;0.023985477;0.042157641;504;1.22
relu;(50, 50, 50);0;0.001;none;0.0001;64;0.99;0.9;1.00E-06;0.023985701;0.04214869;504;1.48
relu;(50, 50, 50);0;0.01;l2;1.00E-05;64;0.8;0.9;1.00E-06;0.023985917;0.042140057;504;0.43
relu;(100, 100, 100, 50);0;0.03;l1;1.00E-05;64;0.8;0.999;1.00E-08;0.023986035;0.042135336;504;1.46
relu;(50, 50, 50);0.3;0.03;l1;0.0001;32;0.8;0.999;1.00E-08;0.023986162;0.042130289;506;0.85
relu;(50, 50, 50);0.1;0.001;l1;0.0001;16;0.8;0.99;1.00E-06;0.023987219;0.042088061;506;0.48
relu;(50, 50, 50);0;0.01;l2;0.01;64;0.99;0.999;1.00E-06;0.023987884;0.042061511;504;0.42
relu;(100, 50, 25);0;0.03;l1;1.00E-05;64;0.99;0.9;1.00E-08;0.023989661;0.041990551;504;0.47
relu;(100, 50, 25);0;0.03;none;0.01;32;0.99;0.999;1.00E-06;0.023989725;0.041987996;506;0.29
relu;(100, 100, 100, 50);0;0.01;none;0.01;16;0.8;0.99;1.00E-08;0.023989784;0.041985622;506;0.91
relu;(100, 50, 25);0;0.001;none;0.0001;16;0.99;0.999;1.00E-06;0.023990993;0.04193735;506;1.23
relu;(50, 50, 50);0;0.03;none;0.0001;16;0.8;0.999;1.00E-06;0.023991867;0.041902471;506;0.31
relu;(100, 100, 100, 50);0.1;0.03;l2;0.0001;32;0.9;0.999;1.00E-08;0.023992374;0.041882202;506;0.73
relu;(100, 50, 25);0;0.03;none;0.01;64;0.99;0.99;1.00E-08;0.02399242;0.041880387;504;0.36
relu;(100, 100, 100, 50);0.1;0.001;l2;0.0001;16;0.9;0.99;1.00E-06;0.023993978;0.041818155;506;1.37
relu;(100, 100, 100, 50);0.3;0.001;l2;0.01;32;0.99;0.999;1.00E-08;0.023995355;0.041763163;506;0.98
relu;(100, 100, 100, 50);0;0.03;l1;0.0001;16;0.9;0.99;1.00E-06;0.02399621;0.04172904;506;1.13
relu;(50, 50, 50);0.3;0.01;l2;1.00E-05;32;0.9;0.99;1.00E-08;0.023996217;0.041728727;506;0.64
relu;(50, 50, 50);0.1;0.001;l1;1.00E-05;64;0.99;0.9;1.00E-06;0.023996754;0.041707297;504;0.5
relu;(100, 100, 100, 50);0.1;0.01;l1;0.0001;32;0.99;0.999;1.00E-06;0.023996853;0.041703356;506;2.06
relu;(100, 50, 25);0.1;0.03;l1;0.0001;16;0.8;0.999;1.00E-06;0.023997765;0.041666916;506;1.04
relu;(100, 100, 100, 50);0.1;0.03;none;0.0001;64;0.8;0.999;1.00E-06;0.023997835;0.04166411;504;1.83
relu;(100, 100, 100, 50);0;0.01;l1;1.00E-05;16;0.99;0.999;1.00E-08;0.023999161;0.041611188;506;1.23
relu;(100, 100, 100, 50);0.1;0.001;l2;1.00E-05;64;0.99;0.999;1.00E-06;0.023999629;0.041592501;504;1.62
relu;(50, 50, 50);0.1;0.01;l2;0.01;16;0.99;0.999;1.00E-06;0.023999796;0.041585806;506;0.72
relu;(100, 50, 25);0;0.001;l1;0.01;32;0.99;0.99;1.00E-08;0.024000205;0.041569494;506;0.92
relu;(50, 50, 50);0.1;0.001;l2;0.01;64;0.99;0.9;1.00E-08;0.024002747;0.041467987;504;0.47
relu;(100, 100, 100, 50);0;0.01;l2;0.01;64;0.9;0.999;1.00E-08;0.024002991;0.041458241;504;1.3
relu;(50, 50, 50);0.1;0.01;none;0.0001;16;0.99;0.99;1.00E-06;0.02400351;0.041437496;506;1.13
relu;(100, 100, 100, 50);0.1;0.01;none;1.00E-05;32;0.8;0.9;1.00E-06;0.024003984;0.041418562;506;1.39
relu;(100, 50, 25);0;0.03;l1;0.01;64;0.9;0.9;1.00E-08;0.024004639;0.041392421;504;0.45
relu;(100, 50, 25);0;0.03;l2;0.01;16;0.8;0.999;1.00E-08;0.024004735;0.041388598;506;0.33
relu;(100, 50, 25);0;0.01;l2;0.01;64;0.8;0.9;1.00E-06;0.024004774;0.041387016;504;0.37
relu;(100, 50, 25);0.1;0.001;none;0.0001;64;0.99;0.99;1.00E-06;0.024004902;0.041381908;504;0.46
relu;(100, 100, 100, 50);0.1;0.01;l1;0.01;16;0.9;0.9;1.00E-08;0.024005132;0.041372727;506;1.81
relu;(100, 100, 100, 50);0.1;0.01;l1;0.0001;64;0.9;0.99;1.00E-08;0.024005997;0.041338172;504;2.27
relu;(50, 50, 50);0.1;0.01;none;0.01;64;0.8;0.99;1.00E-08;0.024006012;0.041337582;504;0.88
relu;(100, 100, 100, 50);0;0.001;none;1.00E-05;32;0.9;0.99;1.00E-06;0.024007204;0.04128998;506;1.58
relu;(100, 100, 100, 50);0;0.01;none;1.00E-05;64;0.8;0.99;1.00E-08;0.024007839;0.041264632;504;1.51
relu;(100, 50, 25);0;0.01;l2;1.00E-05;32;0.9;0.99;1.00E-06;0.024008002;0.041258106;506;0.29
relu;(100, 50, 25);0.3;0.01;l1;1.00E-05;64;0.99;0.9;1.00E-08;0.024009676;0.041191257;504;0.54
relu;(50, 50, 50);0.1;0.03;l1;1.00E-05;32;0.9;0.999;1.00E-08;0.024009847;0.041184434;506;0.56
relu;(100, 100, 100, 50);0;0.03;none;1.00E-05;16;0.99;0.9;1.00E-08;0.024010785;0.04114698;506;0.91
relu;(50, 50, 50);0.1;0.01;none;0.0001;64;0.8;0.99;1.00E-06;0.024011001;0.041138358;504;0.76
relu;(100, 100, 100, 50);0;0.03;l1;0.0001;32;0.99;0.999;1.00E-08;0.024011473;0.041119509;506;1.3
relu;(100, 50, 25);0.3;0.001;l2;1.00E-05;16;0.9;0.9;1.00E-06;0.024011741;0.041108821;506;0.34
relu;(100, 50, 25);0.1;0.01;l2;0.01;16;0.8;0.999;1.00E-08;0.024012244;0.041088729;506;0.99
relu;(100, 50, 25);0.1;0.01;none;0.01;32;0.8;0.99;1.00E-08;0.024012838;0.041064999;506;0.86
relu;(50, 50, 50);0;0.03;l2;0.01;16;0.9;0.999;1.00E-08;0.024013127;0.041053466;506;0.86
relu;(50, 50, 50);0;0.03;none;0.0001;32;0.9;0.9;1.00E-06;0.024013769;0.041027828;506;0.41
relu;(100, 100, 100, 50);0.1;0.01;l2;0.0001;32;0.99;0.999;1.00E-06;0.024013848;0.041024653;506;1.49
relu;(100, 50, 25);0;0.01;l2;0.01;32;0.99;0.99;1.00E-06;0.024014039;0.041017031;506;0.29
relu;(100, 50, 25);0;0.03;none;0.01;64;0.99;0.9;1.00E-08;0.024014173;0.041011684;504;0.37
relu;(100, 50, 25);0.1;0.01;l1;1.00E-05;64;0.99;0.99;1.00E-06;0.024015532;0.040957417;504;1.16
relu;(50, 50, 50);0;0.01;l1;1.00E-05;16;0.99;0.9;1.00E-06;0.024015833;0.040945398;506;0.38
relu;(100, 50, 25);0;0.01;l1;0.01;32;0.9;0.999;1.00E-08;0.024015833;0.040945393;506;0.44
relu;(100, 100, 100, 50);0.1;0.001;l2;0.0001;64;0.8;0.9;1.00E-06;0.024015949;0.040940768;504;1.94
relu;(100, 100, 100, 50);0;0.001;none;0.01;64;0.8;0.999;1.00E-08;0.024017191;0.040891178;504;1.51
relu;(100, 100, 100, 50);0.1;0.01;l1;0.0001;64;0.99;0.99;1.00E-06;0.024017563;0.040876322;504;1.98
relu;(50, 50, 50);0.1;0.001;l2;0.0001;64;0.8;0.99;1.00E-08;0.02401835;0.040844871;504;0.43
relu;(50, 50, 50);0;0.001;l1;0.0001;64;0.99;0.999;1.00E-06;0.024019025;0.04081793;504;1.36
relu;(50, 50, 50);0.3;0.001;l2;1.00E-05;16;0.99;0.99;1.00E-06;0.024019347;0.040805058;506;0.52
relu;(100, 50, 25);0;0.03;l2;0.01;16;0.9;0.99;1.00E-06;0.024019873;0.040784053;506;0.29
relu;(100, 50, 25);0.1;0.01;l2;0.01;32;0.9;0.9;1.00E-06;0.024020218;0.040770272;506;0.84
relu;(50, 50, 50);0;0.001;l1;0.01;64;0.99;0.9;1.00E-06;0.024020403;0.040762909;504;0.45
relu;(50, 50, 50);0.3;0.01;l2;1.00E-05;32;0.8;0.999;1.00E-08;0.024020959;0.040740673;506;0.76
relu;(100, 50, 25);0;0.001;l2;1.00E-05;64;0.9;0.999;1.00E-08;0.024021595;0.040715283;504;0.88
relu;(50, 50, 50);0.1;0.03;none;0.0001;16;0.9;0.999;1.00E-08;0.024023348;0.040645284;506;0.69
relu;(50, 50, 50);0.1;0.01;l2;1.00E-05;32;0.99;0.99;1.00E-08;0.024024212;0.040610781;506;0.59
relu;(100, 50, 25);0.3;0.01;l1;0.0001;32;0.8;0.9;1.00E-06;0.024024546;0.040597428;506;0.45
relu;(100, 50, 25);0.1;0.03;l2;0.0001;64;0.99;0.9;1.00E-08;0.024024654;0.040593132;504;0.94
relu;(50, 50, 50);0;0.01;none;0.0001;16;0.99;0.99;1.00E-08;0.024024902;0.040583223;506;0.35
relu;(50, 50, 50);0.3;0.01;l1;1.00E-05;16;0.9;0.999;1.00E-06;0.024025859;0.040544993;506;0.6
relu;(50, 50, 50);0.1;0.001;none;1.00E-05;16;0.99;0.9;1.00E-06;0.024026858;0.040505108;506;0.36
relu;(100, 50, 25);0.3;0.01;l1;1.00E-05;64;0.9;0.9;1.00E-06;0.024026983;0.040500127;504;0.54
relu;(50, 50, 50);0;0.03;none;0.0001;64;0.99;0.99;1.00E-06;0.024027261;0.040489041;504;0.36
relu;(100, 100, 100, 50);0.1;0.01;none;1.00E-05;16;0.99;0.9;1.00E-08;0.024027568;0.040476769;506;1.19
relu;(50, 50, 50);0;0.001;l2;0.01;64;0.99;0.99;1.00E-08;0.024029996;0.040379788;504;0.43
relu;(100, 100, 100, 50);0.3;0.03;none;1.00E-05;64;0.8;0.999;1.00E-06;0.024030068;0.040376925;504;1.05
relu;(50, 50, 50);0;0.03;none;0.01;32;0.8;0.999;1.00E-08;0.024030405;0.04036348;506;0.39
relu;(50, 50, 50);0;0.01;l2;1.00E-05;32;0.8;0.9;1.00E-08;0.024030738;0.040350187;506;0.36
relu;(100, 50, 25);0.1;0.001;l2;0.0001;64;0.8;0.99;1.00E-06;0.024030747;0.040349798;504;1.07
relu;(100, 100, 100, 50);0.1;0.001;l2;0.01;64;0.99;0.999;1.00E-06;0.024031516;0.040319092;504;1.67
relu;(100, 100, 100, 50);0.1;0.001;l2;0.01;16;0.9;0.99;1.00E-06;0.024031734;0.040310414;506;1.59
relu;(100, 100, 100, 50);0;0.03;l2;0.0001;64;0.9;0.999;1.00E-06;0.024031981;0.040300531;504;1.33
relu;(100, 100, 100, 50);0;0.01;l2;0.0001;16;0.99;0.999;1.00E-06;0.024032222;0.040290909;506;1.23
relu;(50, 50, 50);0;0.03;none;0.0001;16;0.9;0.99;1.00E-06;0.024032731;0.040270599;506;0.29
relu;(100, 50, 25);0.3;0.01;none;1.00E-05;64;0.8;0.9;1.00E-06;0.024033384;0.040244498;504;0.52
relu;(50, 50, 50);0;0.03;l2;0.01;64;0.99;0.9;1.00E-06;0.024033458;0.04024155;504;1.47
relu;(100, 100, 100, 50);0;0.03;l2;0.01;64;0.8;0.9;1.00E-06;0.024034404;0.040203757;504;1.49
relu;(100, 50, 25);0;0.01;none;0.0001;32;0.99;0.999;1.00E-06;0.024034457;0.040201651;506;0.67
relu;(100, 50, 25);0.3;0.01;l1;0.0001;16;0.8;0.9;1.00E-08;0.024035847;0.040146148;506;0.4
relu;(100, 100, 100, 50);0;0.001;none;0.0001;16;0.9;0.999;1.00E-08;0.024036166;0.040133395;506;1.09
relu;(100, 50, 25);0;0.01;l1;0.01;16;0.9;0.99;1.00E-06;0.024036174;0.040133079;506;0.41
relu;(100, 50, 25);0.1;0.001;none;1.00E-05;32;0.8;0.9;1.00E-08;0.024036372;0.040125164;506;0.4
relu;(100, 50, 25);0.3;0.001;none;0.0001;64;0.9;0.99;1.00E-08;0.024036396;0.040124231;504;0.53
relu;(50, 50, 50);0.1;0.03;l1;0.0001;64;0.8;0.999;1.00E-08;0.024036462;0.040121573;504;0.84
relu;(100, 100, 100, 50);0;0.001;l2;1.00E-05;16;0.9;0.9;1.00E-08;0.024038226;0.040051152;506;1.18
relu;(50, 50, 50);0.1;0.01;l2;0.01;16;0.9;0.9;1.00E-08;0.024038446;0.040042357;506;0.56
relu;(50, 50, 50);0.1;0.001;none;1.00E-05;64;0.99;0.99;1.00E-06;0.024038518;0.04003947;504;0.49
relu;(100, 100, 100, 50);0.1;0.001;none;1.00E-05;16;0.9;0.99;1.00E-08;0.024039041;0.040018587;506;1.48
relu;(100, 100, 100, 50);0.1;0.001;none;0.01;64;0.8;0.999;1.00E-06;0.024040141;0.039974663;504;1.93
relu;(100, 50, 25);0;0.01;l2;0.0001;16;0.9;0.99;1.00E-08;0.024041386;0.039924933;506;0.32
relu;(50, 50, 50);0.1;0.03;l2;1.00E-05;16;0.9;0.99;1.00E-08;0.024042535;0.039879081;506;0.65
relu;(100, 100, 100, 50);0.1;0.01;l1;1.00E-05;64;0.9;0.9;1.00E-06;0.024043229;0.039851353;504;2.02
relu;(50, 50, 50);0.1;0.03;none;0.01;16;0.99;0.999;1.00E-08;0.024043571;0.039837689;506;0.58
relu;(50, 50, 50);0.3;0.01;l2;0.01;16;0.9;0.999;1.00E-08;0.024044426;0.039803549;506;0.62
relu;(100, 100, 100, 50);0.1;0.001;l2;0.01;32;0.99;0.99;1.00E-06;0.024044432;0.039803294;506;1.78
relu;(50, 50, 50);0.1;0.03;none;1.00E-05;64;0.8;0.999;1.00E-08;0.024044569;0.039797842;504;0.77
relu;(100, 100, 100, 50);0.1;0.03;none;0.0001;64;0.9;0.99;1.00E-06;0.024045195;0.039772862;504;1.78
relu;(100, 100, 100, 50);0.1;0.001;l2;1.00E-05;64;0.8;0.9;1.00E-06;0.024045229;0.039771497;504;1.6
relu;(100, 50, 25);0;0.01;l2;1.00E-05;32;0.8;0.999;1.00E-08;0.024045347;0.039766766;506;0.31
relu;(100, 100, 100, 50);0.1;0.03;l1;1.00E-05;32;0.9;0.9;1.00E-08;0.024045688;0.039753166;506;1.98
relu;(100, 100, 100, 50);0.1;0.001;l1;1.00E-05;32;0.99;0.9;1.00E-08;0.024045733;0.039751359;506;1.81
relu;(100, 50, 25);0.1;0.03;l2;1.00E-05;64;0.8;0.99;1.00E-06;0.024047466;0.039682155;504;0.92
relu;(100, 50, 25);0;0.01;l2;0.01;32;0.9;0.999;1.00E-08;0.02404774;0.039671227;506;0.3
relu;(100, 50, 25);0.1;0.001;l1;0.0001;32;0.8;0.99;1.00E-08;0.024048144;0.039655057;506;1.02
relu;(50, 50, 50);0.3;0.01;l1;0.0001;32;0.8;0.999;1.00E-08;0.024048351;0.03964683;506;0.67
relu;(100, 50, 25);0;0.001;l2;1.00E-05;32;0.8;0.9;1.00E-08;0.024049764;0.039590365;506;0.93
relu;(100, 50, 25);0.3;0.001;none;0.01;16;0.8;0.9;1.00E-08;0.024049869;0.0395862;506;0.44
relu;(100, 100, 100, 50);0.1;0.001;none;0.0001;64;0.8;0.999;1.00E-06;0.024050307;0.039568719;504;1.6
relu;(50, 50, 50);0.1;0.001;l2;0.0001;64;0.99;0.99;1.00E-08;0.024050659;0.039554623;504;0.48
relu;(100, 100, 100, 50);0;0.03;l2;1.00E-05;16;0.8;0.9;1.00E-06;0.024051239;0.039531471;506;1.17
relu;(50, 50, 50);0.1;0.001;l1;0.0001;64;0.9;0.99;1.00E-06;0.024051606;0.039516814;504;0.5
relu;(100, 50, 25);0;0.001;l2;1.00E-05;32;0.8;0.999;1.00E-08;0.024052234;0.039491746;506;0.98
relu;(100, 100, 100, 50);0.1;0.001;none;0.01;16;0.9;0.9;1.00E-06;0.024052319;0.039488353;506;1.36
relu;(100, 50, 25);0.1;0.01;none;0.01;64;0.8;0.99;1.00E-06;0.024052781;0.03946991;504;0.96
relu;(100, 100, 100, 50);0.3;0.03;l2;0.01;64;0.8;0.999;1.00E-06;0.024055109;0.039376941;504;1.59
relu;(100, 100, 100, 50);0;0.001;l1;0.01;16;0.99;0.9;1.00E-08;0.02405525;0.039371318;506;1.28
relu;(50, 50, 50);0;0.03;none;0.01;16;0.8;0.999;1.00E-06;0.024055656;0.039355071;506;0.31
relu;(100, 50, 25);0;0.001;none;1.00E-05;32;0.9;0.9;1.00E-08;0.024055968;0.039342636;506;1.4
relu;(50, 50, 50);0.1;0.03;l2;0.01;64;0.99;0.999;1.00E-06;0.024056305;0.039329167;504;0.67
relu;(100, 100, 100, 50);0.1;0.01;l2;0.0001;16;0.99;0.99;1.00E-06;0.024056539;0.039319842;506;1.36
relu;(100, 50, 25);0.1;0.001;l1;0.0001;16;0.9;0.999;1.00E-08;0.024056988;0.039301912;506;0.94
relu;(50, 50, 50);0.1;0.001;l1;1.00E-05;16;0.9;0.9;1.00E-08;0.024059583;0.039198267;506;0.42
relu;(100, 50, 25);0.1;0.01;l2;1.00E-05;64;0.99;0.9;1.00E-06;0.024060608;0.039157353;504;0.93
relu;(100, 50, 25);0;0.03;l2;1.00E-05;64;0.99;0.99;1.00E-08;0.024060986;0.039142229;504;0.36
relu;(100, 50, 25);0.1;0.001;none;1.00E-05;16;0.8;0.999;1.00E-08;0.024061366;0.039127065;506;0.37
relu;(100, 50, 25);0;0.03;l1;0.01;64;0.99;0.999;1.00E-06;0.024062081;0.039098521;504;0.5
relu;(50, 50, 50);0;0.01;none;0.01;64;0.9;0.99;1.00E-08;0.024063479;0.039042696;504;0.43
relu;(100, 100, 100, 50);0;0.03;none;0.01;64;0.8;0.99;1.00E-06;0.02406349;0.039042234;504;1.46
relu;(100, 50, 25);0.3;0.01;l2;0.01;32;0.8;0.99;1.00E-08;0.024063548;0.039039918;506;0.82
relu;(100, 50, 25);0.1;0.001;l1;1.00E-05;64;0.9;0.999;1.00E-08;0.024063929;0.039024696;504;1.27
relu;(100, 100, 100, 50);0;0.01;l2;0.01;64;0.99;0.99;1.00E-08;0.024064162;0.039015421;504;1.22
relu;(50, 50, 50);0;0.01;l2;1.00E-05;16;0.99;0.999;1.00E-08;0.024065045;0.038980167;506;0.38
relu;(100, 100, 100, 50);0.1;0.01;none;0.01;16;0.99;0.99;1.00E-08;0.024065764;0.038951421;506;1.48
relu;(100, 50, 25);0.1;0.03;l1;0.0001;64;0.8;0.99;1.00E-06;0.024066207;0.038933748;504;1.3
relu;(100, 50, 25);0;0.001;none;0.01;16;0.9;0.9;1.00E-06;0.024066783;0.038910743;506;1.33
relu;(100, 50, 25);0.3;0.001;l2;0.01;32;0.9;0.999;1.00E-08;0.024067041;0.038900438;506;0.37
relu;(100, 50, 25);0.1;0.001;none;1.00E-05;64;0.9;0.9;1.00E-08;0.024067336;0.03888866;504;1.62
relu;(100, 100, 100, 50);0.1;0.03;none;0.0001;32;0.8;0.999;1.00E-08;0.024067709;0.038873771;506;1.46
relu;(100, 100, 100, 50);0.1;0.01;l1;1.00E-05;32;0.99;0.99;1.00E-06;0.024068813;0.03882969;506;1.72
relu;(50, 50, 50);0.1;0.01;l2;0.01;64;0.99;0.9;1.00E-08;0.0240691;0.038818206;504;0.72
relu;(100, 50, 25);0.1;0.03;l1;0.0001;32;0.8;0.999;1.00E-08;0.0240692;0.038814217;506;1.18
relu;(100, 100, 100, 50);0;0.01;l2;1.00E-05;64;0.99;0.999;1.00E-06;0.024069268;0.038811505;504;1.48
relu;(100, 50, 25);0.1;0.001;l2;0.01;32;0.8;0.9;1.00E-06;0.024069654;0.038796078;506;0.98
relu;(100, 50, 25);0;0.03;none;1.00E-05;32;0.99;0.99;1.00E-08;0.02407089;0.038746725;506;0.31
relu;(100, 50, 25);0.1;0.001;l1;0.0001;16;0.99;0.9;1.00E-06;0.024073062;0.038659979;506;0.98
relu;(100, 50, 25);0;0.01;none;1.00E-05;16;0.8;0.99;1.00E-08;0.024073754;0.038632342;506;0.56
relu;(100, 100, 100, 50);0.1;0.01;l1;0.0001;32;0.9;0.9;1.00E-08;0.024073756;0.038632269;506;2.34
relu;(100, 50, 25);0;0.03;none;1.00E-05;64;0.99;0.999;1.00E-08;0.024073758;0.038632187;504;0.41
relu;(50, 50, 50);0;0.001;l2;0.01;16;0.9;0.99;1.00E-08;0.024074128;0.038617434;506;0.32
relu;(50, 50, 50);0.3;0.03;l2;0.01;32;0.8;0.99;1.00E-06;0.024074247;0.038612682;506;0.77
relu;(100, 50, 25);0.1;0.03;l1;0.0001;32;0.9;0.9;1.00E-06;0.024074764;0.038592037;506;1.08
relu;(100, 100, 100, 50);0;0.001;l2;1.00E-05;64;0.99;0.99;1.00E-08;0.02407516;0.038576203;504;1.33
relu;(50, 50, 50);0.3;0.01;l2;0.01;16;0.99;0.9;1.00E-06;0.024078446;0.038445002;506;0.67
relu;(100, 50, 25);0;0.001;l1;0.0001;32;0.99;0.99;1.00E-06;0.024078751;0.038432813;506;0.66
relu;(50, 50, 50);0;0.03;none;0.01;32;0.9;0.99;1.00E-06;0.024078855;0.03842864;506;0.34
relu;(100, 50, 25);0.1;0.01;l2;0.0001;32;0.99;0.999;1.00E-08;0.024079018;0.038422151;506;0.83
relu;(50, 50, 50);0;0.03;l2;0.01;64;0.9;0.9;1.00E-08;0.024079181;0.038415652;504;1.4
relu;(100, 50, 25);0;0.03;l2;0.01;32;0.9;0.99;1.00E-06;0.024079692;0.038395238;506;0.35
relu;(100, 100, 100, 50);0;0.01;l2;0.0001;16;0.8;0.99;1.00E-06;0.024079923;0.038386005;506;1.17
relu;(100, 50, 25);0.1;0.03;none;0.0001;64;0.9;0.999;1.00E-06;0.02408077;0.038352184;504;0.83
relu;(100, 100, 100, 50);0.1;0.001;l2;1.00E-05;32;0.9;0.99;1.00E-06;0.02408131;0.038330614;506;1.34
relu;(100, 100, 100, 50);0.1;0.03;l2;0.0001;16;0.9;0.9;1.00E-08;0.024082332;0.038289806;506;1.05
relu;(100, 100, 100, 50);0.3;0.001;l2;0.0001;64;0.8;0.99;1.00E-08;0.024082525;0.03828211;504;1.16
relu;(50, 50, 50);0;0.03;l2;0.01;16;0.99;0.9;1.00E-08;0.024083231;0.038253886;506;1
relu;(100, 50, 25);0.1;0.01;l1;0.0001;16;0.99;0.9;1.00E-06;0.024083369;0.038248375;506;1.1
relu;(100, 100, 100, 50);0.3;0.01;l1;0.0001;32;0.8;0.999;1.00E-06;0.024083597;0.038239293;506;0.86
relu;(100, 50, 25);0;0.03;none;0.01;16;0.99;0.9;1.00E-06;0.024083806;0.038230931;506;0.29
relu;(100, 50, 25);0.3;0.001;l2;0.01;16;0.9;0.9;1.00E-06;0.024084695;0.038195423;506;0.36
relu;(100, 50, 25);0;0.001;l2;0.0001;64;0.9;0.999;1.00E-06;0.024084754;0.038193072;504;0.91
relu;(50, 50, 50);0.3;0.01;l1;0.01;32;0.8;0.99;1.00E-08;0.024084935;0.038185873;506;0.66
relu;(100, 50, 25);0.3;0.01;none;0.0001;16;0.8;0.999;1.00E-06;0.024085231;0.03817405;506;0.33
relu;(50, 50, 50);0.1;0.01;none;0.0001;32;0.9;0.9;1.00E-06;0.024085514;0.038162714;506;0.96
relu;(50, 50, 50);0.1;0.001;l2;0.01;32;0.99;0.9;1.00E-08;0.024086597;0.038119503;506;0.41
relu;(100, 100, 100, 50);0.1;0.03;none;0.01;32;0.8;0.9;1.00E-06;0.024086707;0.038115087;506;1.5
relu;(50, 50, 50);0.3;0.03;l2;1.00E-05;16;0.9;0.999;1.00E-08;0.024087293;0.038091705;506;0.96
relu;(100, 50, 25);0.3;0.01;none;0.0001;64;0.8;0.99;1.00E-06;0.02408743;0.038086237;504;0.46
relu;(100, 100, 100, 50);0.1;0.03;none;0.0001;32;0.9;0.99;1.00E-06;0.024087673;0.038076527;506;1.47
relu;(50, 50, 50);0;0.01;l2;0.01;32;0.9;0.99;1.00E-06;0.024088639;0.038037949;506;0.33
relu;(50, 50, 50);0.1;0.001;l1;0.01;16;0.8;0.99;1.00E-06;0.024088831;0.038030253;506;0.41
relu;(100, 50, 25);0.3;0.001;l2;0.01;64;0.8;0.9;1.00E-08;0.024089384;0.03800817;504;0.6
relu;(50, 50, 50);0;0.03;l1;1.00E-05;64;0.8;0.999;1.00E-08;0.024089773;0.037992657;504;0.51
relu;(50, 50, 50);0.3;0.001;l2;0.01;16;0.8;0.9;1.00E-08;0.024091162;0.03793719;506;0.56
relu;(100, 100, 100, 50);0;0.01;none;0.0001;64;0.99;0.999;1.00E-06;0.024093267;0.037853105;504;1.22
relu;(100, 100, 100, 50);0;0.001;l1;1.00E-05;64;0.99;0.999;1.00E-08;0.024094077;0.037820758;504;1.55
relu;(50, 50, 50);0.1;0.01;l2;0.01;64;0.9;0.9;1.00E-08;0.024095229;0.037774775;504;0.83
relu;(100, 50, 25);0.1;0.001;none;0.01;64;0.8;0.999;1.00E-08;0.024095802;0.037751874;504;0.95
relu;(50, 50, 50);0;0.001;l1;0.01;32;0.9;0.999;1.00E-06;0.024096193;0.037736289;506;0.45
relu;(100, 50, 25);0;0.03;l1;1.00E-05;64;0.8;0.99;1.00E-08;0.024097792;0.037672432;504;0.52
relu;(100, 50, 25);0.1;0.01;l1;0.01;64;0.9;0.99;1.00E-08;0.024098847;0.037630271;504;1.02
relu;(50, 50, 50);0.3;0.03;none;0.01;64;0.8;0.9;1.00E-08;0.02409898;0.037624968;504;0.66
relu;(50, 50, 50);0.3;0.01;none;0.01;32;0.9;0.99;1.00E-08;0.024099528;0.037603093;506;0.79
relu;(100, 100, 100, 50);0.1;0.03;none;0.01;16;0.8;0.999;1.00E-06;0.024100149;0.037578281;506;1.34
relu;(100, 50, 25);0.3;0.03;l2;0.0001;16;0.8;0.99;1.00E-06;0.024100724;0.037555335;506;1.13
relu;(50, 50, 50);0.3;0.01;l1;0.0001;16;0.8;0.9;1.00E-06;0.024100767;0.037553606;506;0.67
relu;(100, 100, 100, 50);0.1;0.01;l2;0.01;64;0.9;0.999;1.00E-06;0.024102412;0.037487939;504;2.08
relu;(100, 100, 100, 50);0.1;0.001;l2;1.00E-05;64;0.8;0.999;1.00E-08;0.024102592;0.037480747;504;1.74
relu;(100, 50, 25);0.1;0.001;none;1.00E-05;16;0.99;0.9;1.00E-06;0.024103008;0.037464139;506;0.39
relu;(100, 100, 100, 50);0.1;0.03;l1;0.0001;64;0.9;0.99;1.00E-08;0.024103329;0.037451305;504;1.41
relu;(50, 50, 50);0.3;0.01;l2;0.01;32;0.99;0.99;1.00E-06;0.024104073;0.037421586;506;0.75
relu;(50, 50, 50);0.3;0.001;l1;1.00E-05;16;0.8;0.99;1.00E-08;0.024104253;0.037414398;506;0.45
relu;(100, 50, 25);0;0.001;none;0.01;16;0.99;0.99;1.00E-08;0.024104706;0.037396316;506;1.36
relu;(50, 50, 50);0;0.001;l1;0.0001;64;0.9;0.9;1.00E-06;0.02410477;0.037393747;504;1.26
relu;(100, 100, 100, 50);0.3;0.01;l2;0.01;32;0.9;0.999;1.00E-08;0.0241055;0.037364609;506;0.77
relu;(50, 50, 50);0.3;0.01;l2;1.00E-05;64;0.8;0.99;1.00E-08;0.024105706;0.037356383;504;0.6
relu;(50, 50, 50);0.3;0.001;l2;0.0001;64;0.99;0.99;1.00E-06;0.024107582;0.037281478;504;0.64
relu;(100, 50, 25);0.1;0.01;l2;0.01;32;0.8;0.99;1.00E-08;0.024110919;0.037148209;506;0.95
relu;(100, 50, 25);0;0.001;l2;0.01;32;0.99;0.9;1.00E-06;0.024112398;0.037089137;506;0.68
relu;(50, 50, 50);0.3;0.01;l2;0.01;32;0.9;0.99;1.00E-06;0.024113474;0.037046184;506;0.65
relu;(50, 50, 50);0.1;0.01;none;1.00E-05;64;0.99;0.999;1.00E-06;0.02411374;0.037035531;504;1.5
relu;(50, 50, 50);0.3;0.01;l2;0.01;64;0.9;0.99;1.00E-06;0.024115098;0.036981308;504;0.56
relu;(50, 50, 50);0.1;0.001;none;1.00E-05;16;0.8;0.9;1.00E-06;0.024115476;0.03696623;506;1.34
relu;(50, 50, 50);0.1;0.001;l1;1.00E-05;32;0.8;0.999;1.00E-06;0.024117173;0.03689846;506;0.44
relu;(50, 50, 50);0.3;0.001;l2;0.01;16;0.99;0.99;1.00E-08;0.024117557;0.036883136;506;0.57
relu;(100, 100, 100, 50);0;0.01;l2;0.01;32;0.8;0.9;1.00E-08;0.024117872;0.036870528;506;1.26
relu;(100, 50, 25);0;0.03;none;0.0001;64;0.9;0.999;1.00E-08;0.024118137;0.036859952;504;0.4
relu;(100, 100, 100, 50);0;0.01;none;0.0001;16;0.9;0.99;1.00E-06;0.024118665;0.036838875;506;1.13
relu;(100, 50, 25);0.1;0.001;l1;0.0001;64;0.99;0.999;1.00E-08;0.024118847;0.036831612;504;1.3
relu;(100, 100, 100, 50);0.1;0.001;l2;1.00E-05;32;0.9;0.99;1.00E-08;0.024119012;0.03682503;506;1.33
relu;(100, 50, 25);0.1;0.03;none;0.0001;64;0.99;0.99;1.00E-08;0.024119423;0.036808602;504;0.92
relu;(100, 100, 100, 50);0.1;0.01;l1;1.00E-05;32;0.99;0.9;1.00E-08;0.024119871;0.036790707;506;1.7
relu;(100, 50, 25);0.1;0.01;l2;1.00E-05;64;0.99;0.99;1.00E-06;0.024120795;0.036753811;504;0.96
relu;(50, 50, 50);0;0.001;l2;1.00E-05;32;0.99;0.9;1.00E-06;0.024120829;0.03675246;506;0.35
relu;(50, 50, 50);0.3;0.001;none;0.0001;32;0.8;0.99;1.00E-08;0.024122234;0.036696363;506;0.78
relu;(50, 50, 50);0.1;0.001;l2;0.0001;32;0.9;0.9;1.00E-08;0.024122388;0.036690208;506;0.47
relu;(100, 50, 25);0.1;0.03;l2;0.01;16;0.8;0.99;1.00E-08;0.024122853;0.036671612;506;0.87
relu;(100, 100, 100, 50);0.1;0.01;none;1.00E-05;32;0.99;0.99;1.00E-06;0.024123815;0.036633192;506;1.37
relu;(100, 100, 100, 50);0.1;0.001;l2;0.01;16;0.8;0.999;1.00E-08;0.024124245;0.036616026;506;1.57
relu;(100, 50, 25);0;0.001;l2;1.00E-05;16;0.99;0.999;1.00E-06;0.024124401;0.036609802;506;0.79
relu;(100, 50, 25);0;0.001;l1;0.01;32;0.9;0.9;1.00E-08;0.024125039;0.036584321;506;0.95
relu;(50, 50, 50);0;0.01;l2;0.01;16;0.9;0.9;1.00E-08;0.024125083;0.036582586;506;0.32
relu;(100, 100, 100, 50);0;0.001;l1;1.00E-05;32;0.9;0.99;1.00E-08;0.024125372;0.036571053;506;1.51
relu;(50, 50, 50);0;0.001;l2;0.0001;16;0.9;0.9;1.00E-08;0.024125665;0.036559318;506;0.33
relu;(100, 50, 25);0.3;0.01;l1;0.0001;16;0.8;0.999;1.00E-08;0.024126154;0.036539799;506;0.4
relu;(100, 100, 100, 50);0.1;0.03;l1;1.00E-05;32;0.8;0.9;1.00E-08;0.024126677;0.036518908;506;1.98
relu;(100, 50, 25);0.1;0.01;l1;0.0001;64;0.99;0.9;1.00E-06;0.024127348;0.036492124;504;1.32
relu;(100, 100, 100, 50);0;0.03;l1;0.0001;64;0.99;0.999;1.00E-08;0.024127429;0.036488888;504;1.46
relu;(100, 100, 100, 50);0.1;0.03;l1;0.0001;64;0.8;0.99;1.00E-08;0.024127523;0.036485134;504;2.66
relu;(100, 100, 100, 50);0.1;0.001;l2;0.0001;32;0.8;0.99;1.00E-06;0.024128214;0.036457521;506;1.54
relu;(100, 100, 100, 50);0;0.03;l2;0.01;32;0.99;0.99;1.00E-08;0.024129081;0.036422928;506;1.28
relu;(100, 100, 100, 50);0.1;0.01;l1;0.0001;64;0.8;0.9;1.00E-08;0.024129123;0.036421237;504;2.33
relu;(100, 100, 100, 50);0.1;0.03;l1;0.0001;16;0.8;0.9;1.00E-06;0.02413001;0.036385832;506;1.6
relu;(100, 100, 100, 50);0;0.01;l2;0.01;64;0.9;0.9;1.00E-06;0.024130373;0.036371316;504;1.39
relu;(100, 50, 25);0;0.01;none;0.0001;64;0.9;0.999;1.00E-06;0.024130709;0.036357895;504;0.77
relu;(50, 50, 50);0.1;0.001;l1;0.01;32;0.8;0.9;1.00E-06;0.024131079;0.03634312;506;0.45
relu;(100, 100, 100, 50);0.1;0.001;l1;0.0001;64;0.99;0.9;1.00E-06;0.024131214;0.036337744;504;2.01
relu;(50, 50, 50);0.1;0.01;none;0.01;64;0.99;0.999;1.00E-06;0.02413135;0.036332312;504;0.83
relu;(50, 50, 50);0.3;0.01;l1;1.00E-05;64;0.99;0.999;1.00E-08;0.024131959;0.036307979;504;0.71
relu;(50, 50, 50);0.3;0.01;none;0.01;16;0.9;0.99;1.00E-06;0.024132464;0.036287833;506;0.75
relu;(50, 50, 50);0.3;0.01;l1;1.00E-05;64;0.8;0.99;1.00E-08;0.024133344;0.036252672;504;0.74
relu;(100, 100, 100, 50);0.1;0.03;l2;0.0001;16;0.9;0.99;1.00E-08;0.024134003;0.036226367;506;1.01
relu;(100, 100, 100, 50);0.1;0.01;l1;0.0001;64;0.9;0.9;1.00E-08;0.024134732;0.036197261;504;2.22
relu;(100, 50, 25);0.3;0.01;l1;1.00E-05;32;0.8;0.99;1.00E-06;0.024135698;0.036158675;506;0.48
relu;(50, 50, 50);0;0.001;l2;1.00E-05;64;0.9;0.999;1.00E-06;0.024136363;0.036132115;504;0.44
relu;(50, 50, 50);0.3;0.01;l1;0.0001;64;0.8;0.99;1.00E-08;0.024136665;0.036120057;504;0.85
relu;(50, 50, 50);0.3;0.01;l1;0.0001;16;0.8;0.99;1.00E-08;0.024137131;0.036101457;506;0.68
relu;(100, 100, 100, 50);0.1;0.03;none;1.00E-05;16;0.9;0.999;1.00E-06;0.024137433;0.036089399;506;1.38
relu;(50, 50, 50);0;0.03;l2;0.01;32;0.9;0.999;1.00E-08;0.024139092;0.036023154;506;1.06
relu;(100, 50, 25);0.3;0.01;l2;1.00E-05;64;0.9;0.99;1.00E-06;0.024139508;0.036006537;504;0.44
relu;(100, 50, 25);0.1;0.03;l1;0.0001;32;0.9;0.99;1.00E-08;0.024139671;0.036000014;506;1.15
relu;(100, 100, 100, 50);0.3;0.01;none;0.01;16;0.8;0.99;1.00E-06;0.024140016;0.035986243;506;0.69
relu;(100, 50, 25);0.1;0.01;l1;0.0001;64;0.9;0.999;1.00E-08;0.024140298;0.035974967;504;1.31
relu;(100, 100, 100, 50);0.1;0.03;none;0.0001;32;0.8;0.9;1.00E-08;0.024140614;0.035962337;506;1.48
relu;(100, 100, 100, 50);0.3;0.01;l2;0.0001;16;0.99;0.9;1.00E-06;0.024141595;0.035923177;506;0.98
relu;(100, 100, 100, 50);0.3;0.001;l2;0.01;64;0.8;0.999;1.00E-08;0.024142224;0.035898044;504;1.37
relu;(100, 50, 25);0.1;0.03;l2;0.01;32;0.8;0.999;1.00E-08;0.024142258;0.035896693;506;0.92
relu;(100, 50, 25);0.1;0.01;l1;1.00E-05;64;0.8;0.9;1.00E-08;0.024142705;0.035878835;504;1.09
relu;(50, 50, 50);0.1;0.01;l2;0.0001;16;0.99;0.99;1.00E-06;0.024142966;0.035868436;506;0.45
relu;(50, 50, 50);0.1;0.01;l1;1.00E-05;32;0.9;0.9;1.00E-08;0.024143494;0.035847338;506;0.85
relu;(50, 50, 50);0.3;0.03;l2;1.00E-05;16;0.8;0.999;1.00E-06;0.024143761;0.035836689;506;0.99
relu;(50, 50, 50);0;0.03;l1;1.00E-05;64;0.99;0.999;1.00E-06;0.024143941;0.035829485;504;0.43
relu;(100, 100, 100, 50);0;0.01;l2;0.01;32;0.99;0.99;1.00E-08;0.02414395;0.035829147;506;1.19
relu;(50, 50, 50);0;0.01;l1;0.0001;64;0.99;0.9;1.00E-08;0.024144194;0.035819373;504;0.45
relu;(100, 100, 100, 50);0;0.03;l2;0.0001;32;0.99;0.9;1.00E-06;0.024144226;0.035818117;506;1.09
relu;(100, 50, 25);0.1;0.01;l2;1.00E-05;32;0.99;0.9;1.00E-06;0.024144367;0.035812496;506;0.73
relu;(100, 100, 100, 50);0;0.03;l2;0.01;16;0.9;0.99;1.00E-06;0.024144554;0.035805024;506;1.08
relu;(50, 50, 50);0.3;0.03;l1;0.0001;64;0.9;0.999;1.00E-08;0.024144834;0.03579382;504;0.85
relu;(100, 100, 100, 50);0.1;0.001;l1;0.0001;32;0.8;0.99;1.00E-08;0.024145191;0.035779594;506;1.49
relu;(50, 50, 50);0;0.001;l1;0.0001;64;0.99;0.9;1.00E-06;0.024145516;0.035766613;504;1.32
relu;(100, 100, 100, 50);0;0.001;none;0.01;32;0.9;0.999;1.00E-06;0.024145796;0.035755414;506;1.3
relu;(100, 100, 100, 50);0.1;0.001;l1;0.0001;64;0.99;0.999;1.00E-08;0.024146059;0.03574492;504;2.05
relu;(100, 100, 100, 50);0.1;0.01;none;1.00E-05;16;0.99;0.99;1.00E-08;0.024146076;0.035744253;506;1.23
relu;(100, 50, 25);0.1;0.03;none;1.00E-05;64;0.8;0.9;1.00E-06;0.024146419;0.035730521;504;1.16
relu;(100, 50, 25);0.3;0.03;none;1.00E-05;32;0.8;0.999;1.00E-08;0.024147183;0.035700038;506;1.05
relu;(50, 50, 50);0.1;0.01;l1;0.0001;64;0.99;0.9;1.00E-06;0.024147295;0.035695551;504;0.88
relu;(100, 50, 25);0.1;0.01;l2;0.01;32;0.99;0.999;1.00E-08;0.024148532;0.035646166;506;1.05
relu;(50, 50, 50);0;0.01;l1;0.01;32;0.99;0.99;1.00E-08;0.024148588;0.035643929;506;0.48
relu;(100, 100, 100, 50);0.3;0.001;l2;0.01;32;0.8;0.999;1.00E-06;0.024148791;0.035635798;506;0.68
relu;(50, 50, 50);0.3;0.01;none;0.0001;64;0.8;0.999;1.00E-08;0.024149426;0.03561044;504;0.93
relu;(100, 100, 100, 50);0;0.03;l2;0.01;32;0.99;0.99;1.00E-06;0.024150092;0.035583869;506;1.31
relu;(100, 100, 100, 50);0;0.01;none;0.01;64;0.9;0.99;1.00E-08;0.02415028;0.035576342;504;1.32
relu;(100, 50, 25);0.3;0.001;l2;1.00E-05;64;0.8;0.999;1.00E-06;0.024150778;0.035556467;504;0.57
relu;(100, 50, 25);0.3;0.03;l2;0.0001;64;0.8;0.9;1.00E-08;0.024150923;0.035550669;504;1.3
relu;(50, 50, 50);0;0.01;l1;0.01;16;0.8;0.99;1.00E-08;0.02415215;0.035501676;506;0.41
relu;(100, 100, 100, 50);0;0.01;l2;0.0001;64;0.9;0.999;1.00E-06;0.024152587;0.035484218;504;1.53
relu;(100, 100, 100, 50);0.3;0.001;none;1.00E-05;32;0.8;0.9;1.00E-06;0.024154924;0.035390911;506;0.75
relu;(100, 50, 25);0.1;0.01;l2;0.01;64;0.8;0.99;1.00E-06;0.024155028;0.035386749;504;1.11
relu;(100, 100, 100, 50);0;0.001;none;1.00E-05;16;0.99;0.99;1.00E-06;0.024155183;0.035380561;506;1.49
relu;(50, 50, 50);0;0.01;l1;0.01;32;0.99;0.999;1.00E-06;0.024156969;0.035309242;506;0.43
relu;(100, 50, 25);0;0.001;l2;0.01;16;0.99;0.99;1.00E-06;0.024157139;0.035302423;506;0.73
relu;(100, 100, 100, 50);0;0.03;l1;1.00E-05;32;0.9;0.999;1.00E-08;0.024157394;0.035292244;506;1.18
relu;(50, 50, 50);0;0.01;l2;0.0001;64;0.8;0.9;1.00E-08;0.024157438;0.03529052;504;0.4
relu;(100, 50, 25);0.3;0.001;none;0.01;32;0.8;0.99;1.00E-08;0.024157839;0.035274473;506;0.42
relu;(50, 50, 50);0.1;0.01;l2;0.01;16;0.8;0.999;1.00E-06;0.024157914;0.03527148;506;0.67
relu;(100, 100, 100, 50);0;0.01;l1;0.01;16;0.99;0.99;1.00E-06;0.024158101;0.035264042;506;1.23
relu;(50, 50, 50);0.1;0.01;none;0.01;64;0.9;0.99;1.00E-06;0.024158228;0.035258942;504;0.99
relu;(100, 100, 100, 50);0;0.001;l1;0.0001;64;0.8;0.99;1.00E-06;0.024158621;0.035243262;504;1.33
relu;(50, 50, 50);0.1;0.01;none;0.0001;16;0.99;0.999;1.00E-08;0.024159502;0.035208094;506;1.44
relu;(50, 50, 50);0;0.03;l2;0.01;32;0.9;0.9;1.00E-06;0.024159931;0.035190948;506;1.24
relu;(100, 50, 25);0;0.03;l1;1.00E-05;32;0.9;0.99;1.00E-06;0.024160258;0.0351779;506;0.37
relu;(100, 100, 100, 50);0.1;0.001;l1;0.01;64;0.99;0.99;1.00E-08;0.024160626;0.035163172;504;1.97
relu;(100, 50, 25);0.3;0.001;l1;1.00E-05;16;0.99;0.9;1.00E-06;0.024161542;0.0351266;506;0.41
relu;(50, 50, 50);0.3;0.01;l1;0.0001;64;0.99;0.999;1.00E-06;0.024163646;0.035042601;504;0.67
relu;(50, 50, 50);0.3;0.03;l2;1.00E-05;32;0.9;0.9;1.00E-06;0.024163824;0.035035497;506;1
relu;(100, 50, 25);0.3;0.01;l1;0.0001;64;0.99;0.999;1.00E-08;0.024164309;0.035016111;504;0.54
relu;(100, 100, 100, 50);0.3;0.001;l2;0.01;32;0.9;0.9;1.00E-08;0.024166216;0.034939956;506;0.69
relu;(50, 50, 50);0;0.03;l2;0.01;64;0.9;0.999;1.00E-06;0.024166775;0.034917629;504;1.22
relu;(50, 50, 50);0.3;0.01;none;1.00E-05;32;0.9;0.99;1.00E-06;0.024166858;0.034914308;506;0.62
relu;(50, 50, 50);0;0.01;none;1.00E-05;16;0.8;0.999;1.00E-06;0.024167307;0.034896401;506;0.33
relu;(100, 50, 25);0.1;0.01;none;1.00E-05;64;0.8;0.9;1.00E-06;0.024167682;0.034881424;504;1.18
relu;(100, 100, 100, 50);0.1;0.03;l1;1.00E-05;16;0.8;0.99;1.00E-08;0.024167888;0.034873193;506;1.45
relu;(100, 100, 100, 50);0;0.03;none;0.01;64;0.99;0.999;1.00E-06;0.024167891;0.034873065;504;1.44
relu;(100, 100, 100, 50);0;0.01;l2;0.01;16;0.99;0.999;1.00E-08;0.024167933;0.034871405;506;1.24
relu;(100, 50, 25);0.1;0.03;none;0.0001;64;0.8;0.99;1.00E-08;0.024168623;0.034843822;504;1.03
relu;(100, 100, 100, 50);0.3;0.01;l1;0.0001;64;0.9;0.999;1.00E-06;0.024168649;0.0348428;504;1.13
relu;(50, 50, 50);0.1;0.001;none;0.01;64;0.99;0.999;1.00E-06;0.024169027;0.0348277;504;0.48
relu;(100, 100, 100, 50);0.1;0.001;none;1.00E-05;64;0.99;0.999;1.00E-06;0.02416927;0.034817986;504;1.79
relu;(50, 50, 50);0.1;0.01;l2;0.01;16;0.8;0.9;1.00E-08;0.024169446;0.034810982;506;0.53
relu;(100, 50, 25);0;0.001;none;0.0001;64;0.9;0.9;1.00E-08;0.024169495;0.034809003;504;1.69
relu;(100, 50, 25);0;0.03;l2;0.01;16;0.8;0.9;1.00E-08;0.024169659;0.03480248;506;0.35
relu;(100, 100, 100, 50);0.1;0.01;l2;1.00E-05;64;0.99;0.9;1.00E-08;0.024169713;0.034800325;504;1.75
relu;(100, 50, 25);0.3;0.01;none;0.01;32;0.99;0.999;1.00E-06;0.024170405;0.034772677;506;0.44
relu;(100, 100, 100, 50);0.1;0.001;none;0.01;32;0.9;0.999;1.00E-08;0.024172311;0.034696556;506;1.62
relu;(50, 50, 50);0.3;0.01;l2;0.01;64;0.8;0.999;1.00E-08;0.024172964;0.034670482;504;0.83
relu;(100, 50, 25);0.1;0.01;l2;0.01;64;0.8;0.99;1.00E-08;0.024173498;0.034649177;504;1.16
relu;(100, 50, 25);0.3;0.01;l1;0.0001;32;0.9;0.99;1.00E-06;0.024174064;0.034626566;506;0.46
relu;(50, 50, 50);0.3;0.01;l2;1.00E-05;16;0.9;0.9;1.00E-06;0.024174255;0.034618921;506;0.59
relu;(100, 50, 25);0.1;0.03;none;0.01;16;0.99;0.999;1.00E-06;0.024174293;0.034617396;506;0.78
relu;(100, 50, 25);0.3;0.01;l1;1.00E-05;16;0.8;0.99;1.00E-06;0.024175721;0.034560387;506;0.69
relu;(100, 50, 25);0;0.01;l1;0.01;64;0.99;0.999;1.00E-06;0.024176034;0.034547887;504;0.41
relu;(100, 50, 25);0;0.01;none;0.0001;64;0.99;0.9;1.00E-06;0.024176426;0.034532227;504;0.75
relu;(50, 50, 50);0.1;0.001;l1;1.00E-05;16;0.9;0.999;1.00E-06;0.024177476;0.034490279;506;0.43
relu;(100, 100, 100, 50);0.3;0.01;l1;1.00E-05;64;0.9;0.999;1.00E-08;0.02417876;0.034439041;504;1.32
relu;(100, 50, 25);0.1;0.03;l1;0.0001;32;0.9;0.999;1.00E-08;0.024179447;0.034411584;506;1.1
relu;(50, 50, 50);0;0.001;l2;1.00E-05;16;0.99;0.9;1.00E-08;0.024180542;0.03436788;506;0.29
relu;(100, 50, 25);0.3;0.001;none;0.01;16;0.9;0.99;1.00E-08;0.024180605;0.034365364;506;0.38
relu;(100, 100, 100, 50);0;0.001;l1;1.00E-05;32;0.9;0.9;1.00E-08;0.024180984;0.034350224;506;1.54
relu;(50, 50, 50);0.1;0.001;l1;0.01;16;0.8;0.99;1.00E-08;0.024182105;0.034305443;506;0.42
relu;(100, 100, 100, 50);0.1;0.03;l1;0.0001;32;0.9;0.999;1.00E-08;0.024182399;0.034293683;506;1.46
relu;(50, 50, 50);0;0.01;l1;0.01;64;0.9;0.9;1.00E-08;0.024183173;0.034262811;504;0.51
relu;(100, 50, 25);0.3;0.001;l2;0.01;64;0.9;0.99;1.00E-06;0.024183528;0.034248618;504;0.47
relu;(50, 50, 50);0;0.001;l1;0.01;16;0.9;0.999;1.00E-08;0.024183609;0.034245384;506;1.15
relu;(100, 50, 25);0.1;0.01;l2;0.01;32;0.8;0.999;1.00E-08;0.024184316;0.034217161;506;0.93
relu;(50, 50, 50);0;0.03;none;0.0001;32;0.99;0.9;1.00E-06;0.024185577;0.034166798;506;0.32
relu;(50, 50, 50);0;0.001;none;1.00E-05;16;0.99;0.999;1.00E-06;0.024186293;0.034138203;506;0.28
relu;(100, 50, 25);0;0.01;l1;0.01;64;0.99;0.9;1.00E-08;0.024186477;0.034130859;504;0.41
relu;(100, 50, 25);0;0.03;l2;0.01;32;0.9;0.999;1.00E-08;0.024187552;0.034087926;506;0.33
relu;(100, 100, 100, 50);0;0.01;none;0.0001;32;0.8;0.999;1.00E-08;0.024187576;0.034086946;506;1.32
relu;(100, 50, 25);0.1;0.001;none;0.01;32;0.99;0.99;1.00E-08;0.024187613;0.034085495;506;1.19
relu;(100, 50, 25);0.1;0.01;none;0.0001;16;0.9;0.999;1.00E-08;0.02418866;0.034043682;506;0.81
relu;(100, 100, 100, 50);0.3;0.01;l2;0.01;32;0.8;0.99;1.00E-06;0.024189384;0.034014774;506;0.7
relu;(50, 50, 50);0.1;0.01;l2;1.00E-05;16;0.99;0.9;1.00E-06;0.02418944;0.034012523;506;0.53
relu;(50, 50, 50);0.1;0.01;l2;1.00E-05;16;0.99;0.999;1.00E-06;0.024189635;0.034004732;506;0.51
relu;(100, 100, 100, 50);0;0.001;l2;0.01;32;0.99;0.99;1.00E-06;0.024190064;0.033987618;506;1.17
relu;(50, 50, 50);0;0.03;l2;0.0001;64;0.8;0.9;1.00E-08;0.024191473;0.033931341;504;1.48
relu;(50, 50, 50);0;0.03;l2;1.00E-05;64;0.8;0.999;1.00E-06;0.024191594;0.033926499;504;1.14
relu;(100, 100, 100, 50);0;0.01;l2;0.01;16;0.99;0.999;1.00E-06;0.02419208;0.033907089;506;1.16
relu;(50, 50, 50);0;0.01;l2;0.0001;16;0.99;0.99;1.00E-06;0.024192083;0.033906997;506;0.34
relu;(50, 50, 50);0.3;0.03;none;0.01;16;0.8;0.9;1.00E-06;0.02419298;0.033871165;506;0.5
relu;(50, 50, 50);0;0.03;l1;1.00E-05;32;0.8;0.999;1.00E-06;0.024193416;0.033853741;506;0.41
relu;(100, 50, 25);0;0.01;none;1.00E-05;64;0.8;0.9;1.00E-06;0.024193863;0.03383589;504;0.7
relu;(100, 100, 100, 50);0.3;0.01;none;0.0001;64;0.99;0.99;1.00E-06;0.024196023;0.033749619;504;1.18
relu;(50, 50, 50);0.3;0.01;l2;1.00E-05;64;0.8;0.999;1.00E-08;0.024196814;0.033718062;504;0.88
relu;(50, 50, 50);0;0.01;l1;0.0001;16;0.8;0.9;1.00E-08;0.02419693;0.033713404;506;0.37
relu;(50, 50, 50);0.1;0.03;none;0.0001;64;0.99;0.99;1.00E-06;0.024197354;0.033696482;504;0.81
relu;(100, 50, 25);0;0.001;l2;0.0001;64;0.99;0.999;1.00E-06;0.02419745;0.033692662;504;0.9
relu;(100, 100, 100, 50);0;0.001;none;0.01;16;0.9;0.9;1.00E-08;0.024197466;0.033692004;506;1.19
relu;(100, 50, 25);0.1;0.03;none;0.01;16;0.9;0.999;1.00E-08;0.024198071;0.033667834;506;0.71
relu;(100, 100, 100, 50);0;0.03;l1;0.01;16;0.99;0.99;1.00E-08;0.02419881;0.033638356;506;1.36
relu;(50, 50, 50);0.1;0.03;l1;0.0001;32;0.8;0.999;1.00E-06;0.024199037;0.033629286;506;0.77
relu;(50, 50, 50);0.3;0.001;l2;0.01;64;0.99;0.9;1.00E-08;0.024199762;0.033600322;504;0.61
relu;(100, 50, 25);0.1;0.001;l2;0.0001;16;0.9;0.99;1.00E-08;0.024200116;0.033586206;506;0.75
relu;(100, 50, 25);0;0.03;l1;0.01;16;0.99;0.999;1.00E-06;0.024200272;0.033579938;506;0.34
relu;(100, 100, 100, 50);0.1;0.03;l1;1.00E-05;16;0.8;0.999;1.00E-08;0.024200507;0.033570588;506;1.44
relu;(50, 50, 50);0.1;0.03;none;1.00E-05;16;0.99;0.999;1.00E-06;0.02420084;0.033557294;506;0.5
relu;(100, 100, 100, 50);0.1;0.03;l2;0.01;16;0.8;0.9;1.00E-08;0.024201046;0.033549033;506;0.67
relu;(100, 50, 25);0.1;0.01;l2;1.00E-05;32;0.99;0.999;1.00E-08;0.02420159;0.033527332;506;0.74
relu;(100, 100, 100, 50);0.1;0.001;l1;0.0001;16;0.8;0.999;1.00E-06;0.024202435;0.033493599;506;1.35
relu;(100, 50, 25);0.3;0.01;none;0.01;16;0.9;0.9;1.00E-06;0.024203507;0.033450777;506;0.5
relu;(100, 100, 100, 50);0;0.01;l2;0.01;32;0.9;0.999;1.00E-08;0.024203519;0.033450298;506;1.25
relu;(100, 50, 25);0.3;0.01;l2;1.00E-05;16;0.9;0.99;1.00E-06;0.024203657;0.033444797;506;0.34
relu;(100, 100, 100, 50);0;0.03;none;0.0001;64;0.99;0.99;1.00E-06;0.024204192;0.033423396;504;1.49
relu;(100, 50, 25);0;0.03;l1;0.0001;16;0.99;0.9;1.00E-08;0.024204606;0.033406899;506;0.36
relu;(50, 50, 50);0.3;0.001;none;0.0001;32;0.8;0.999;1.00E-06;0.024205592;0.033367509;506;0.61
relu;(100, 100, 100, 50);0.1;0.01;l2;0.01;32;0.9;0.9;1.00E-06;0.024205691;0.033363559;506;1.54
relu;(50, 50, 50);0;0.03;none;0.0001;32;0.8;0.999;1.00E-06;0.024205696;0.033363348;506;0.39
relu;(100, 50, 25);0.1;0.001;l1;1.00E-05;64;0.8;0.999;1.00E-06;0.024206047;0.033349329;504;1.16
relu;(50, 50, 50);0;0.03;none;1.00E-05;64;0.8;0.9;1.00E-08;0.024206371;0.033336407;504;0.36
relu;(100, 50, 25);0.1;0.001;l2;0.0001;16;0.8;0.99;1.00E-08;0.024206531;0.033330003;506;0.75
relu;(50, 50, 50);0;0.01;l2;0.01;16;0.99;0.999;1.00E-08;0.024207124;0.033306316;506;0.3
relu;(100, 50, 25);0.3;0.001;none;0.0001;64;0.8;0.9;1.00E-08;0.024207219;0.03330252;504;0.67
relu;(100, 100, 100, 50);0.3;0.001;l2;1.00E-05;16;0.8;0.999;1.00E-06;0.024207604;0.03328716;506;0.6
relu;(50, 50, 50);0;0.03;l2;0.01;32;0.9;0.99;1.00E-06;0.024207961;0.033272893;506;1.12
relu;(100, 100, 100, 50);0;0.01;l2;1.00E-05;16;0.9;0.9;1.00E-06;0.024208186;0.033263928;506;1
relu;(100, 100, 100, 50);0;0.001;l1;1.00E-05;16;0.99;0.999;1.00E-06;0.024208299;0.033259394;506;1.35
relu;(100, 100, 100, 50);0.1;0.03;l1;0.0001;32;0.8;0.999;1.00E-08;0.024208435;0.033253993;506;1.56
relu;(100, 100, 100, 50);0.3;0.01;l2;1.00E-05;16;0.8;0.99;1.00E-08;0.024209528;0.033210318;506;0.66
relu;(50, 50, 50);0;0.03;none;0.01;64;0.99;0.999;1.00E-08;0.024210798;0.033159599;504;0.41
relu;(50, 50, 50);0.1;0.001;none;0.0001;32;0.9;0.999;1.00E-06;0.024210906;0.03315528;506;0.41
relu;(100, 100, 100, 50);0;0.01;l2;0.01;16;0.99;0.99;1.00E-08;0.024211548;0.033129664;506;1.2
relu;(50, 50, 50);0.1;0.001;none;1.00E-05;32;0.8;0.9;1.00E-06;0.024211843;0.033117897;506;0.41
relu;(100, 50, 25);0.3;0.03;l2;0.0001;32;0.8;0.999;1.00E-08;0.024211997;0.03311171;506;1.01
relu;(100, 100, 100, 50);0.3;0.001;l2;0.01;16;0.8;0.99;1.00E-08;0.024212477;0.033092547;506;1.05
relu;(100, 50, 25);0.1;0.001;none;1.00E-05;32;0.9;0.9;1.00E-08;0.024214038;0.033030209;506;0.39
relu;(100, 50, 25);0.1;0.03;l2;0.0001;32;0.8;0.9;1.00E-06;0.024214186;0.033024306;506;0.9
relu;(100, 100, 100, 50);0.1;0.001;l2;0.01;32;0.9;0.999;1.00E-06;0.024214473;0.033012838;506;1.65
relu;(100, 100, 100, 50);0.1;0.001;none;1.00E-05;64;0.99;0.9;1.00E-06;0.024215189;0.032984248;504;1.82
relu;(100, 50, 25);0;0.001;l2;1.00E-05;32;0.99;0.999;1.00E-06;0.02421539;0.032976232;506;0.88
relu;(100, 50, 25);0.3;0.03;l2;1.00E-05;64;0.8;0.99;1.00E-06;0.024215768;0.032961152;504;0.93
relu;(50, 50, 50);0.1;0.03;l1;0.0001;16;0.9;0.999;1.00E-08;0.024217774;0.032881038;506;0.64
relu;(100, 100, 100, 50);0.1;0.03;none;0.0001;16;0.99;0.9;1.00E-08;0.024218083;0.032868696;506;1.38
relu;(50, 50, 50);0;0.03;none;1.00E-05;16;0.8;0.999;1.00E-06;0.024219758;0.032801806;506;0.41
relu;(100, 100, 100, 50);0;0.01;l2;0.01;64;0.8;0.99;1.00E-06;0.024219764;0.032801541;504;1.35
relu;(100, 50, 25);0.1;0.001;l1;1.00E-05;16;0.8;0.999;1.00E-06;0.024219799;0.032800164;506;1.08
relu;(100, 50, 25);0.3;0.001;l2;0.0001;16;0.9;0.99;1.00E-08;0.024220044;0.032790379;506;0.51
relu;(100, 100, 100, 50);0.1;0.01;l2;0.01;16;0.9;0.999;1.00E-08;0.024220246;0.032782299;506;1.41
relu;(100, 50, 25);0.1;0.01;none;0.0001;32;0.99;0.99;1.00E-08;0.024220445;0.03277438;506;1.05
relu;(100, 100, 100, 50);0;0.01;l2;0.0001;64;0.8;0.99;1.00E-06;0.024220586;0.032768717;504;1.55
relu;(50, 50, 50);0.1;0.001;l1;1.00E-05;32;0.8;0.9;1.00E-06;0.024221092;0.032748532;506;0.46
relu;(100, 50, 25);0.1;0.01;l2;0.01;16;0.8;0.9;1.00E-06;0.024222741;0.032682669;506;0.84
relu;(100, 100, 100, 50);0;0.001;l2;0.0001;16;0.9;0.9;1.00E-08;0.02422318;0.032665129;506;1.07
relu;(50, 50, 50);0.3;0.001;l2;0.0001;32;0.99;0.9;1.00E-08;0.024223318;0.032659636;506;0.56
relu;(100, 100, 100, 50);0.1;0.01;l2;0.01;16;0.9;0.99;1.00E-06;0.0242244;0.032616423;506;1.37
relu;(100, 50, 25);0.3;0.01;l2;0.01;64;0.8;0.99;1.00E-08;0.024224415;0.032615837;504;1.18
relu;(100, 100, 100, 50);0;0.01;l1;0.01;16;0.99;0.99;1.00E-08;0.024225192;0.032584804;506;1.16
relu;(50, 50, 50);0;0.01;none;1.00E-05;32;0.9;0.9;1.00E-06;0.024225231;0.03258322;506;0.35
relu;(100, 50, 25);0;0.03;l1;1.00E-05;64;0.9;0.99;1.00E-06;0.02422778;0.032481447;504;0.46
relu;(100, 50, 25);0.1;0.01;l1;0.0001;32;0.9;0.99;1.00E-08;0.024228037;0.032471177;506;1.05
relu;(100, 50, 25);0.3;0.01;none;1.00E-05;64;0.8;0.9;1.00E-08;0.024229639;0.032407188;504;0.5
relu;(100, 100, 100, 50);0.3;0.03;none;0.01;32;0.9;0.99;1.00E-08;0.024231535;0.032331474;506;0.87
relu;(50, 50, 50);0.1;0.001;none;0.01;16;0.8;0.99;1.00E-08;0.024231815;0.032320294;506;0.44
relu;(100, 100, 100, 50);0.3;0.01;l1;0.0001;32;0.8;0.999;1.00E-08;0.024232787;0.032281509;506;1.1
relu;(100, 50, 25);0.1;0.01;l2;0.01;16;0.8;0.999;1.00E-06;0.024232994;0.032273242;506;0.87
relu;(50, 50, 50);0;0.01;l2;0.0001;16;0.99;0.9;1.00E-06;0.024233206;0.032264758;506;0.32
relu;(100, 100, 100, 50);0;0.01;l2;0.01;32;0.8;0.999;1.00E-06;0.024233267;0.032262327;506;1.23
relu;(50, 50, 50);0;0.001;l1;0.0001;64;0.9;0.999;1.00E-08;0.024233275;0.032262008;504;1.4
relu;(100, 100, 100, 50);0.1;0.001;none;0.0001;32;0.8;0.999;1.00E-08;0.024233449;0.032255049;506;1.39
relu;(100, 100, 100, 50);0.3;0.001;l2;1.00E-05;64;0.8;0.9;1.00E-06;0.024233577;0.032249952;504;1.15
relu;(50, 50, 50);0;0.001;l1;0.01;16;0.8;0.99;1.00E-06;0.024234624;0.032208138;506;0.85
relu;(100, 50, 25);0.3;0.01;none;1.00E-05;16;0.9;0.99;1.00E-06;0.02423473;0.032203894;506;0.35
relu;(100, 100, 100, 50);0;0.01;l1;1.00E-05;32;0.99;0.9;1.00E-08;0.024236363;0.032138695;506;1.36
relu;(100, 50, 25);0.1;0.01;l2;0.0001;16;0.99;0.99;1.00E-08;0.024236401;0.032137179;506;0.79
relu;(100, 100, 100, 50);0.1;0.03;none;1.00E-05;64;0.99;0.9;1.00E-06;0.024236941;0.032115628;504;1.71
relu;(100, 100, 100, 50);0.3;0.01;l2;0.01;64;0.8;0.99;1.00E-08;0.024238277;0.032062255;504;1.03
relu;(100, 100, 100, 50);0;0.001;l1;0.0001;16;0.8;0.999;1.00E-06;0.024238547;0.032051492;506;1.07
relu;(100, 50, 25);0.1;0.001;l2;1.00E-05;64;0.8;0.99;1.00E-08;0.024238847;0.032039475;504;0.91
relu;(100, 100, 100, 50);0;0.01;l2;0.01;32;0.99;0.999;1.00E-08;0.024238911;0.032036947;506;1.13
relu;(100, 100, 100, 50);0.1;0.001;none;0.01;64;0.99;0.9;1.00E-06;0.02423893;0.032036173;504;2
relu;(50, 50, 50);0;0.03;l2;0.01;16;0.8;0.9;1.00E-08;0.024239065;0.032030777;506;1.13
relu;(50, 50, 50);0;0.01;l1;0.0001;32;0.99;0.9;1.00E-06;0.024239303;0.032021291;506;0.39
relu;(100, 100, 100, 50);0.1;0.03;l1;0.0001;32;0.9;0.9;1.00E-06;0.024241647;0.03192769;506;1.48
relu;(100, 100, 100, 50);0;0.03;l2;0.01;32;0.8;0.99;1.00E-08;0.02424207;0.03191079;506;1.24
relu;(100, 50, 25);0.1;0.03;l2;1.00E-05;16;0.8;0.99;1.00E-06;0.024243439;0.031856104;506;0.91
relu;(100, 50, 25);0.3;0.01;l2;1.00E-05;64;0.9;0.99;1.00E-08;0.024243539;0.031852126;504;0.46
relu;(100, 50, 25);0.1;0.001;none;0.01;32;0.8;0.99;1.00E-08;0.024243727;0.031844607;506;0.75
relu;(50, 50, 50);0.3;0.01;l2;0.0001;16;0.8;0.99;1.00E-06;0.024245218;0.031785092;506;0.68
relu;(100, 100, 100, 50);0;0.01;none;1.00E-05;32;0.99;0.9;1.00E-06;0.024246378;0.031738759;506;1.33
relu;(100, 50, 25);0;0.03;l2;0.0001;64;0.8;0.999;1.00E-06;0.024246482;0.031734579;504;0.42
relu;(50, 50, 50);0.3;0.03;l1;1.00E-05;16;0.8;0.999;1.00E-08;0.024247146;0.031708069;506;0.57
relu;(100, 100, 100, 50);0.1;0.01;l1;0.0001;64;0.99;0.999;1.00E-06;0.024248053;0.031671863;504;1.98
relu;(50, 50, 50);0;0.03;l1;0.01;32;0.8;0.999;1.00E-06;0.024248446;0.031656176;506;0.39
relu;(100, 50, 25);0.1;0.01;l1;0.0001;16;0.99;0.99;1.00E-08;0.024248499;0.031654046;506;1.06
relu;(100, 100, 100, 50);0.1;0.001;none;0.01;32;0.9;0.9;1.00E-08;0.024248794;0.031642278;506;1.65
relu;(100, 50, 25);0.3;0.01;none;0.01;64;0.9;0.99;1.00E-08;0.024249291;0.031622402;504;0.49
relu;(100, 100, 100, 50);0.3;0.01;none;0.01;16;0.99;0.999;1.00E-08;0.024249329;0.031620915;506;0.58
relu;(100, 100, 100, 50);0.3;0.03;none;0.01;32;0.8;0.99;1.00E-08;0.024249634;0.031608727;506;0.7
relu;(100, 50, 25);0.3;0.01;none;1.00E-05;32;0.9;0.999;1.00E-08;0.024250553;0.031572042;506;0.36
relu;(100, 100, 100, 50);0.1;0.01;l2;0.01;16;0.8;0.999;1.00E-06;0.024250981;0.031554917;506;1.36
relu;(50, 50, 50);0.1;0.001;l2;1.00E-05;16;0.8;0.9;1.00E-08;0.024251255;0.031544005;506;0.43
relu;(50, 50, 50);0;0.03;none;0.0001;32;0.99;0.99;1.00E-06;0.024251767;0.031523548;506;0.41
relu;(50, 50, 50);0;0.03;l2;0.01;16;0.99;0.999;1.00E-08;0.024253862;0.031439883;506;1.23
relu;(50, 50, 50);0;0.03;l2;0.01;32;0.8;0.99;1.00E-06;0.024255774;0.031363507;506;1.07
relu;(50, 50, 50);0;0.01;l1;1.00E-05;32;0.8;0.999;1.00E-06;0.024255826;0.031361459;506;0.4
relu;(50, 50, 50);0.1;0.01;l1;0.0001;32;0.99;0.9;1.00E-08;0.024256005;0.03135431;506;0.69
relu;(50, 50, 50);0;0.01;l2;0.01;16;0.8;0.9;1.00E-06;0.024256006;0.031354277;506;0.35
relu;(50, 50, 50);0;0.001;l2;0.0001;16;0.9;0.9;1.00E-06;0.024256013;0.031353986;506;0.38
relu;(100, 50, 25);0.1;0.01;l2;0.01;32;0.8;0.99;1.00E-06;0.024257087;0.031311077;506;0.9
relu;(50, 50, 50);0.3;0.01;l1;0.0001;64;0.9;0.9;1.00E-08;0.024257268;0.031303856;504;0.66
relu;(100, 50, 25);0.3;0.001;none;0.0001;64;0.8;0.999;1.00E-08;0.024257934;0.03127726;504;0.63
relu;(100, 50, 25);0;0.03;l2;1.00E-05;64;0.99;0.999;1.00E-08;0.024259445;0.031216924;504;0.35
relu;(100, 100, 100, 50);0;0.001;none;0.0001;32;0.99;0.99;1.00E-08;0.024259493;0.031215023;506;1.31
relu;(50, 50, 50);0.1;0.001;l1;1.00E-05;16;0.9;0.999;1.00E-08;0.024259571;0.031211915;506;0.41
relu;(50, 50, 50);0.1;0.001;l2;0.01;32;0.8;0.9;1.00E-06;0.024259608;0.031210408;506;0.45
relu;(50, 50, 50);0.3;0.01;none;1.00E-05;16;0.8;0.99;1.00E-06;0.024261005;0.031154648;506;0.76
relu;(100, 100, 100, 50);0;0.001;none;1.00E-05;64;0.99;0.9;1.00E-06;0.024261502;0.031134775;504;1.38
relu;(100, 100, 100, 50);0.1;0.03;l2;0.01;32;0.9;0.9;1.00E-08;0.024261626;0.031129827;506;0.89
relu;(100, 50, 25);0.3;0.01;l2;1.00E-05;16;0.9;0.9;1.00E-08;0.024261818;0.031122163;506;0.34
relu;(50, 50, 50);0.1;0.001;l2;0.0001;32;0.9;0.999;1.00E-08;0.024261819;0.031122126;506;0.48
relu;(100, 50, 25);0.1;0.03;l1;1.00E-05;32;0.9;0.999;1.00E-06;0.024261943;0.031117155;506;1
relu;(100, 50, 25);0.1;0.01;l1;1.00E-05;32;0.99;0.9;1.00E-06;0.024262336;0.031101477;506;0.93
relu;(100, 50, 25);0.1;0.001;l1;0.0001;64;0.99;0.99;1.00E-06;0.024263287;0.031063485;504;1.37
relu;(50, 50, 50);0;0.001;none;1.00E-05;64;0.99;0.99;1.00E-08;0.024263677;0.031047935;504;0.37
relu;(50, 50, 50);0.1;0.01;none;0.0001;64;0.99;0.99;1.00E-06;0.024263898;0.031039104;504;0.79
relu;(50, 50, 50);0.1;0.01;none;0.01;32;0.8;0.99;1.00E-06;0.024264467;0.031016385;506;0.68
relu;(50, 50, 50);0.1;0.01;none;0.01;32;0.99;0.999;1.00E-08;0.024264902;0.030999006;506;0.74
relu;(100, 100, 100, 50);0.1;0.01;l2;0.0001;32;0.99;0.99;1.00E-06;0.024266517;0.030934521;506;1.49
relu;(100, 50, 25);0.1;0.01;l2;0.01;16;0.99;0.99;1.00E-08;0.024267348;0.030901323;506;0.76
relu;(100, 100, 100, 50);0.1;0.01;l2;0.0001;64;0.99;0.9;1.00E-06;0.024268255;0.030865101;504;1.82
relu;(100, 100, 100, 50);0.1;0.03;l2;1.00E-05;64;0.9;0.9;1.00E-06;0.024268915;0.030838735;504;1.24
relu;(100, 50, 25);0;0.03;l2;1.00E-05;64;0.99;0.999;1.00E-06;0.024268922;0.030838469;504;0.36
relu;(100, 100, 100, 50);0;0.03;l2;0.01;16;0.8;0.9;1.00E-08;0.024268974;0.030836386;506;1.06
relu;(50, 50, 50);0.3;0.001;l1;1.00E-05;32;0.9;0.999;1.00E-06;0.024269123;0.030830452;506;0.78
relu;(50, 50, 50);0;0.03;l2;0.01;64;0.9;0.9;1.00E-06;0.02426941;0.030818981;504;1.38
relu;(100, 100, 100, 50);0;0.001;l2;1.00E-05;16;0.8;0.9;1.00E-06;0.02426987;0.030800604;506;1.16
relu;(50, 50, 50);0;0.03;l2;0.01;16;0.8;0.99;1.00E-08;0.024270307;0.030783157;506;0.93
relu;(100, 50, 25);0;0.01;l1;0.01;32;0.99;0.99;1.00E-06;0.0242711;0.030751479;506;0.37
relu;(50, 50, 50);0;0.001;l1;0.01;64;0.9;0.9;1.00E-06;0.024271354;0.030741366;504;0.42
relu;(50, 50, 50);0;0.01;l1;0.01;16;0.8;0.999;1.00E-06;0.024271666;0.030728906;506;0.45
relu;(100, 100, 100, 50);0.1;0.001;l2;1.00E-05;64;0.99;0.99;1.00E-06;0.024272426;0.030698538;504;1.6
relu;(100, 50, 25);0.1;0.01;l1;0.01;16;0.9;0.99;1.00E-06;0.024273272;0.030664752;506;1.17
relu;(50, 50, 50);0.1;0.01;none;1.00E-05;64;0.99;0.9;1.00E-06;0.024274114;0.030631116;504;1.23
relu;(50, 50, 50);0;0.03;l1;0.0001;64;0.99;0.999;1.00E-08;0.024275439;0.03057821;504;0.48
relu;(100, 100, 100, 50);0.1;0.03;l2;0.01;16;0.99;0.999;1.00E-06;0.024276517;0.030535175;506;0.95
relu;(100, 50, 25);0.3;0.01;l1;0.0001;64;0.9;0.999;1.00E-06;0.024276725;0.030526875;504;0.53
relu;(100, 100, 100, 50);0;0.01;l2;0.01;64;0.99;0.999;1.00E-08;0.024277335;0.030502516;504;1.29
relu;(50, 50, 50);0.1;0.001;l1;1.00E-05;32;0.99;0.9;1.00E-06;0.024277544;0.030494146;506;0.44
relu;(50, 50, 50);0.3;0.01;none;1.00E-05;64;0.8;0.99;1.00E-06;0.024277776;0.030484902;504;0.86
relu;(100, 100, 100, 50);0;0.01;l2;0.0001;32;0.8;0.999;1.00E-08;0.024278333;0.03046264;506;1.32
relu;(50, 50, 50);0;0.01;none;0.01;16;0.9;0.999;1.00E-08;0.02427843;0.030458758;506;0.32
relu;(100, 100, 100, 50);0.1;0.01;none;1.00E-05;16;0.8;0.99;1.00E-06;0.024279053;0.030433905;506;1.12
relu;(100, 50, 25);0;0.01;none;0.0001;32;0.9;0.999;1.00E-06;0.024279246;0.030426208;506;0.67
relu;(100, 100, 100, 50);0.1;0.03;l1;0.0001;64;0.8;0.9;1.00E-08;0.024279543;0.030414343;504;1.8
relu;(100, 100, 100, 50);0;0.03;l2;0.01;64;0.99;0.999;1.00E-06;0.024280862;0.030361673;504;1.5
relu;(100, 50, 25);0.3;0.001;l1;0.0001;64;0.8;0.9;1.00E-08;0.024280975;0.030357152;504;0.56
relu;(100, 50, 25);0.3;0.01;none;1.00E-05;64;0.8;0.99;1.00E-08;0.024281366;0.030341517;504;0.45
relu;(100, 50, 25);0.1;0.01;l1;1.00E-05;32;0.99;0.99;1.00E-06;0.02428155;0.030334192;506;1.07
relu;(100, 100, 100, 50);0;0.03;l1;1.00E-05;16;0.99;0.99;1.00E-06;0.02428156;0.030333798;506;1.24
relu;(100, 50, 25);0.3;0.001;none;0.0001;16;0.9;0.99;1.00E-06;0.02428358;0.030253129;506;0.4
relu;(50, 50, 50);0.1;0.03;l1;1.00E-05;32;0.8;0.999;1.00E-06;0.02428369;0.030248714;506;0.71
relu;(100, 100, 100, 50);0;0.03;l2;0.01;16;0.9;0.999;1.00E-08;0.024284582;0.030213107;506;1.09
relu;(100, 50, 25);0.3;0.03;l2;0.0001;16;0.8;0.999;1.00E-06;0.02428489;0.03020082;506;0.95
relu;(100, 100, 100, 50);0.1;0.001;l1;0.0001;64;0.9;0.99;1.00E-08;0.024285091;0.030192759;504;2.06
relu;(100, 50, 25);0.1;0.001;l2;0.0001;64;0.9;0.9;1.00E-08;0.024285144;0.030190655;504;0.99
relu;(100, 100, 100, 50);0.1;0.001;none;1.00E-05;32;0.9;0.9;1.00E-06;0.02428522;0.030187622;506;1.68
relu;(100, 100, 100, 50);0.1;0.01;none;0.0001;16;0.99;0.9;1.00E-08;0.024285363;0.030181923;506;1.46
relu;(100, 100, 100, 50);0;0.001;none;0.01;64;0.9;0.9;1.00E-06;0.024285508;0.030176113;504;1.48
relu;(100, 50, 25);0.3;0.01;none;0.01;16;0.9;0.999;1.00E-08;0.024286164;0.030149908;506;0.4
relu;(100, 100, 100, 50);0.1;0.001;none;0.0001;32;0.8;0.99;1.00E-06;0.024286514;0.030135947;506;1.48
relu;(50, 50, 50);0;0.001;none;0.01;32;0.99;0.999;1.00E-08;0.024286652;0.030130437;506;0.9
relu;(100, 50, 25);0.1;0.03;l2;0.01;32;0.8;0.99;1.00E-08;0.024286689;0.030128941;506;0.98
relu;(50, 50, 50);0.1;0.01;l2;0.01;64;0.99;0.99;1.00E-06;0.024289201;0.030028646;504;0.86
relu;(100, 50, 25);0.1;0.01;l2;0.01;16;0.8;0.9;1.00E-08;0.02428945;0.030018691;506;0.79
relu;(100, 100, 100, 50);0;0.01;l1;0.01;16;0.9;0.99;1.00E-08;0.024291038;0.029955284;506;1.25
relu;(100, 100, 100, 50);0.1;0.01;l1;0.0001;16;0.99;0.9;1.00E-08;0.024291336;0.029943367;506;1.82
relu;(100, 50, 25);0;0.01;l2;0.01;16;0.9;0.9;1.00E-06;0.024292258;0.029906559;506;0.54
relu;(100, 100, 100, 50);0.3;0.001;l2;1.00E-05;64;0.9;0.99;1.00E-06;0.024292723;0.029887979;504;1.12
relu;(100, 100, 100, 50);0.3;0.01;l1;1.00E-05;64;0.9;0.99;1.00E-08;0.024292768;0.029886216;504;1.11
relu;(100, 100, 100, 50);0;0.03;l2;1.00E-05;16;0.8;0.999;1.00E-08;0.024293181;0.0298697;506;1.2
relu;(100, 50, 25);0.3;0.01;l2;0.0001;64;0.9;0.999;1.00E-06;0.02429399;0.029837402;504;0.94
relu;(50, 50, 50);0.3;0.03;none;1.00E-05;64;0.9;0.999;1.00E-06;0.024294036;0.029835552;504;0.67
relu;(100, 50, 25);0.1;0.03;l2;1.00E-05;32;0.99;0.99;1.00E-06;0.024294867;0.029802381;506;0.78
relu;(100, 100, 100, 50);0;0.03;l1;0.01;32;0.9;0.99;1.00E-06;0.024295529;0.029775922;506;1.48
relu;(100, 50, 25);0.1;0.03;l1;0.0001;64;0.8;0.999;1.00E-08;0.02429556;0.02977469;504;1.32
relu;(100, 50, 25);0;0.03;l2;1.00E-05;32;0.9;0.99;1.00E-08;0.024296419;0.029740382;506;0.29
relu;(50, 50, 50);0.1;0.01;none;0.0001;32;0.9;0.9;1.00E-08;0.024297367;0.029702548;506;1.05
relu;(50, 50, 50);0;0.001;l2;0.01;32;0.99;0.9;1.00E-06;0.024297399;0.029701275;506;0.35
relu;(100, 50, 25);0.1;0.03;none;1.00E-05;32;0.8;0.99;1.00E-06;0.024297458;0.029698889;506;1.08
relu;(100, 100, 100, 50);0.3;0.03;none;1.00E-05;64;0.8;0.9;1.00E-08;0.024298195;0.029669456;504;1.16
relu;(100, 50, 25);0;0.01;l2;0.01;16;0.99;0.999;1.00E-06;0.024298256;0.029667032;506;0.27
relu;(100, 100, 100, 50);0;0.001;none;0.01;16;0.99;0.9;1.00E-06;0.024298822;0.029644419;506;1.26
relu;(100, 50, 25);0.3;0.01;l2;1.00E-05;16;0.9;0.999;1.00E-08;0.024300246;0.029587589;506;0.33
relu;(50, 50, 50);0;0.03;none;0.01;16;0.8;0.9;1.00E-06;0.024300691;0.029569786;506;0.33
relu;(50, 50, 50);0.3;0.001;l2;0.01;16;0.9;0.99;1.00E-06;0.024300728;0.029568324;506;0.45
relu;(100, 50, 25);0;0.03;l2;0.01;16;0.8;0.99;1.00E-06;0.024302908;0.029481269;506;0.3
relu;(100, 50, 25);0.1;0.01;l2;1.00E-05;32;0.8;0.999;1.00E-06;0.024304204;0.029429514;506;0.8
relu;(50, 50, 50);0.1;0.01;none;0.01;64;0.99;0.999;1.00E-08;0.024304595;0.029413914;504;0.89
relu;(100, 100, 100, 50);0;0.01;l2;0.0001;32;0.8;0.9;1.00E-06;0.024306077;0.029354693;506;1.25
relu;(100, 100, 100, 50);0;0.001;none;0.01;64;0.8;0.999;1.00E-06;0.024306991;0.02931822;504;1.48
relu;(50, 50, 50);0.3;0.03;l1;1.00E-05;64;0.9;0.999;1.00E-08;0.024307596;0.029294055;504;0.84
relu;(100, 100, 100, 50);0;0.01;l2;0.01;64;0.99;0.9;1.00E-08;0.024307766;0.029287276;504;1.22
relu;(100, 100, 100, 50);0.1;0.001;l1;0.01;16;0.8;0.999;1.00E-06;0.024307783;0.029286574;506;1.71
relu;(50, 50, 50);0;0.01;l1;0.01;64;0.8;0.99;1.00E-08;0.024307904;0.029281746;504;0.49
relu;(50, 50, 50);0.1;0.03;l2;1.00E-05;32;0.8;0.9;1.00E-06;0.024308306;0.029265696;506;0.75
relu;(50, 50, 50);0;0.03;l2;0.01;32;0.9;0.999;1.00E-06;0.024308627;0.029252869;506;1.19
relu;(100, 100, 100, 50);0.1;0.001;l1;0.01;32;0.8;0.9;1.00E-08;0.024308683;0.029250641;506;1.88
relu;(100, 100, 100, 50);0;0.01;none;0.01;32;0.8;0.999;1.00E-06;0.024308767;0.029247286;506;1
relu;(50, 50, 50);0;0.01;l2;0.0001;64;0.8;0.999;1.00E-06;0.024309256;0.029227747;504;0.38
relu;(100, 50, 25);0.3;0.001;l2;0.01;32;0.99;0.99;1.00E-08;0.024309544;0.029216276;506;0.37
relu;(50, 50, 50);0.3;0.01;l2;0.0001;64;0.8;0.99;1.00E-06;0.024309933;0.029200711;504;0.7
relu;(100, 50, 25);0.3;0.01;none;0.01;64;0.9;0.999;1.00E-08;0.024309976;0.029199027;504;0.49
relu;(100, 100, 100, 50);0.1;0.001;l1;0.01;32;0.8;0.9;1.00E-06;0.024309976;0.029199005;506;1.91
relu;(100, 100, 100, 50);0.1;0.001;l2;1.00E-05;32;0.99;0.999;1.00E-06;0.024309995;0.02919826;506;1.41
relu;(50, 50, 50);0.3;0.01;l2;0.01;16;0.9;0.99;1.00E-08;0.024310058;0.029195719;506;0.67
relu;(100, 50, 25);0.3;0.01;none;0.01;32;0.9;0.9;1.00E-08;0.024311833;0.029124838;506;0.46
relu;(100, 50, 25);0;0.03;l1;0.01;32;0.99;0.9;1.00E-06;0.024312186;0.029110757;506;0.36
relu;(100, 50, 25);0.1;0.01;none;0.0001;16;0.99;0.999;1.00E-06;0.024312434;0.029100832;506;0.8
relu;(50, 50, 50);0.1;0.001;l2;0.0001;32;0.8;0.99;1.00E-08;0.02431285;0.029084227;506;0.44
relu;(100, 50, 25);0;0.03;l1;0.01;16;0.9;0.999;1.00E-08;0.024312975;0.029079254;506;0.35
relu;(100, 50, 25);0;0.001;l2;0.0001;32;0.99;0.999;1.00E-08;0.024313156;0.029072022;506;0.79
relu;(50, 50, 50);0.1;0.03;l2;1.00E-05;32;0.99;0.999;1.00E-06;0.02431406;0.029035918;506;0.72
relu;(50, 50, 50);0.3;0.01;none;1.00E-05;16;0.8;0.99;1.00E-08;0.024315417;0.028981728;506;0.72
relu;(100, 100, 100, 50);0;0.001;none;0.01;64;0.99;0.999;1.00E-08;0.024315633;0.028973118;504;1.6
relu;(100, 100, 100, 50);0;0.03;none;1.00E-05;64;0.8;0.99;1.00E-08;0.024315836;0.02896498;504;1.28
relu;(100, 100, 100, 50);0;0.01;l2;0.01;16;0.8;0.99;1.00E-08;0.024316207;0.028950184;506;1.15
relu;(100, 100, 100, 50);0;0.001;l2;0.0001;16;0.99;0.9;1.00E-06;0.024316298;0.028946548;506;1.12
relu;(100, 100, 100, 50);0;0.001;l1;0.01;16;0.99;0.9;1.00E-06;0.024316381;0.028943236;506;1.16
relu;(50, 50, 50);0;0.01;none;1.00E-05;64;0.99;0.999;1.00E-06;0.024317608;0.028894224;504;0.37
relu;(100, 50, 25);0.3;0.01;none;0.01;64;0.9;0.999;1.00E-06;0.02431767;0.028891773;504;0.48
relu;(50, 50, 50);0;0.01;l2;0.01;16;0.9;0.99;1.00E-08;0.024318024;0.028877614;506;0.32
relu;(100, 50, 25);0;0.001;l2;0.0001;16;0.99;0.9;1.00E-06;0.024318251;0.028868555;506;0.74
relu;(50, 50, 50);0;0.03;l1;0.01;16;0.8;0.999;1.00E-08;0.024319804;0.028806524;506;0.39
relu;(100, 100, 100, 50);0;0.03;l2;0.01;16;0.8;0.999;1.00E-06;0.024319838;0.028805174;506;1.04
relu;(100, 100, 100, 50);0.3;0.001;l2;0.01;32;0.8;0.99;1.00E-08;0.024320188;0.028791219;506;0.83
relu;(50, 50, 50);0;0.001;l2;1.00E-05;32;0.9;0.999;1.00E-06;0.024320341;0.028785075;506;0.39
relu;(100, 50, 25);0.1;0.001;none;0.01;64;0.9;0.999;1.00E-08;0.02432176;0.028728418;504;0.89
relu;(100, 50, 25);0.1;0.03;l1;1.00E-05;64;0.8;0.999;1.00E-08;0.024321778;0.028727703;504;1.13
relu;(50, 50, 50);0.3;0.01;l2;0.0001;16;0.9;0.999;1.00E-06;0.024321791;0.028727166;506;0.58
relu;(50, 50, 50);0.1;0.03;l2;0.01;32;0.9;0.9;1.00E-06;0.024322115;0.028714257;506;0.63
relu;(50, 50, 50);0.1;0.01;l2;0.0001;64;0.8;0.99;1.00E-08;0.024322135;0.028713452;504;0.65
relu;(50, 50, 50);0;0.01;none;1.00E-05;64;0.99;0.99;1.00E-08;0.024322769;0.02868813;504;0.37
relu;(100, 50, 25);0.3;0.01;l2;0.01;32;0.99;0.999;1.00E-06;0.024323244;0.028669158;506;0.97
relu;(100, 50, 25);0;0.01;none;0.01;32;0.9;0.99;1.00E-08;0.024324362;0.028624498;506;0.72
relu;(100, 100, 100, 50);0.3;0.01;l1;0.0001;16;0.8;0.999;1.00E-06;0.024325404;0.028582904;506;0.75
relu;(100, 100, 100, 50);0.1;0.03;l1;0.01;16;0.8;0.99;1.00E-08;0.024326454;0.028540956;506;0.88
relu;(100, 50, 25);0.1;0.03;none;1.00E-05;64;0.99;0.999;1.00E-08;0.024327064;0.028516623;504;1.2
relu;(100, 50, 25);0;0.03;none;1.00E-05;32;0.8;0.999;1.00E-06;0.024327093;0.028515445;506;0.55
relu;(100, 100, 100, 50);0.1;0.01;none;0.01;32;0.99;0.99;1.00E-06;0.024327891;0.028483568;506;1.54
relu;(100, 50, 25);0;0.001;l1;1.00E-05;16;0.8;0.99;1.00E-08;0.0243279;0.028483219;506;0.81
relu;(100, 50, 25);0.1;0.01;l2;0.0001;32;0.99;0.9;1.00E-06;0.024328103;0.028475122;506;0.97
relu;(100, 100, 100, 50);0.1;0.001;l2;0.01;16;0.9;0.999;1.00E-06;0.024328134;0.028473883;506;1.6
relu;(100, 100, 100, 50);0;0.01;l2;0.0001;32;0.9;0.99;1.00E-06;0.024329329;0.028426153;506;1.3
relu;(100, 100, 100, 50);0;0.03;l2;0.0001;64;0.99;0.999;1.00E-06;0.024330371;0.028384542;504;1.4
relu;(100, 100, 100, 50);0;0.03;none;0.0001;16;0.9;0.999;1.00E-08;0.024330553;0.028377286;506;1.07
relu;(50, 50, 50);0.1;0.01;l2;1.00E-05;16;0.9;0.999;1.00E-08;0.024330724;0.028370449;506;0.58
relu;(100, 50, 25);0.1;0.03;l2;0.01;16;0.99;0.999;1.00E-08;0.024331187;0.028351975;506;0.89
relu;(100, 50, 25);0;0.001;l1;1.00E-05;16;0.99;0.999;1.00E-08;0.024331304;0.02834729;506;0.61
relu;(100, 50, 25);0.1;0.03;l2;1.00E-05;32;0.99;0.999;1.00E-06;0.02433162;0.028334652;506;0.8
relu;(100, 100, 100, 50);0.1;0.01;none;0.01;16;0.8;0.99;1.00E-08;0.024331953;0.02832137;506;1.56
relu;(100, 100, 100, 50);0.1;0.001;l2;0.01;32;0.9;0.99;1.00E-08;0.024332133;0.028314195;506;1.72
relu;(50, 50, 50);0;0.001;l1;1.00E-05;16;0.9;0.999;1.00E-08;0.024332409;0.028303147;506;1.29
relu;(50, 50, 50);0.3;0.01;l1;0.0001;16;0.9;0.999;1.00E-06;0.024332571;0.028296677;506;0.84
relu;(100, 50, 25);0.1;0.01;l1;0.0001;16;0.9;0.999;1.00E-06;0.024332878;0.02828445;506;1.05
relu;(100, 100, 100, 50);0.1;0.001;l1;0.0001;16;0.9;0.99;1.00E-08;0.024334191;0.028232016;506;1.33
relu;(50, 50, 50);0.3;0.03;l1;0.0001;64;0.9;0.999;1.00E-06;0.024334525;0.028218647;504;0.97
relu;(50, 50, 50);0.1;0.01;l2;0.0001;32;0.8;0.999;1.00E-08;0.024335513;0.028179225;506;0.61
relu;(100, 50, 25);0.1;0.001;none;1.00E-05;16;0.9;0.9;1.00E-06;0.024336522;0.028138923;506;0.4
relu;(100, 100, 100, 50);0;0.001;l1;1.00E-05;64;0.9;0.9;1.00E-08;0.024337017;0.028119159;504;1.52
relu;(50, 50, 50);0.1;0.01;l1;0.01;16;0.99;0.999;1.00E-06;0.024337334;0.028106481;506;0.83
relu;(50, 50, 50);0.3;0.001;l2;0.01;64;0.9;0.9;1.00E-06;0.024337738;0.028090363;504;0.65
relu;(100, 100, 100, 50);0;0.03;l2;0.01;32;0.8;0.99;1.00E-06;0.024338314;0.028067368;506;1.25
relu;(100, 50, 25);0;0.03;none;0.0001;32;0.9;0.999;1.00E-08;0.024338408;0.028063614;506;0.31
relu;(100, 50, 25);0;0.01;none;0.0001;64;0.9;0.9;1.00E-06;0.024338452;0.028061821;504;0.74
relu;(50, 50, 50);0;0.03;none;0.0001;64;0.8;0.9;1.00E-08;0.024339015;0.028039372;504;0.37
relu;(100, 50, 25);0;0.01;l1;1.00E-05;32;0.99;0.999;1.00E-08;0.024339396;0.028024144;506;0.91
relu;(100, 50, 25);0;0.03;none;0.01;16;0.99;0.999;1.00E-08;0.024339582;0.028016716;506;0.27
relu;(100, 50, 25);0.3;0.01;l1;0.0001;64;0.8;0.99;1.00E-08;0.024340319;0.02798729;504;0.55
relu;(100, 50, 25);0;0.01;l1;1.00E-05;32;0.8;0.999;1.00E-08;0.024341222;0.027951205;506;0.84
relu;(50, 50, 50);0.1;0.03;none;0.01;32;0.9;0.9;1.00E-06;0.024342731;0.027890965;506;0.73
relu;(100, 100, 100, 50);0.1;0.001;l2;0.01;64;0.99;0.99;1.00E-06;0.024343134;0.027874864;504;1.82
relu;(100, 100, 100, 50);0.3;0.001;l2;0.01;16;0.99;0.9;1.00E-06;0.024345012;0.027799879;506;0.84
relu;(50, 50, 50);0.3;0.01;l1;0.0001;16;0.8;0.999;1.00E-06;0.024346542;0.027738772;506;0.62
relu;(100, 100, 100, 50);0;0.01;l2;0.01;64;0.99;0.99;1.00E-06;0.024347399;0.027704538;504;1.33
relu;(100, 50, 25);0;0.03;none;0.0001;64;0.99;0.999;1.00E-08;0.024348261;0.027670114;504;0.37
relu;(100, 100, 100, 50);0.1;0.001;none;0.01;32;0.8;0.999;1.00E-08;0.024348483;0.027661246;506;1.65
relu;(50, 50, 50);0.3;0.01;none;0.0001;16;0.8;0.99;1.00E-06;0.024348697;0.027652701;506;0.59
relu;(100, 50, 25);0.1;0.01;l2;1.00E-05;16;0.99;0.999;1.00E-08;0.024348758;0.027650297;506;0.74
relu;(50, 50, 50);0.1;0.01;l1;0.0001;16;0.99;0.999;1.00E-08;0.024350811;0.027568278;506;0.68
relu;(100, 50, 25);0;0.001;none;1.00E-05;32;0.9;0.99;1.00E-08;0.024350924;0.027563792;506;1.49
relu;(100, 50, 25);0.3;0.001;l2;1.00E-05;64;0.9;0.9;1.00E-08;0.024351999;0.027520835;504;0.51
relu;(100, 50, 25);0.3;0.01;l2;0.01;32;0.9;0.9;1.00E-06;0.02435211;0.027516412;506;0.85
relu;(50, 50, 50);0.1;0.01;l2;0.01;16;0.9;0.999;1.00E-08;0.024352296;0.027508986;506;0.73
relu;(100, 50, 25);0;0.01;none;0.01;64;0.99;0.9;1.00E-08;0.024352895;0.027485055;504;0.82
relu;(100, 50, 25);0.1;0.03;l1;0.0001;64;0.8;0.9;1.00E-06;0.024352988;0.027481348;504;1.3
relu;(100, 50, 25);0;0.03;l1;0.01;64;0.99;0.9;1.00E-08;0.024353059;0.027478511;504;0.4
relu;(50, 50, 50);0.3;0.03;l1;0.0001;32;0.8;0.999;1.00E-06;0.024353825;0.027447929;506;0.79
relu;(50, 50, 50);0;0.001;l1;0.0001;32;0.99;0.999;1.00E-06;0.024353894;0.027445164;506;1.28
relu;(50, 50, 50);0;0.01;none;0.0001;32;0.8;0.9;1.00E-08;0.024354841;0.027407352;506;0.33
relu;(100, 50, 25);0;0.03;l2;0.0001;32;0.9;0.9;1.00E-06;0.024354993;0.027401272;506;0.33
relu;(100, 50, 25);0.1;0.01;none;0.0001;64;0.99;0.999;1.00E-06;0.024355146;0.027395186;504;0.86
relu;(50, 50, 50);0;0.001;l1;1.00E-05;32;0.99;0.9;1.00E-08;0.024355506;0.027380819;506;1.39
relu;(100, 100, 100, 50);0.1;0.01;l2;0.0001;64;0.99;0.999;1.00E-06;0.024356846;0.027327309;504;1.85
relu;(50, 50, 50);0.3;0.01;l1;1.00E-05;32;0.99;0.9;1.00E-06;0.024357083;0.02731783;506;0.68
relu;(50, 50, 50);0;0.001;l2;0.01;32;0.99;0.99;1.00E-08;0.02435868;0.027254038;506;0.35
relu;(100, 50, 25);0.1;0.01;l2;0.01;64;0.9;0.999;1.00E-08;0.024358766;0.027250631;504;1.14
relu;(100, 50, 25);0.1;0.03;l2;0.0001;64;0.99;0.9;1.00E-06;0.024358791;0.027249629;504;0.93
relu;(100, 50, 25);0.1;0.01;l2;0.01;64;0.9;0.99;1.00E-06;0.024358923;0.027244339;504;1.18
relu;(100, 50, 25);0.1;0.03;l1;1.00E-05;16;0.9;0.999;1.00E-06;0.024359109;0.027236924;506;0.88
relu;(100, 50, 25);0;0.01;l2;0.01;64;0.99;0.9;1.00E-08;0.024359925;0.027204331;504;0.38
relu;(50, 50, 50);0.1;0.001;none;1.00E-05;16;0.99;0.9;1.00E-08;0.024360414;0.027184788;506;0.43
relu;(100, 100, 100, 50);0.1;0.01;l1;1.00E-05;16;0.99;0.9;1.00E-06;0.024360459;0.02718302;506;1.32
relu;(50, 50, 50);0.1;0.001;none;0.0001;64;0.8;0.999;1.00E-06;0.024360469;0.027182614;504;0.54
relu;(100, 100, 100, 50);0.1;0.01;l1;1.00E-05;64;0.99;0.999;1.00E-08;0.024360507;0.027181106;504;2.15
relu;(50, 50, 50);0.1;0.001;l2;0.01;32;0.99;0.99;1.00E-08;0.024360543;0.027179669;506;0.42
relu;(50, 50, 50);0.3;0.001;none;0.0001;16;0.99;0.99;1.00E-06;0.024362313;0.027108962;506;0.74
relu;(50, 50, 50);0.3;0.03;l1;1.00E-05;32;0.8;0.999;1.00E-08;0.024362562;0.02709904;506;0.61
relu;(50, 50, 50);0.1;0.001;l2;0.0001;64;0.99;0.999;1.00E-06;0.024363973;0.027042659;504;0.52
relu;(100, 100, 100, 50);0;0.03;l1;0.01;16;0.99;0.999;1.00E-06;0.024364767;0.027010963;506;1.36
relu;(100, 50, 25);0.1;0.03;l2;0.01;16;0.8;0.999;1.00E-08;0.024364908;0.02700534;506;0.87
relu;(100, 50, 25);0.3;0.01;none;1.00E-05;16;0.99;0.9;1.00E-06;0.024365095;0.026997879;506;0.34
relu;(100, 100, 100, 50);0.1;0.001;l1;1.00E-05;16;0.99;0.999;1.00E-08;0.024365576;0.02697866;506;1.68
relu;(50, 50, 50);0;0.001;l1;0.01;32;0.8;0.999;1.00E-08;0.0243667;0.026933779;506;0.99
relu;(100, 50, 25);0.1;0.001;none;1.00E-05;64;0.99;0.999;1.00E-06;0.024367137;0.02691634;504;0.45
relu;(50, 50, 50);0;0.001;l2;0.0001;16;0.9;0.99;1.00E-08;0.024367524;0.026900857;506;0.4
relu;(100, 50, 25);0.3;0.01;l2;0.01;64;0.9;0.9;1.00E-08;0.0243678;0.026889832;504;1.15
relu;(100, 100, 100, 50);0.3;0.001;none;0.0001;64;0.8;0.99;1.00E-08;0.024367911;0.026885412;504;0.96
relu;(100, 100, 100, 50);0;0.03;l2;0.01;32;0.9;0.999;1.00E-08;0.024367966;0.026883234;506;1.23
relu;(50, 50, 50);0.1;0.001;none;0.0001;64;0.99;0.999;1.00E-08;0.02436797;0.026883068;504;0.48
relu;(100, 50, 25);0.1;0.001;l1;1.00E-05;64;0.8;0.9;1.00E-08;0.024368045;0.02688006;504;1.11
relu;(100, 100, 100, 50);0;0.03;none;0.0001;16;0.9;0.99;1.00E-06;0.024368372;0.026867003;506;1
relu;(100, 100, 100, 50);0.1;0.03;l2;0.01;32;0.99;0.999;1.00E-08;0.024370674;0.026775096;506;0.69
relu;(100, 50, 25);0;0.001;l2;0.0001;16;0.8;0.9;1.00E-06;0.024371787;0.026730615;506;0.81
relu;(100, 50, 25);0;0.01;l1;0.01;32;0.99;0.99;1.00E-08;0.024372255;0.026711939;506;0.37
relu;(100, 50, 25);0.1;0.03;l1;0.0001;64;0.8;0.999;1.00E-06;0.024373042;0.026680533;504;1.3
relu;(100, 50, 25);0.3;0.001;l2;1.00E-05;64;0.99;0.9;1.00E-08;0.024374279;0.026631116;504;0.53
relu;(100, 100, 100, 50);0;0.01;none;0.01;16;0.9;0.999;1.00E-06;0.024374332;0.026629002;506;0.87
relu;(100, 50, 25);0;0.001;none;1.00E-05;64;0.9;0.9;1.00E-08;0.024374501;0.026622261;504;1.65
relu;(100, 50, 25);0.1;0.001;none;1.00E-05;64;0.99;0.99;1.00E-06;0.024375824;0.026569402;504;0.47
relu;(50, 50, 50);0.1;0.001;l2;0.0001;32;0.8;0.999;1.00E-06;0.02437625;0.026552393;506;0.43
relu;(50, 50, 50);0.3;0.01;l1;0.0001;16;0.99;0.99;1.00E-06;0.024376273;0.026551502;506;0.51
relu;(100, 50, 25);0;0.001;none;1.00E-05;32;0.8;0.999;1.00E-06;0.02437646;0.026544039;506;1.43
relu;(50, 50, 50);0.1;0.001;none;0.01;16;0.9;0.9;1.00E-08;0.024377599;0.026498545;506;0.46
relu;(50, 50, 50);0.3;0.03;none;1.00E-05;32;0.8;0.999;1.00E-06;0.024378103;0.026478414;506;0.57
relu;(100, 100, 100, 50);0.3;0.01;none;0.01;16;0.8;0.999;1.00E-06;0.024378105;0.026478316;506;0.68
relu;(100, 50, 25);0;0.03;l2;0.01;64;0.9;0.999;1.00E-06;0.024378183;0.026475207;504;0.43
relu;(50, 50, 50);0.3;0.01;none;0.01;16;0.9;0.9;1.00E-08;0.024378428;0.026465441;506;0.63
relu;(50, 50, 50);0;0.01;l2;0.01;64;0.99;0.99;1.00E-08;0.024378456;0.026464293;504;0.37
relu;(100, 100, 100, 50);0;0.01;l2;1.00E-05;32;0.8;0.999;1.00E-08;0.024378585;0.026459145;506;1.16
relu;(100, 50, 25);0.3;0.01;l1;1.00E-05;64;0.9;0.999;1.00E-08;0.024379526;0.02642158;504;0.61
relu;(100, 50, 25);0;0.01;l2;0.01;32;0.8;0.999;1.00E-08;0.024379585;0.026419226;506;0.29
relu;(100, 50, 25);0.1;0.01;l2;0.01;32;0.99;0.99;1.00E-08;0.024380597;0.026378819;506;0.89
relu;(100, 50, 25);0.3;0.01;l2;0.0001;16;0.8;0.999;1.00E-06;0.02438081;0.026370295;506;0.34
relu;(100, 50, 25);0.1;0.01;l2;0.01;64;0.8;0.9;1.00E-08;0.024380856;0.026368468;504;1.14
relu;(50, 50, 50);0.3;0.01;l1;1.00E-05;16;0.99;0.999;1.00E-06;0.024380969;0.026363937;506;0.54
relu;(100, 50, 25);0.3;0.01;none;0.0001;64;0.8;0.99;1.00E-08;0.024381285;0.026351319;504;0.46
relu;(50, 50, 50);0.1;0.01;none;0.01;16;0.8;0.999;1.00E-06;0.024381562;0.026340292;506;0.82
relu;(100, 50, 25);0;0.01;none;1.00E-05;32;0.8;0.99;1.00E-06;0.024381573;0.026339826;506;0.66
relu;(50, 50, 50);0.1;0.01;l2;0.01;16;0.99;0.999;1.00E-08;0.024382112;0.026318315;506;0.69
relu;(50, 50, 50);0.1;0.03;l2;0.01;64;0.9;0.999;1.00E-06;0.02438254;0.026301201;504;0.55
relu;(100, 100, 100, 50);0;0.03;none;1.00E-05;16;0.9;0.99;1.00E-06;0.024382609;0.026298479;506;0.94
relu;(100, 50, 25);0.1;0.01;l1;0.0001;32;0.99;0.9;1.00E-08;0.02438377;0.026252105;506;1.11
relu;(100, 50, 25);0.3;0.01;l2;0.01;16;0.99;0.9;1.00E-08;0.024384627;0.026217895;506;0.97
relu;(100, 50, 25);0.1;0.03;l2;0.01;32;0.99;0.999;1.00E-08;0.024384785;0.026211563;506;0.59
relu;(50, 50, 50);0.3;0.03;none;0.0001;32;0.9;0.99;1.00E-08;0.02438498;0.026203783;506;0.48
relu;(100, 50, 25);0.1;0.03;l2;0.01;64;0.8;0.9;1.00E-06;0.024386699;0.026135151;504;0.76
relu;(100, 100, 100, 50);0.1;0.01;none;1.00E-05;16;0.8;0.999;1.00E-08;0.02438717;0.026116338;506;1.2
relu;(100, 100, 100, 50);0.1;0.001;none;0.0001;32;0.9;0.999;1.00E-08;0.02438735;0.026109136;506;1.32
relu;(100, 100, 100, 50);0.1;0.03;none;0.0001;64;0.9;0.9;1.00E-08;0.024387447;0.026105273;504;1.8
relu;(50, 50, 50);0.3;0.001;l2;1.00E-05;32;0.99;0.9;1.00E-06;0.024387609;0.026098786;506;0.71
relu;(50, 50, 50);0;0.03;none;1.00E-05;64;0.9;0.999;1.00E-08;0.024388003;0.026083039;504;0.4
relu;(50, 50, 50);0.1;0.01;l2;0.01;32;0.99;0.99;1.00E-06;0.024389871;0.026008466;506;0.76
relu;(100, 100, 100, 50);0;0.03;l2;1.00E-05;16;0.9;0.9;1.00E-06;0.024391098;0.025959447;506;1.21
relu;(50, 50, 50);0;0.001;l2;1.00E-05;32;0.9;0.9;1.00E-06;0.02439184;0.025929821;506;0.37
relu;(50, 50, 50);0;0.03;l1;0.0001;32;0.99;0.9;1.00E-06;0.024394615;0.025819002;506;0.39
relu;(100, 100, 100, 50);0;0.03;none;0.0001;16;0.8;0.99;1.00E-08;0.024394872;0.025808732;506;0.97
relu;(50, 50, 50);0.1;0.01;none;1.00E-05;64;0.8;0.99;1.00E-06;0.024395026;0.025802609;504;0.5
relu;(100, 50, 25);0;0.001;l2;0.0001;64;0.99;0.9;1.00E-08;0.024395098;0.025799721;504;0.9
relu;(50, 50, 50);0.3;0.01;none;1.00E-05;64;0.8;0.999;1.00E-08;0.024395247;0.025793765;504;0.8
relu;(50, 50, 50);0;0.01;l2;0.01;64;0.99;0.9;1.00E-08;0.024395929;0.025766558;504;0.49
relu;(100, 50, 25);0.1;0.03;none;0.01;16;0.9;0.99;1.00E-08;0.024395945;0.025765902;506;0.66
relu;(50, 50, 50);0.1;0.001;l1;0.01;32;0.9;0.99;1.00E-08;0.024396619;0.025738976;506;0.48
relu;(50, 50, 50);0;0.03;l2;0.0001;64;0.9;0.9;1.00E-08;0.024397062;0.025721304;504;1.22
relu;(100, 50, 25);0.1;0.001;l1;0.0001;16;0.8;0.999;1.00E-06;0.024397144;0.025718035;506;0.91
relu;(100, 100, 100, 50);0.1;0.01;l1;0.0001;64;0.99;0.99;1.00E-08;0.024397382;0.025708518;504;1.99
relu;(50, 50, 50);0.3;0.001;l2;0.01;64;0.99;0.99;1.00E-08;0.024397387;0.025708298;504;0.66
relu;(100, 50, 25);0.1;0.01;l1;0.0001;16;0.99;0.999;1.00E-08;0.024398506;0.02566363;506;1.01
relu;(100, 50, 25);0.3;0.001;none;0.01;64;0.9;0.99;1.00E-06;0.024398706;0.025655634;504;0.5
relu;(100, 50, 25);0;0.001;none;0.0001;64;0.8;0.9;1.00E-06;0.02440162;0.025539266;504;1.52
relu;(50, 50, 50);0.1;0.01;none;1.00E-05;64;0.9;0.99;1.00E-06;0.024402661;0.0254977;504;0.65
relu;(50, 50, 50);0.3;0.01;l1;1.00E-05;64;0.8;0.9;1.00E-08;0.024404328;0.025431141;504;0.76
relu;(100, 100, 100, 50);0.1;0.001;none;0.01;16;0.99;0.99;1.00E-08;0.024404637;0.025418784;506;1.48
relu;(100, 50, 25);0;0.001;l2;0.01;64;0.99;0.9;1.00E-06;0.024404992;0.025404625;504;0.68
relu;(100, 100, 100, 50);0.3;0.001;l2;0.01;64;0.9;0.999;1.00E-06;0.024405093;0.025400579;504;1.19
relu;(100, 100, 100, 50);0.1;0.03;l2;0.0001;32;0.9;0.9;1.00E-06;0.024405383;0.025389012;506;1.01
relu;(50, 50, 50);0;0.01;none;0.0001;32;0.9;0.999;1.00E-06;0.024406823;0.02533151;506;0.34
relu;(50, 50, 50);0;0.01;l2;1.00E-05;16;0.8;0.99;1.00E-08;0.024407746;0.025294617;506;0.35
relu;(50, 50, 50);0;0.03;l1;0.01;64;0.99;0.9;1.00E-06;0.024410197;0.02519675;504;0.49
relu;(100, 50, 25);0;0.01;none;0.01;32;0.8;0.9;1.00E-08;0.024410229;0.02519548;506;0.71
relu;(100, 100, 100, 50);0.1;0.01;l2;0.01;32;0.8;0.99;1.00E-08;0.024411378;0.025149577;506;1.5
relu;(100, 100, 100, 50);0.1;0.01;l2;1.00E-05;64;0.8;0.999;1.00E-08;0.024411839;0.02513118;504;1.73
relu;(100, 50, 25);0.3;0.001;l2;0.01;32;0.8;0.99;1.00E-06;0.024411865;0.025130144;506;0.46
relu;(100, 100, 100, 50);0;0.01;l2;0.0001;16;0.8;0.999;1.00E-08;0.024412147;0.025118882;506;1.17
relu;(50, 50, 50);0;0.03;l2;0.0001;32;0.99;0.9;1.00E-06;0.024412465;0.02510618;506;0.96
relu;(100, 50, 25);0.1;0.03;l1;0.0001;16;0.9;0.999;1.00E-08;0.024413493;0.025065121;506;0.99
relu;(100, 100, 100, 50);0.1;0.03;none;0.01;32;0.9;0.99;1.00E-08;0.024413606;0.025060632;506;1.49
relu;(100, 50, 25);0;0.01;l2;0.01;64;0.99;0.99;1.00E-08;0.024415453;0.024986873;504;0.41
relu;(100, 50, 25);0.3;0.01;l1;0.0001;32;0.99;0.99;1.00E-08;0.024415611;0.024980557;506;0.43
relu;(100, 100, 100, 50);0.3;0.03;none;1.00E-05;64;0.9;0.999;1.00E-08;0.024416181;0.024957801;504;1
relu;(100, 100, 100, 50);0.1;0.001;none;0.0001;64;0.9;0.9;1.00E-06;0.024417356;0.024910885;504;1.67
relu;(100, 100, 100, 50);0;0.001;none;0.01;32;0.8;0.99;1.00E-08;0.02441753;0.024903913;506;1.35
relu;(100, 100, 100, 50);0;0.03;l1;0.0001;16;0.99;0.999;1.00E-08;0.024417569;0.024902347;506;1.09
relu;(50, 50, 50);0.1;0.01;l1;1.00E-05;32;0.8;0.999;1.00E-08;0.024418369;0.024870434;506;0.88
relu;(100, 100, 100, 50);0.3;0.01;l2;0.0001;32;0.8;0.99;1.00E-08;0.024420831;0.024772077;506;0.87
relu;(100, 100, 100, 50);0.1;0.03;none;1.00E-05;32;0.9;0.99;1.00E-06;0.024421713;0.02473688;506;1.52
relu;(50, 50, 50);0.1;0.01;none;0.0001;64;0.99;0.9;1.00E-06;0.024422021;0.024724575;504;0.9
relu;(100, 50, 25);0.3;0.01;l2;0.01;64;0.9;0.99;1.00E-06;0.024422624;0.024700499;504;1.26
relu;(100, 50, 25);0.3;0.01;l1;0.0001;64;0.9;0.999;1.00E-08;0.024423517;0.024664825;504;0.52
relu;(100, 50, 25);0.1;0.01;none;1.00E-05;32;0.99;0.99;1.00E-08;0.024424152;0.02463949;506;1.06
relu;(100, 50, 25);0.1;0.03;l2;0.01;16;0.8;0.999;1.00E-06;0.024424498;0.024625662;506;0.85
relu;(100, 100, 100, 50);0;0.01;l2;0.01;16;0.8;0.9;1.00E-06;0.02442476;0.024615184;506;1.18
relu;(100, 50, 25);0;0.01;l1;0.01;32;0.8;0.99;1.00E-06;0.024425878;0.024570551;506;0.35
relu;(50, 50, 50);0;0.01;l1;0.01;32;0.9;0.999;1.00E-08;0.024426214;0.024557141;506;0.39
relu;(100, 100, 100, 50);0;0.03;l2;0.0001;64;0.99;0.99;1.00E-08;0.024426886;0.024530294;504;1.42
relu;(100, 100, 100, 50);0.1;0.01;l2;0.01;64;0.8;0.99;1.00E-06;0.024427266;0.024515124;504;1.82
relu;(100, 50, 25);0.3;0.001;none;0.0001;32;0.8;0.9;1.00E-08;0.024427342;0.024512103;506;0.43
relu;(100, 50, 25);0.1;0.03;l2;0.01;64;0.8;0.999;1.00E-06;0.024427725;0.024496774;504;0.55
relu;(100, 50, 25);0.3;0.01;none;1.00E-05;64;0.99;0.999;1.00E-08;0.024428422;0.024468974;504;0.45
relu;(50, 50, 50);0;0.03;l2;0.01;16;0.99;0.99;1.00E-08;0.024428649;0.024459907;506;0.97
relu;(100, 50, 25);0.3;0.001;l2;0.01;32;0.8;0.99;1.00E-08;0.024430423;0.024389044;506;0.4
relu;(50, 50, 50);0;0.03;l1;0.01;16;0.8;0.9;1.00E-08;0.024430864;0.024371426;506;0.41
relu;(100, 50, 25);0.1;0.001;none;0.01;16;0.9;0.9;1.00E-06;0.024431698;0.024338135;506;0.34
relu;(100, 50, 25);0;0.03;none;0.01;16;0.9;0.99;1.00E-08;0.024431785;0.02433467;506;0.27
relu;(100, 100, 100, 50);0.1;0.03;none;0.0001;16;0.9;0.99;1.00E-06;0.024431859;0.024331687;506;1.3
relu;(100, 100, 100, 50);0.1;0.001;l2;1.00E-05;32;0.9;0.999;1.00E-08;0.024432043;0.024324353;506;1.39
relu;(50, 50, 50);0.1;0.01;l2;0.01;16;0.9;0.9;1.00E-06;0.024433741;0.024256554;506;0.72
relu;(50, 50, 50);0;0.01;l1;1.00E-05;64;0.99;0.999;1.00E-06;0.024434097;0.024242318;504;0.41
relu;(100, 100, 100, 50);0.3;0.03;l2;0.01;32;0.9;0.9;1.00E-08;0.024434696;0.024218404;506;1.22
relu;(50, 50, 50);0;0.01;none;1.00E-05;64;0.99;0.9;1.00E-06;0.024435276;0.024195254;504;0.45
relu;(100, 100, 100, 50);0.3;0.001;l2;0.0001;16;0.8;0.99;1.00E-06;0.024437096;0.02412256;506;0.65
relu;(100, 50, 25);0.3;0.01;l1;0.0001;16;0.8;0.99;1.00E-06;0.024437627;0.024101373;506;0.42
relu;(50, 50, 50);0.1;0.03;l1;1.00E-05;16;0.99;0.99;1.00E-08;0.024437753;0.024096318;506;0.52
relu;(100, 100, 100, 50);0.1;0.01;l2;0.01;64;0.9;0.99;1.00E-08;0.02443987;0.024011806;504;1.78
relu;(100, 100, 100, 50);0.1;0.01;l1;0.0001;32;0.99;0.99;1.00E-08;0.024441108;0.02396235;506;2.14
relu;(50, 50, 50);0.1;0.01;l1;1.00E-05;32;0.8;0.9;1.00E-06;0.024441306;0.023954444;506;0.72
relu;(100, 100, 100, 50);0.1;0.03;l1;0.0001;16;0.9;0.999;1.00E-06;0.024441374;0.023951717;506;1.58
relu;(50, 50, 50);0.3;0.03;l2;0.01;32;0.8;0.999;1.00E-06;0.024441378;0.023951549;506;0.95
relu;(100, 50, 25);0;0.001;l1;0.01;16;0.9;0.99;1.00E-08;0.024441993;0.023927009;506;0.78
relu;(100, 100, 100, 50);0;0.03;none;0.0001;16;0.99;0.999;1.00E-06;0.024442124;0.023921764;506;1.05
relu;(100, 50, 25);0.3;0.01;none;1.00E-05;32;0.8;0.9;1.00E-06;0.024442411;0.023910298;506;0.42
relu;(100, 50, 25);0;0.03;l2;0.01;64;0.9;0.9;1.00E-08;0.024442452;0.023908687;504;0.4
relu;(100, 50, 25);0.3;0.001;none;1.00E-05;32;0.9;0.9;1.00E-08;0.024443224;0.023877866;506;0.38
relu;(100, 50, 25);0.1;0.001;l2;1.00E-05;64;0.9;0.999;1.00E-08;0.024443707;0.023858576;504;0.97
relu;(50, 50, 50);0.1;0.001;none;0.0001;32;0.9;0.99;1.00E-06;0.024444037;0.023845389;506;0.41
relu;(100, 100, 100, 50);0.3;0.01;l1;0.0001;64;0.99;0.9;1.00E-08;0.024444194;0.023839096;504;1.28
relu;(100, 50, 25);0.3;0.03;none;0.01;32;0.9;0.99;1.00E-08;0.024444196;0.023839026;506;0.82
relu;(100, 100, 100, 50);0.1;0.03;none;1.00E-05;16;0.8;0.99;1.00E-08;0.02444462;0.023822103;506;1.55
relu;(100, 50, 25);0.3;0.001;l1;0.0001;16;0.9;0.9;1.00E-06;0.024444948;0.023809014;506;0.41
relu;(50, 50, 50);0.3;0.01;l1;0.0001;16;0.99;0.999;1.00E-06;0.024445088;0.023803394;506;0.45
relu;(50, 50, 50);0.1;0.03;none;1.00E-05;32;0.9;0.99;1.00E-06;0.024445975;0.023767989;506;0.66
relu;(100, 100, 100, 50);0;0.03;l2;0.0001;32;0.99;0.9;1.00E-08;0.024446358;0.023752694;506;1.07
relu;(100, 50, 25);0;0.01;l1;0.01;64;0.99;0.9;1.00E-06;0.024446692;0.023739339;504;0.42
relu;(100, 50, 25);0.1;0.03;l1;1.00E-05;64;0.99;0.99;1.00E-08;0.024446892;0.023731384;504;1.15
relu;(50, 50, 50);0.1;0.01;l2;0.01;32;0.9;0.999;1.00E-06;0.024447223;0.023718168;506;0.78
relu;(100, 100, 100, 50);0;0.001;l2;1.00E-05;64;0.99;0.999;1.00E-08;0.024447622;0.023702228;504;1.36
relu;(50, 50, 50);0;0.03;none;0.0001;16;0.8;0.99;1.00E-06;0.024448143;0.02368141;506;0.32
relu;(50, 50, 50);0.1;0.03;l2;0.01;64;0.8;0.9;1.00E-08;0.024448407;0.023670863;504;0.64
relu;(100, 50, 25);0.3;0.03;l1;1.00E-05;16;0.8;0.99;1.00E-08;0.024448462;0.023668692;506;0.81
relu;(50, 50, 50);0.3;0.01;l1;0.01;64;0.9;0.9;1.00E-06;0.024448813;0.02365467;504;0.67
relu;(50, 50, 50);0.3;0.01;l2;1.00E-05;32;0.99;0.999;1.00E-08;0.024451064;0.023564778;506;0.82
relu;(50, 50, 50);0;0.001;l2;0.0001;32;0.8;0.9;1.00E-08;0.02445136;0.023552934;506;0.33
relu;(100, 50, 25);0.1;0.03;l1;1.00E-05;64;0.8;0.999;1.00E-06;0.024451419;0.023550591;504;1.16
relu;(100, 100, 100, 50);0;0.03;l2;0.01;16;0.9;0.99;1.00E-08;0.024452097;0.023523503;506;1.08
relu;(100, 50, 25);0;0.01;none;1.00E-05;32;0.99;0.99;1.00E-08;0.024452952;0.023489366;506;0.6
relu;(100, 50, 25);0.3;0.001;l1;0.01;32;0.8;0.999;1.00E-06;0.02445341;0.023471075;506;0.46
relu;(100, 50, 25);0.1;0.03;l2;0.01;32;0.9;0.9;1.00E-06;0.024454901;0.02341153;506;0.96
relu;(100, 100, 100, 50);0;0.03;l1;1.00E-05;64;0.99;0.999;1.00E-06;0.024455043;0.023405859;504;1.43
relu;(50, 50, 50);0;0.001;l2;0.0001;32;0.8;0.999;1.00E-06;0.024455546;0.023385763;506;0.36
relu;(50, 50, 50);0.3;0.01;none;0.0001;64;0.99;0.99;1.00E-08;0.024455806;0.02337539;504;0.87
relu;(50, 50, 50);0;0.001;l2;0.0001;32;0.9;0.9;1.00E-06;0.024456277;0.023356577;506;0.37
relu;(100, 50, 25);0.1;0.001;l2;1.00E-05;16;0.9;0.99;1.00E-08;0.024456504;0.023347506;506;0.79
relu;(100, 50, 25);0.1;0.001;none;0.0001;32;0.9;0.9;1.00E-08;0.024456736;0.023338255;506;0.36
relu;(100, 100, 100, 50);0.1;0.03;l1;0.0001;32;0.8;0.9;1.00E-06;0.024457409;0.02331137;506;1.51
relu;(100, 100, 100, 50);0;0.01;none;1.00E-05;32;0.99;0.999;1.00E-06;0.024457422;0.023310843;506;1.27
relu;(100, 50, 25);0;0.001;l2;1.00E-05;32;0.8;0.9;1.00E-06;0.024457637;0.023302262;506;0.79
relu;(100, 50, 25);0.3;0.03;l1;0.0001;64;0.8;0.999;1.00E-06;0.024458425;0.023270805;504;1.5
relu;(100, 100, 100, 50);0;0.001;l1;1.00E-05;16;0.99;0.99;1.00E-06;0.024458777;0.023256764;506;1.4
relu;(100, 50, 25);0;0.03;l2;0.01;32;0.8;0.99;1.00E-08;0.024460052;0.023205818;506;0.37
relu;(50, 50, 50);0.3;0.01;l1;0.01;16;0.99;0.99;1.00E-06;0.024460077;0.023204834;506;0.72
relu;(100, 50, 25);0.1;0.03;l2;0.01;64;0.8;0.9;1.00E-08;0.024460788;0.023176435;504;0.69
relu;(50, 50, 50);0.1;0.03;none;0.01;16;0.8;0.999;1.00E-08;0.024463732;0.023058869;506;0.69
relu;(100, 100, 100, 50);0;0.01;l2;0.01;64;0.9;0.99;1.00E-06;0.024464341;0.023034574;504;1.34
relu;(100, 100, 100, 50);0;0.03;none;1.00E-05;64;0.9;0.999;1.00E-06;0.024464794;0.023016449;504;1.35
relu;(50, 50, 50);0.1;0.03;l2;0.01;32;0.9;0.999;1.00E-06;0.024464971;0.023009383;506;0.67
relu;(100, 50, 25);0.1;0.001;none;1.00E-05;64;0.99;0.9;1.00E-06;0.024465279;0.022997091;504;0.51
relu;(50, 50, 50);0.3;0.001;none;0.0001;32;0.8;0.9;1.00E-08;0.024465841;0.022974641;506;0.56
relu;(100, 50, 25);0;0.001;l2;0.0001;32;0.9;0.99;1.00E-06;0.02446629;0.02295672;506;0.93
relu;(50, 50, 50);0.3;0.01;l2;1.00E-05;32;0.8;0.9;1.00E-06;0.0244669;0.022932367;506;0.74
relu;(100, 100, 100, 50);0;0.001;none;1.00E-05;64;0.9;0.999;1.00E-08;0.024467646;0.02290258;504;1.44
relu;(100, 100, 100, 50);0.1;0.03;l1;0.01;64;0.99;0.999;1.00E-08;0.024469041;0.02284687;504;1.02
relu;(50, 50, 50);0;0.03;none;1.00E-05;64;0.99;0.9;1.00E-06;0.024470399;0.022792638;504;0.34
relu;(100, 100, 100, 50);0;0.03;l2;0.0001;32;0.8;0.99;1.00E-08;0.024470755;0.022778418;506;1.11
relu;(100, 100, 100, 50);0.3;0.001;l1;1.00E-05;64;0.9;0.9;1.00E-06;0.024470878;0.022773492;504;1.1
relu;(50, 50, 50);0.1;0.03;l2;0.01;64;0.8;0.99;1.00E-08;0.024471041;0.022767016;504;0.69
relu;(50, 50, 50);0.1;0.001;l1;1.00E-05;16;0.9;0.99;1.00E-06;0.024471328;0.022755535;506;0.43
relu;(100, 100, 100, 50);0.1;0.03;l2;1.00E-05;16;0.99;0.999;1.00E-08;0.02447249;0.02270913;506;0.62
relu;(100, 100, 100, 50);0;0.01;l2;0.01;32;0.99;0.99;1.00E-06;0.024472493;0.02270901;506;1.2
relu;(100, 50, 25);0.3;0.001;none;0.0001;32;0.8;0.99;1.00E-06;0.024472888;0.022693223;506;0.46
relu;(100, 50, 25);0.1;0.01;none;0.0001;16;0.8;0.99;1.00E-06;0.02447296;0.022690347;506;0.95
relu;(50, 50, 50);0;0.01;l2;0.01;16;0.9;0.9;1.00E-06;0.024473343;0.022675048;506;0.29
relu;(100, 50, 25);0;0.001;l1;0.01;64;0.9;0.99;1.00E-06;0.024473417;0.022672111;504;0.95
relu;(100, 50, 25);0.3;0.01;l2;0.01;16;0.99;0.9;1.00E-06;0.024473838;0.022655288;506;0.94
relu;(50, 50, 50);0.3;0.03;l2;0.01;16;0.9;0.999;1.00E-08;0.024474129;0.022643661;506;1.11
relu;(100, 100, 100, 50);0.3;0.01;l2;0.0001;32;0.8;0.999;1.00E-06;0.024474868;0.022614157;506;0.91
relu;(50, 50, 50);0.1;0.001;none;0.0001;16;0.99;0.999;1.00E-06;0.024475389;0.022593349;506;0.39
relu;(100, 50, 25);0.3;0.01;l1;0.0001;32;0.9;0.999;1.00E-06;0.024475473;0.022589998;506;0.46
relu;(50, 50, 50);0.3;0.03;l1;0.0001;16;0.9;0.99;1.00E-06;0.024475667;0.022582258;506;0.69
relu;(100, 50, 25);0;0.01;none;0.0001;64;0.9;0.99;1.00E-08;0.024476037;0.022567478;504;0.76
relu;(50, 50, 50);0.1;0.001;none;0.0001;64;0.9;0.9;1.00E-08;0.024476166;0.022562335;504;0.5
relu;(100, 50, 25);0.3;0.001;l1;1.00E-05;64;0.99;0.9;1.00E-06;0.024476204;0.022560818;504;0.56
relu;(100, 50, 25);0.3;0.01;none;1.00E-05;16;0.9;0.9;1.00E-08;0.024476287;0.022557498;506;0.35
relu;(100, 100, 100, 50);0;0.001;l2;0.01;64;0.99;0.9;1.00E-06;0.024476452;0.022550928;504;1.42
relu;(50, 50, 50);0.1;0.01;l2;0.01;32;0.9;0.9;1.00E-06;0.024476609;0.02254466;506;0.79
relu;(100, 50, 25);0.3;0.001;l2;0.01;16;0.9;0.9;1.00E-08;0.024476998;0.022529121;506;0.35
relu;(100, 50, 25);0.1;0.001;l1;0.0001;32;0.8;0.999;1.00E-06;0.024477088;0.022525523;506;1.23
relu;(100, 100, 100, 50);0.3;0.001;l2;1.00E-05;16;0.8;0.99;1.00E-06;0.024477598;0.022505153;506;0.59
relu;(100, 100, 100, 50);0.1;0.01;l2;1.00E-05;16;0.9;0.9;1.00E-06;0.024478219;0.02248033;506;1.31
relu;(100, 100, 100, 50);0.3;0.03;l1;0.0001;32;0.8;0.99;1.00E-08;0.024479063;0.022446648;506;1.3
relu;(50, 50, 50);0.3;0.01;l2;0.0001;16;0.9;0.99;1.00E-08;0.024479115;0.022444551;506;0.66
relu;(100, 50, 25);0.1;0.001;l2;0.01;64;0.99;0.9;1.00E-06;0.0244794;0.022433178;504;1.23
relu;(50, 50, 50);0.3;0.01;l1;0.0001;32;0.99;0.999;1.00E-08;0.024479573;0.022426296;506;0.65
relu;(50, 50, 50);0.3;0.01;l2;1.00E-05;64;0.99;0.99;1.00E-08;0.024481533;0.022347994;504;0.77
relu;(100, 50, 25);0;0.01;none;0.01;64;0.99;0.999;1.00E-06;0.024481606;0.022345084;504;0.88
relu;(100, 50, 25);0.3;0.03;none;0.01;64;0.9;0.9;1.00E-06;0.024482627;0.02230431;504;0.93
relu;(50, 50, 50);0;0.03;l1;0.01;32;0.99;0.99;1.00E-06;0.024482745;0.022299586;506;0.45
relu;(100, 100, 100, 50);0.1;0.03;l1;0.0001;16;0.8;0.999;1.00E-06;0.02448305;0.022287414;506;1.51
relu;(100, 100, 100, 50);0.3;0.01;l2;0.0001;64;0.99;0.999;1.00E-06;0.024483412;0.022272951;504;1.44
relu;(100, 100, 100, 50);0.1;0.001;l2;0.01;64;0.9;0.999;1.00E-08;0.024483725;0.022260474;504;1.84
relu;(100, 50, 25);0;0.01;none;0.0001;32;0.99;0.999;1.00E-08;0.024483738;0.02225997;506;0.68
relu;(50, 50, 50);0.3;0.01;none;0.0001;16;0.99;0.999;1.00E-06;0.024484165;0.022242883;506;0.58
relu;(100, 50, 25);0.1;0.03;none;1.00E-05;64;0.99;0.99;1.00E-06;0.024484168;0.022242778;504;1.19
relu;(100, 100, 100, 50);0.1;0.01;none;1.00E-05;32;0.8;0.999;1.00E-08;0.024484272;0.022238617;506;1.34
relu;(50, 50, 50);0;0.001;none;1.00E-05;32;0.9;0.9;1.00E-08;0.024484502;0.022229457;506;0.33
relu;(100, 50, 25);0;0.001;l1;0.01;16;0.99;0.9;1.00E-06;0.024484997;0.022209673;506;0.81
relu;(100, 50, 25);0.3;0.01;l2;0.01;32;0.99;0.9;1.00E-06;0.024485575;0.022186586;506;0.87
relu;(50, 50, 50);0;0.001;l2;0.0001;16;0.99;0.9;1.00E-06;0.024487114;0.022125126;506;0.34
relu;(100, 50, 25);0.3;0.01;none;1.00E-05;64;0.9;0.99;1.00E-08;0.024488391;0.022074129;504;0.7
relu;(100, 50, 25);0.1;0.03;l1;0.0001;32;0.9;0.9;1.00E-08;0.024489881;0.022014632;506;1.18
relu;(100, 50, 25);0.3;0.01;l2;0.01;16;0.8;0.999;1.00E-06;0.024490571;0.021987061;506;0.78
relu;(50, 50, 50);0;0.03;none;0.01;16;0.99;0.99;1.00E-06;0.024491341;0.021956342;506;0.31
relu;(100, 50, 25);0.1;0.001;none;1.00E-05;64;0.9;0.999;1.00E-06;0.024491873;0.021935068;504;0.45
relu;(50, 50, 50);0.1;0.03;none;1.00E-05;16;0.9;0.9;1.00E-06;0.024492335;0.021916627;506;0.63
relu;(100, 100, 100, 50);0;0.03;l1;0.01;16;0.9;0.9;1.00E-08;0.024492903;0.021893966;506;1.28
relu;(100, 50, 25);0.1;0.03;l1;1.00E-05;16;0.9;0.9;1.00E-06;0.024492946;0.021892235;506;0.96
relu;(100, 50, 25);0.3;0.001;none;1.00E-05;64;0.99;0.99;1.00E-08;0.024493292;0.021878424;504;0.53
relu;(50, 50, 50);0.1;0.001;none;1.00E-05;64;0.99;0.99;1.00E-08;0.02449406;0.021847742;504;0.51
relu;(100, 50, 25);0.3;0.001;l2;0.01;32;0.8;0.999;1.00E-08;0.024494155;0.021843957;506;0.41
relu;(100, 50, 25);0.3;0.01;l1;0.0001;16;0.8;0.9;1.00E-06;0.02449429;0.021838571;506;0.4
relu;(50, 50, 50);0.1;0.001;none;1.00E-05;16;0.99;0.99;1.00E-08;0.024496328;0.021757181;506;0.36
relu;(50, 50, 50);0.1;0.001;l1;1.00E-05;16;0.99;0.99;1.00E-06;0.024496449;0.021752341;506;0.38
relu;(50, 50, 50);0.3;0.01;l2;0.0001;64;0.8;0.999;1.00E-06;0.024496662;0.021743844;504;0.73
relu;(50, 50, 50);0;0.01;l1;1.00E-05;32;0.99;0.999;1.00E-08;0.024496831;0.021737098;506;0.4
relu;(50, 50, 50);0.3;0.01;l2;0.01;32;0.99;0.99;1.00E-08;0.024497058;0.021728039;506;0.66
relu;(100, 50, 25);0.3;0.01;none;0.0001;64;0.9;0.99;1.00E-08;0.024497277;0.021719277;504;0.47
relu;(100, 100, 100, 50);0.1;0.01;l2;0.01;64;0.9;0.9;1.00E-06;0.024497682;0.021703114;504;1.83
relu;(50, 50, 50);0.1;0.03;l2;0.01;32;0.99;0.99;1.00E-06;0.024498015;0.021689815;506;0.85
relu;(100, 100, 100, 50);0.1;0.001;l1;0.0001;16;0.99;0.999;1.00E-08;0.02449902;0.021649659;506;1.35
relu;(100, 100, 100, 50);0.1;0.01;l2;0.0001;64;0.99;0.99;1.00E-08;0.024500185;0.021603143;504;1.84
relu;(100, 50, 25);0.1;0.001;none;0.0001;32;0.9;0.999;1.00E-08;0.024500406;0.021594322;506;0.36
relu;(100, 50, 25);0;0.01;none;0.01;32;0.8;0.9;1.00E-06;0.024500575;0.02158756;506;0.72
relu;(50, 50, 50);0.3;0.001;l2;0.01;32;0.9;0.9;1.00E-06;0.024501179;0.021563461;506;0.56
relu;(50, 50, 50);0;0.01;l2;0.0001;32;0.9;0.999;1.00E-06;0.024501583;0.021547306;506;0.36
relu;(100, 100, 100, 50);0;0.03;l1;1.00E-05;64;0.8;0.999;1.00E-06;0.024501598;0.021546718;504;1.38
relu;(100, 100, 100, 50);0.3;0.01;none;0.01;16;0.9;0.99;1.00E-08;0.024501628;0.021545526;506;0.72
relu;(50, 50, 50);0.3;0.01;l2;0.01;32;0.8;0.99;1.00E-08;0.024503297;0.021478868;506;0.7
relu;(100, 50, 25);0.1;0.03;l2;0.01;64;0.9;0.999;1.00E-08;0.024503343;0.021477042;504;0.51
relu;(100, 50, 25);0;0.03;none;0.01;16;0.99;0.9;1.00E-08;0.024504007;0.021450506;506;0.3
relu;(100, 50, 25);0;0.01;none;0.0001;64;0.8;0.999;1.00E-08;0.024504048;0.021448872;504;0.74
relu;(100, 50, 25);0;0.03;l2;0.01;16;0.8;0.99;1.00E-08;0.024504611;0.021426418;506;0.3
relu;(100, 100, 100, 50);0;0.03;none;0.0001;64;0.8;0.99;1.00E-08;0.024504755;0.021420634;504;1.45
relu;(50, 50, 50);0.1;0.01;none;0.0001;64;0.99;0.999;1.00E-06;0.024504891;0.021415242;504;0.79
relu;(100, 50, 25);0.1;0.03;none;0.0001;16;0.99;0.999;1.00E-08;0.024504895;0.021415069;506;0.78
relu;(100, 100, 100, 50);0;0.001;none;1.00E-05;16;0.99;0.999;1.00E-06;0.02450503;0.02140967;506;1.33
relu;(50, 50, 50);0.1;0.01;l2;0.01;16;0.99;0.99;1.00E-06;0.024505293;0.02139915;506;0.67
relu;(100, 100, 100, 50);0.1;0.01;l1;0.0001;16;0.9;0.9;1.00E-08;0.024505734;0.02138155;506;1.83
relu;(100, 100, 100, 50);0;0.001;none;0.01;32;0.99;0.9;1.00E-08;0.02450656;0.021348556;506;1.29
relu;(50, 50, 50);0.3;0.01;l1;1.00E-05;32;0.8;0.999;1.00E-08;0.024507976;0.021292032;506;0.64
relu;(100, 50, 25);0.1;0.001;none;1.00E-05;16;0.9;0.99;1.00E-08;0.024508303;0.021278951;506;0.4
relu;(50, 50, 50);0;0.01;none;1.00E-05;32;0.8;0.99;1.00E-08;0.024508587;0.021267622;506;0.35
relu;(50, 50, 50);0;0.001;none;0.01;16;0.8;0.999;1.00E-06;0.024508591;0.02126747;506;1.1
relu;(100, 50, 25);0.1;0.01;l2;0.01;16;0.8;0.99;1.00E-06;0.024509491;0.021231511;506;0.87
relu;(100, 50, 25);0.3;0.01;l2;0.01;16;0.9;0.99;1.00E-06;0.024509812;0.021218712;506;0.81
relu;(100, 50, 25);0.3;0.001;l1;0.0001;16;0.8;0.999;1.00E-06;0.024510823;0.021178318;506;0.45
relu;(100, 50, 25);0.3;0.01;l2;1.00E-05;64;0.9;0.9;1.00E-06;0.02451107;0.021168483;504;0.51
relu;(100, 50, 25);0.3;0.03;l2;0.01;16;0.99;0.99;1.00E-08;0.02451121;0.021162887;506;0.96
relu;(100, 50, 25);0;0.03;l1;1.00E-05;16;0.8;0.999;1.00E-08;0.024511913;0.021134788;506;0.45
relu;(100, 50, 25);0.1;0.03;l2;1.00E-05;16;0.8;0.99;1.00E-08;0.024512355;0.021117159;506;0.89
relu;(50, 50, 50);0.1;0.03;none;0.0001;16;0.9;0.999;1.00E-06;0.024512904;0.021095243;506;0.62
relu;(100, 100, 100, 50);0;0.01;l2;1.00E-05;32;0.8;0.999;1.00E-06;0.024513171;0.021084573;506;1.21
relu;(100, 50, 25);0;0.001;l2;1.00E-05;64;0.8;0.99;1.00E-06;0.024513177;0.021084346;504;0.84
relu;(100, 100, 100, 50);0.1;0.001;l2;0.01;16;0.99;0.99;1.00E-08;0.024513241;0.021081766;506;1.57
relu;(100, 100, 100, 50);0.1;0.03;none;1.00E-05;16;0.9;0.9;1.00E-08;0.024513892;0.021055762;506;1.43
relu;(50, 50, 50);0.3;0.01;l2;0.01;16;0.9;0.9;1.00E-08;0.024513993;0.021051731;506;0.56
relu;(100, 50, 25);0;0.01;l1;0.0001;32;0.99;0.9;1.00E-06;0.024514757;0.021021243;506;0.4
relu;(100, 100, 100, 50);0.3;0.03;l1;0.0001;32;0.8;0.99;1.00E-06;0.024515317;0.020998852;506;1.68
relu;(50, 50, 50);0.1;0.001;l1;0.01;64;0.8;0.9;1.00E-08;0.024516082;0.02096833;504;0.55
relu;(100, 100, 100, 50);0.1;0.01;l2;0.0001;32;0.99;0.9;1.00E-06;0.024516278;0.020960505;506;1.49
relu;(50, 50, 50);0.3;0.03;l1;0.01;32;0.99;0.9;1.00E-08;0.024516757;0.020941345;506;1.78
relu;(100, 100, 100, 50);0.3;0.03;l1;0.0001;64;0.8;0.999;1.00E-08;0.024517669;0.020904956;504;2.12
relu;(100, 50, 25);0.3;0.001;l2;0.01;64;0.8;0.99;1.00E-08;0.024517744;0.020901957;504;0.48
relu;(100, 50, 25);0.1;0.03;l2;1.00E-05;32;0.8;0.99;1.00E-06;0.024517894;0.020895948;506;0.83
relu;(50, 50, 50);0;0.001;l2;0.01;32;0.99;0.9;1.00E-08;0.02451827;0.020880932;506;0.34
relu;(100, 100, 100, 50);0;0.01;none;0.0001;32;0.9;0.999;1.00E-06;0.024518608;0.020867463;506;1.26
relu;(50, 50, 50);0;0.001;l1;1.00E-05;32;0.99;0.99;1.00E-06;0.024518843;0.020858044;506;1.4
relu;(100, 50, 25);0;0.03;l2;0.01;32;0.8;0.9;1.00E-08;0.024519447;0.020833954;506;0.35
relu;(50, 50, 50);0.1;0.03;none;0.0001;16;0.8;0.9;1.00E-08;0.024520512;0.020791418;506;0.68
relu;(100, 50, 25);0;0.01;none;0.01;64;0.9;0.999;1.00E-08;0.024520889;0.020776371;504;0.84
relu;(50, 50, 50);0;0.01;l1;1.00E-05;32;0.8;0.99;1.00E-08;0.024522107;0.020727717;506;0.45
relu;(100, 100, 100, 50);0.1;0.001;l2;1.00E-05;64;0.99;0.9;1.00E-08;0.024522119;0.02072725;504;1.58
relu;(50, 50, 50);0.3;0.01;l2;1.00E-05;32;0.8;0.9;1.00E-08;0.024523271;0.02068124;506;0.72
relu;(100, 50, 25);0.1;0.03;none;1.00E-05;32;0.8;0.9;1.00E-08;0.024523346;0.020678227;506;1.06
relu;(50, 50, 50);0.1;0.01;none;1.00E-05;64;0.9;0.99;1.00E-08;0.024523914;0.02065557;504;0.48
relu;(50, 50, 50);0.3;0.01;l2;0.01;32;0.9;0.999;1.00E-06;0.024524059;0.020649764;506;0.73
relu;(50, 50, 50);0.1;0.01;l2;0.01;32;0.99;0.9;1.00E-08;0.024524166;0.020645504;506;0.74
relu;(100, 100, 100, 50);0.3;0.001;l2;1.00E-05;32;0.9;0.999;1.00E-06;0.024524434;0.02063477;506;0.91
relu;(100, 50, 25);0.3;0.01;l2;0.01;16;0.8;0.999;1.00E-08;0.024524634;0.020626807;506;0.88
relu;(100, 50, 25);0.1;0.001;l1;0.01;16;0.99;0.999;1.00E-08;0.02452471;0.020623748;506;1.12
relu;(100, 100, 100, 50);0.3;0.001;none;0.0001;32;0.9;0.9;1.00E-06;0.024524949;0.020614214;506;0.75
relu;(100, 100, 100, 50);0.1;0.03;l1;1.00E-05;32;0.8;0.999;1.00E-06;0.024525676;0.02058517;506;1.92
relu;(100, 100, 100, 50);0;0.03;l1;0.01;32;0.99;0.99;1.00E-08;0.024526092;0.020568594;506;1.48
relu;(100, 50, 25);0;0.01;l1;0.01;32;0.8;0.9;1.00E-08;0.024526378;0.020557139;506;0.36
relu;(50, 50, 50);0.1;0.03;l1;0.0001;16;0.8;0.999;1.00E-06;0.024526614;0.020547733;506;0.54
relu;(100, 50, 25);0.3;0.01;l1;1.00E-05;64;0.8;0.99;1.00E-08;0.02452669;0.020544692;504;0.67
relu;(50, 50, 50);0.1;0.001;none;1.00E-05;32;0.9;0.99;1.00E-08;0.024527505;0.020512138;506;0.39
relu;(100, 100, 100, 50);0;0.01;l2;0.01;16;0.8;0.9;1.00E-08;0.024528362;0.020477922;506;1.32
relu;(50, 50, 50);0.1;0.03;l2;1.00E-05;64;0.99;0.999;1.00E-08;0.024528924;0.02045549;504;0.74
relu;(100, 100, 100, 50);0.3;0.001;l2;1.00E-05;16;0.9;0.9;1.00E-08;0.02452916;0.020446042;506;0.6
relu;(100, 50, 25);0;0.03;l2;0.01;64;0.9;0.99;1.00E-06;0.024531137;0.020367119;504;0.37
relu;(100, 50, 25);0;0.001;l2;0.01;16;0.99;0.9;1.00E-08;0.024531468;0.020353891;506;0.72
relu;(50, 50, 50);0.3;0.01;l2;0.01;16;0.99;0.9;1.00E-08;0.024532409;0.020316309;506;0.53
relu;(50, 50, 50);0.3;0.01;l2;0.01;64;0.9;0.9;1.00E-06;0.024532649;0.020306721;504;0.77
relu;(100, 50, 25);0.1;0.01;l2;0.01;16;0.9;0.999;1.00E-06;0.024532785;0.020301303;506;0.88
relu;(100, 50, 25);0.3;0.03;l2;1.00E-05;16;0.9;0.999;1.00E-06;0.024532901;0.02029666;506;0.75
relu;(50, 50, 50);0;0.01;none;0.0001;64;0.9;0.999;1.00E-06;0.024533221;0.020283885;504;0.38
relu;(100, 50, 25);0.1;0.03;none;0.0001;16;0.9;0.99;1.00E-06;0.024534551;0.020230766;506;0.85
relu;(100, 50, 25);0.1;0.001;l2;0.0001;64;0.99;0.999;1.00E-06;0.024534665;0.02022623;504;1.03
relu;(50, 50, 50);0.3;0.001;l2;0.01;16;0.99;0.9;1.00E-06;0.024534911;0.020216403;506;0.69
relu;(100, 50, 25);0;0.01;l2;0.0001;32;0.9;0.99;1.00E-08;0.024534926;0.020215807;506;0.34
relu;(100, 50, 25);0.3;0.001;l1;0.0001;64;0.8;0.99;1.00E-06;0.024535627;0.020187812;504;0.56
relu;(50, 50, 50);0;0.03;l2;1.00E-05;64;0.99;0.999;1.00E-08;0.024535646;0.020187036;504;1.2
relu;(50, 50, 50);0.1;0.01;none;0.0001;16;0.9;0.9;1.00E-06;0.024535773;0.020181984;506;1.2
relu;(100, 50, 25);0;0.03;l2;0.01;16;0.9;0.9;1.00E-06;0.024535837;0.020179436;506;0.37
relu;(50, 50, 50);0.3;0.001;l2;0.01;32;0.9;0.99;1.00E-06;0.024537118;0.020128267;506;0.63
relu;(50, 50, 50);0.1;0.03;l1;0.0001;16;0.9;0.999;1.00E-06;0.024537212;0.020124502;506;0.83
relu;(50, 50, 50);0.1;0.03;l2;0.01;16;0.8;0.999;1.00E-06;0.024538216;0.020084406;506;0.62
relu;(100, 50, 25);0.3;0.001;l1;0.0001;32;0.99;0.999;1.00E-08;0.024538732;0.020063793;506;0.49
relu;(50, 50, 50);0;0.001;l2;1.00E-05;32;0.9;0.999;1.00E-08;0.024538739;0.020063545;506;0.39
relu;(100, 50, 25);0;0.001;none;1.00E-05;64;0.8;0.99;1.00E-06;0.024539407;0.02003685;504;1.69
relu;(100, 50, 25);0.3;0.001;l2;0.01;64;0.99;0.9;1.00E-06;0.024539655;0.020026928;504;0.54
relu;(100, 100, 100, 50);0;0.001;none;0.01;64;0.99;0.99;1.00E-06;0.024539818;0.020020448;504;1.54
relu;(100, 50, 25);0.3;0.01;none;0.01;16;0.9;0.999;1.00E-06;0.024540009;0.020012817;506;0.43
relu;(50, 50, 50);0;0.03;l1;0.01;16;0.99;0.999;1.00E-06;0.024540131;0.020007923;506;0.49
relu;(100, 50, 25);0.1;0.001;none;0.01;16;0.8;0.99;1.00E-08;0.024541082;0.019969972;506;0.35
relu;(100, 50, 25);0;0.03;none;0.01;32;0.8;0.9;1.00E-06;0.024541167;0.019966583;506;0.35
relu;(100, 50, 25);0.3;0.01;l1;0.0001;64;0.8;0.9;1.00E-06;0.024541364;0.019958715;504;0.56
relu;(100, 100, 100, 50);0.3;0.01;l2;0.01;16;0.99;0.999;1.00E-06;0.024542059;0.019930935;506;0.6
relu;(50, 50, 50);0.3;0.001;none;0.0001;16;0.9;0.999;1.00E-06;0.024542149;0.019927335;506;0.66
relu;(100, 50, 25);0.3;0.001;l2;0.01;64;0.8;0.9;1.00E-06;0.024542214;0.019924754;504;0.5
relu;(100, 100, 100, 50);0;0.03;l1;1.00E-05;16;0.99;0.9;1.00E-08;0.024542264;0.019922758;506;1.25
relu;(100, 100, 100, 50);0.1;0.001;l1;0.01;64;0.9;0.999;1.00E-08;0.024542617;0.019908658;504;2.19
relu;(100, 100, 100, 50);0.3;0.01;l2;0.01;32;0.99;0.9;1.00E-06;0.024544018;0.019852712;506;0.66
relu;(100, 100, 100, 50);0;0.03;none;0.0001;64;0.9;0.9;1.00E-06;0.02454427;0.019842641;504;1.43
relu;(50, 50, 50);0.1;0.03;l2;0.0001;64;0.99;0.999;1.00E-08;0.024544327;0.019840393;504;0.84
relu;(50, 50, 50);0.1;0.03;l2;1.00E-05;64;0.99;0.9;1.00E-08;0.024544568;0.019830732;504;0.85
relu;(100, 50, 25);0.3;0.01;none;0.0001;32;0.8;0.99;1.00E-06;0.024545462;0.019795039;506;0.37
relu;(50, 50, 50);0.1;0.01;l2;0.01;16;0.99;0.99;1.00E-08;0.024546438;0.01975608;506;0.73
relu;(50, 50, 50);0;0.03;l1;0.01;64;0.8;0.9;1.00E-08;0.024546938;0.019736103;504;0.41
relu;(50, 50, 50);0.3;0.001;l1;1.00E-05;16;0.8;0.999;1.00E-08;0.024547258;0.01972331;506;0.79
relu;(100, 100, 100, 50);0.3;0.01;l1;0.0001;16;0.99;0.9;1.00E-08;0.024548561;0.019671304;506;0.73
relu;(50, 50, 50);0.1;0.01;l1;0.01;32;0.9;0.99;1.00E-08;0.024548954;0.019655612;506;0.61
relu;(50, 50, 50);0;0.01;l1;0.01;64;0.8;0.9;1.00E-08;0.024549287;0.019642317;504;0.44
relu;(50, 50, 50);0.1;0.01;l2;0.01;16;0.9;0.999;1.00E-06;0.024549686;0.019626367;506;0.71
relu;(100, 50, 25);0.1;0.01;l1;0.0001;32;0.99;0.999;1.00E-06;0.024550023;0.01961291;506;1
relu;(100, 50, 25);0.1;0.01;l2;0.01;32;0.8;0.9;1.00E-08;0.024550093;0.01961012;506;0.94
relu;(100, 100, 100, 50);0.3;0.001;l2;0.0001;32;0.8;0.99;1.00E-06;0.024550218;0.019605102;506;0.68
relu;(50, 50, 50);0.3;0.001;l2;0.0001;16;0.99;0.999;1.00E-08;0.024550643;0.019588156;506;0.73
relu;(100, 100, 100, 50);0;0.03;l2;1.00E-05;64;0.9;0.99;1.00E-06;0.024550692;0.019586185;504;1.22
relu;(100, 50, 25);0.3;0.03;l1;0.0001;32;0.9;0.999;1.00E-06;0.024551697;0.019546053;506;1.31
relu;(100, 50, 25);0.1;0.001;none;1.00E-05;64;0.99;0.99;1.00E-08;0.024551837;0.019540462;504;0.53
relu;(100, 100, 100, 50);0.1;0.001;none;0.01;16;0.99;0.9;1.00E-06;0.024551949;0.019535979;506;1.42
relu;(100, 50, 25);0;0.001;l2;0.0001;64;0.99;0.999;1.00E-08;0.024552119;0.019529192;504;1
relu;(100, 100, 100, 50);0.1;0.03;l1;0.0001;64;0.8;0.99;1.00E-06;0.024552386;0.019518554;504;1.9
relu;(50, 50, 50);0.1;0.03;l2;0.0001;64;0.8;0.999;1.00E-08;0.024552727;0.019504928;504;0.72
relu;(50, 50, 50);0.1;0.01;l2;0.01;32;0.8;0.99;1.00E-08;0.0245534;0.01947806;506;0.77
relu;(50, 50, 50);0.1;0.03;l2;0.01;16;0.8;0.999;1.00E-08;0.024553464;0.019475499;506;0.64
relu;(100, 100, 100, 50);0.1;0.01;l2;0.01;16;0.8;0.999;1.00E-08;0.024555497;0.019394314;506;1.37
relu;(50, 50, 50);0.1;0.03;l1;1.00E-05;64;0.99;0.99;1.00E-06;0.024555552;0.019392117;504;0.7
relu;(100, 50, 25);0;0.01;l2;0.01;16;0.99;0.9;1.00E-08;0.024555678;0.019387064;506;0.28
relu;(50, 50, 50);0.1;0.01;l2;0.0001;64;0.8;0.999;1.00E-06;0.024556413;0.019357729;504;0.97
relu;(100, 100, 100, 50);0;0.03;l2;0.01;64;0.8;0.999;1.00E-08;0.024556725;0.019345286;504;1.46
relu;(50, 50, 50);0.3;0.001;l2;0.01;16;0.9;0.999;1.00E-08;0.024556915;0.01933768;506;0.67
relu;(100, 50, 25);0;0.01;none;0.0001;32;0.8;0.999;1.00E-08;0.024557938;0.019296818;506;0.69
relu;(100, 50, 25);0.1;0.01;l2;0.01;32;0.8;0.9;1.00E-06;0.024558099;0.019290414;506;0.85
relu;(100, 100, 100, 50);0.3;0.001;l2;0.01;32;0.9;0.99;1.00E-08;0.024558379;0.019279213;506;0.69
relu;(100, 50, 25);0.1;0.01;l1;0.01;16;0.8;0.9;1.00E-08;0.024559177;0.019247336;506;1.13
relu;(100, 50, 25);0.1;0.001;none;0.01;16;0.99;0.999;1.00E-06;0.024559234;0.019245055;506;0.81
relu;(100, 50, 25);0;0.001;none;0.0001;32;0.99;0.99;1.00E-08;0.024560683;0.01918722;506;1.37
relu;(50, 50, 50);0.1;0.001;none;0.01;64;0.99;0.99;1.00E-08;0.024561451;0.019156528;504;0.47
relu;(100, 100, 100, 50);0;0.03;none;0.01;32;0.8;0.999;1.00E-08;0.024561591;0.019150949;506;1.26
relu;(50, 50, 50);0;0.03;l2;1.00E-05;32;0.99;0.99;1.00E-06;0.024561599;0.019150622;506;0.99
relu;(50, 50, 50);0.1;0.03;none;1.00E-05;16;0.99;0.999;1.00E-08;0.024561921;0.019137786;506;0.68
relu;(50, 50, 50);0.1;0.001;l2;1.00E-05;64;0.8;0.99;1.00E-08;0.024562319;0.019121857;504;0.57
relu;(100, 50, 25);0;0.03;none;0.0001;32;0.8;0.999;1.00E-06;0.024563291;0.019083059;506;0.3
relu;(100, 50, 25);0.1;0.001;l2;0.01;16;0.9;0.99;1.00E-06;0.024564985;0.019015408;506;0.89
relu;(50, 50, 50);0.3;0.03;l2;0.01;16;0.99;0.999;1.00E-06;0.024565859;0.018980521;506;0.77
relu;(100, 50, 25);0.1;0.01;l2;0.01;64;0.9;0.99;1.00E-08;0.024566336;0.018961471;504;1.19
relu;(100, 100, 100, 50);0;0.03;none;0.01;64;0.99;0.999;1.00E-08;0.024566818;0.0189422;504;1.46
relu;(100, 50, 25);0.3;0.001;l1;1.00E-05;64;0.8;0.99;1.00E-06;0.024566905;0.01893875;504;0.51
relu;(100, 50, 25);0.1;0.03;none;0.0001;16;0.99;0.999;1.00E-06;0.024567107;0.01893066;506;0.9
relu;(50, 50, 50);0.3;0.01;l1;0.0001;64;0.99;0.99;1.00E-06;0.024567121;0.018930119;504;0.68
relu;(100, 100, 100, 50);0;0.03;none;1.00E-05;16;0.8;0.99;1.00E-08;0.024567744;0.018905229;506;0.97
relu;(100, 100, 100, 50);0;0.01;l2;0.01;16;0.9;0.9;1.00E-08;0.024567788;0.018903458;506;1.16
relu;(100, 50, 25);0.3;0.01;none;0.01;16;0.99;0.999;1.00E-08;0.024567895;0.018899184;506;0.36
relu;(50, 50, 50);0;0.03;none;0.01;64;0.99;0.99;1.00E-08;0.024567985;0.018895619;504;0.44
relu;(50, 50, 50);0.1;0.01;l2;0.01;32;0.9;0.9;1.00E-08;0.024568195;0.018887216;506;0.74
relu;(50, 50, 50);0;0.01;l2;1.00E-05;16;0.99;0.9;1.00E-08;0.024568325;0.018882014;506;0.46
relu;(100, 50, 25);0.3;0.001;l2;0.01;32;0.99;0.99;1.00E-06;0.024568605;0.018870841;506;0.37
relu;(50, 50, 50);0;0.03;l2;0.01;64;0.9;0.99;1.00E-08;0.024569283;0.018843776;504;1.47
relu;(100, 50, 25);0;0.03;l2;0.01;16;0.99;0.9;1.00E-08;0.02456964;0.018829525;506;0.29
relu;(50, 50, 50);0;0.03;l2;0.01;16;0.99;0.999;1.00E-06;0.024570316;0.018802539;506;0.95
relu;(50, 50, 50);0;0.03;none;0.0001;16;0.8;0.9;1.00E-08;0.024571481;0.018755982;506;0.3
relu;(50, 50, 50);0.1;0.001;l1;0.01;16;0.9;0.99;1.00E-06;0.024571508;0.018754933;506;0.42
relu;(100, 100, 100, 50);0;0.03;l2;0.01;64;0.8;0.9;1.00E-08;0.024571676;0.018748196;504;1.47
relu;(50, 50, 50);0;0.01;l2;0.0001;64;0.9;0.999;1.00E-08;0.024572556;0.018713083;504;0.41
relu;(100, 100, 100, 50);0.1;0.03;l2;1.00E-05;64;0.99;0.99;1.00E-06;0.024572712;0.018706821;504;1.25
relu;(50, 50, 50);0.1;0.001;l2;0.01;16;0.99;0.99;1.00E-06;0.024572814;0.018702764;506;0.38
relu;(100, 100, 100, 50);0.3;0.01;none;0.0001;64;0.99;0.999;1.00E-06;0.02457315;0.018689354;504;0.98
relu;(100, 50, 25);0.3;0.01;none;0.01;16;0.9;0.99;1.00E-06;0.024573208;0.01868702;506;0.42
relu;(100, 100, 100, 50);0.1;0.01;l2;0.01;64;0.99;0.99;1.00E-06;0.024573356;0.018681111;504;2.03
relu;(100, 50, 25);0;0.001;none;1.00E-05;64;0.9;0.999;1.00E-08;0.024574065;0.018652807;504;1.77
relu;(50, 50, 50);0.1;0.01;l2;0.01;32;0.8;0.99;1.00E-06;0.024574702;0.018627371;506;0.72
relu;(50, 50, 50);0;0.01;l2;0.01;32;0.99;0.99;1.00E-08;0.024575011;0.018615038;506;0.33
relu;(100, 50, 25);0.1;0.001;l2;0.01;64;0.99;0.999;1.00E-08;0.024575332;0.018602217;504;1.18
relu;(100, 50, 25);0.3;0.001;l2;0.0001;16;0.99;0.9;1.00E-06;0.024575531;0.018594275;506;0.37
relu;(50, 50, 50);0.3;0.03;l2;0.01;16;0.8;0.99;1.00E-08;0.024575807;0.018583251;506;0.5
relu;(100, 100, 100, 50);0.1;0.001;none;1.00E-05;16;0.8;0.9;1.00E-08;0.024575996;0.018575703;506;1.46
relu;(100, 100, 100, 50);0;0.001;none;0.01;64;0.9;0.999;1.00E-08;0.024576252;0.018565456;504;1.48
relu;(100, 100, 100, 50);0.1;0.001;none;0.01;32;0.9;0.99;1.00E-06;0.024577767;0.018504974;506;1.65
relu;(50, 50, 50);0;0.001;l2;0.0001;16;0.8;0.9;1.00E-08;0.024578747;0.018465827;506;0.34
relu;(50, 50, 50);0.3;0.001;l1;0.0001;32;0.8;0.999;1.00E-08;0.024579154;0.018449599;506;0.66
relu;(100, 50, 25);0.3;0.01;l1;0.0001;64;0.99;0.9;1.00E-06;0.024579232;0.018446474;504;0.55
relu;(100, 50, 25);0.1;0.01;l2;0.0001;32;0.99;0.99;1.00E-08;0.02458052;0.018395022;506;0.89
relu;(100, 50, 25);0;0.001;l1;0.01;64;0.9;0.9;1.00E-06;0.024580822;0.018382956;504;0.92
relu;(100, 100, 100, 50);0.1;0.01;none;0.0001;64;0.8;0.99;1.00E-06;0.024581247;0.018365989;504;1.94
relu;(100, 100, 100, 50);0.1;0.001;none;1.00E-05;16;0.9;0.99;1.00E-06;0.024581464;0.018357325;506;1.52
relu;(100, 100, 100, 50);0;0.01;l2;0.01;32;0.9;0.999;1.00E-06;0.024582306;0.0183237;506;1.19
relu;(100, 50, 25);0;0.001;l1;1.00E-05;16;0.8;0.9;1.00E-08;0.024582326;0.018322912;506;0.84
relu;(50, 50, 50);0.1;0.01;l1;1.00E-05;64;0.9;0.999;1.00E-06;0.02458268;0.018308764;504;0.83
relu;(100, 100, 100, 50);0;0.01;l1;0.01;32;0.8;0.99;1.00E-06;0.024583587;0.018272556;506;1.14
relu;(50, 50, 50);0.3;0.03;l1;0.0001;32;0.9;0.99;1.00E-06;0.024584739;0.018226541;506;0.69
relu;(100, 50, 25);0.1;0.03;l2;0.01;16;0.9;0.9;1.00E-06;0.024589334;0.018043059;506;0.85
relu;(100, 50, 25);0.3;0.01;l2;0.01;32;0.8;0.9;1.00E-06;0.02459045;0.017998486;506;0.9
relu;(100, 50, 25);0.3;0.01;l2;0.01;16;0.9;0.9;1.00E-06;0.024590826;0.017983488;506;0.82
relu;(100, 100, 100, 50);0.3;0.001;l2;0.01;16;0.9;0.9;1.00E-08;0.024590838;0.017982999;506;0.59
relu;(100, 50, 25);0.1;0.01;none;0.01;32;0.99;0.99;1.00E-06;0.024591686;0.017949108;506;0.82
relu;(100, 100, 100, 50);0.1;0.03;l1;1.00E-05;16;0.9;0.9;1.00E-06;0.024591903;0.017940465;506;1.65
relu;(50, 50, 50);0;0.03;l1;0.0001;32;0.99;0.9;1.00E-08;0.024592353;0.017922487;506;0.39
relu;(50, 50, 50);0.1;0.03;l2;0.01;64;0.99;0.99;1.00E-06;0.024592436;0.017919186;504;0.72
relu;(100, 100, 100, 50);0.1;0.03;none;0.01;64;0.9;0.9;1.00E-08;0.024592775;0.017905645;504;1.72
relu;(100, 50, 25);0;0.01;l2;0.01;16;0.8;0.99;1.00E-06;0.024593078;0.017893558;506;0.29
relu;(100, 100, 100, 50);0;0.01;none;0.0001;16;0.9;0.99;1.00E-08;0.024593127;0.017891566;506;1.15
relu;(100, 50, 25);0.3;0.03;l1;1.00E-05;16;0.8;0.999;1.00E-08;0.024593407;0.017880405;506;1.01
relu;(100, 100, 100, 50);0;0.01;none;1.00E-05;16;0.8;0.999;1.00E-08;0.024593488;0.01787718;506;1.15
relu;(100, 100, 100, 50);0.1;0.001;l2;0.01;64;0.99;0.9;1.00E-06;0.024594532;0.01783548;504;1.91
relu;(50, 50, 50);0.1;0.03;l2;0.01;16;0.99;0.999;1.00E-06;0.024595075;0.017813791;506;0.66
relu;(50, 50, 50);0.3;0.01;l2;0.01;64;0.8;0.999;1.00E-06;0.024595689;0.017789286;504;0.7
relu;(50, 50, 50);0.1;0.001;l1;0.0001;32;0.8;0.999;1.00E-06;0.024596177;0.017769777;506;0.46
relu;(100, 100, 100, 50);0;0.01;l1;0.01;32;0.8;0.999;1.00E-06;0.024596449;0.017758917;506;1.23
relu;(100, 50, 25);0;0.001;l1;0.0001;16;0.9;0.999;1.00E-06;0.024597569;0.017714189;506;0.62
relu;(50, 50, 50);0.3;0.001;none;0.01;16;0.99;0.9;1.00E-08;0.024597629;0.017711802;506;0.54
relu;(100, 50, 25);0.3;0.001;l2;0.0001;32;0.9;0.99;1.00E-08;0.024597958;0.017698675;506;0.46
relu;(100, 50, 25);0.1;0.03;l1;0.0001;16;0.8;0.9;1.00E-06;0.024598204;0.017688841;506;0.99
relu;(100, 100, 100, 50);0.3;0.03;l2;0.0001;64;0.8;0.9;1.00E-06;0.024599751;0.017627044;504;1.62
relu;(50, 50, 50);0.1;0.001;l2;0.0001;64;0.9;0.999;1.00E-08;0.024600143;0.017611419;504;0.47
relu;(50, 50, 50);0;0.03;l1;0.01;32;0.99;0.99;1.00E-08;0.024600172;0.017610257;506;0.41
relu;(100, 50, 25);0;0.03;l2;0.01;64;0.8;0.9;1.00E-08;0.024600658;0.017590853;504;0.44
relu;(100, 50, 25);0;0.001;l1;0.01;64;0.99;0.9;1.00E-06;0.024600989;0.01757761;504;0.96
relu;(100, 50, 25);0.3;0.01;none;1.00E-05;32;0.9;0.999;1.00E-06;0.024601355;0.017563021;506;0.36
relu;(50, 50, 50);0.3;0.01;l1;0.0001;16;0.8;0.999;1.00E-08;0.024602169;0.017530491;506;0.57
relu;(100, 100, 100, 50);0.3;0.01;l1;0.0001;16;0.9;0.999;1.00E-06;0.024602426;0.017520222;506;0.7
relu;(100, 100, 100, 50);0.1;0.01;l2;0.01;16;0.99;0.9;1.00E-08;0.024602535;0.017515874;506;1.36
relu;(100, 100, 100, 50);0.1;0.001;l1;1.00E-05;16;0.99;0.999;1.00E-06;0.02460255;0.01751528;506;1.72
relu;(100, 50, 25);0.3;0.01;none;0.0001;32;0.8;0.99;1.00E-08;0.024603055;0.017495106;506;0.36
relu;(50, 50, 50);0;0.01;none;0.01;64;0.8;0.999;1.00E-06;0.024603413;0.017480822;504;0.41
relu;(50, 50, 50);0.3;0.001;l1;0.01;16;0.99;0.99;1.00E-08;0.024604001;0.017457343;506;0.68
relu;(100, 50, 25);0.1;0.001;none;0.0001;64;0.99;0.999;1.00E-06;0.024604529;0.017436238;504;0.5
relu;(100, 100, 100, 50);0.1;0.03;l2;0.0001;16;0.9;0.9;1.00E-06;0.024605117;0.017412756;506;0.87
relu;(100, 100, 100, 50);0.1;0.001;none;0.0001;32;0.9;0.99;1.00E-06;0.024605207;0.017409187;506;1.37
relu;(100, 50, 25);0;0.001;l1;0.0001;32;0.8;0.999;1.00E-08;0.024606683;0.017350235;506;0.69
relu;(100, 100, 100, 50);0.1;0.01;l2;0.01;16;0.8;0.99;1.00E-06;0.0246069;0.01734157;506;1.39
relu;(50, 50, 50);0.1;0.001;l2;0.0001;16;0.99;0.9;1.00E-08;0.024607481;0.017318377;506;0.44
relu;(50, 50, 50);0;0.01;l1;0.01;64;0.99;0.9;1.00E-06;0.024607542;0.017315947;504;0.46
relu;(100, 50, 25);0.1;0.01;l2;0.01;32;0.99;0.9;1.00E-06;0.024607939;0.01730007;506;0.96
relu;(100, 50, 25);0.1;0.01;l1;0.0001;64;0.9;0.9;1.00E-06;0.024607951;0.017299597;504;1.33
relu;(100, 100, 100, 50);0.3;0.001;l2;0.01;16;0.8;0.9;1.00E-08;0.024608215;0.017289061;506;0.77
relu;(100, 100, 100, 50);0;0.03;none;0.0001;32;0.99;0.999;1.00E-06;0.02460841;0.017281269;506;1.21
relu;(50, 50, 50);0;0.03;l2;0.01;16;0.8;0.999;1.00E-06;0.024608538;0.017276147;506;1.07
relu;(100, 100, 100, 50);0;0.001;l2;0.01;32;0.99;0.9;1.00E-08;0.02460919;0.017250125;506;1.23
relu;(100, 50, 25);0.3;0.01;l1;0.0001;64;0.8;0.99;1.00E-06;0.024609397;0.017241846;504;0.57
relu;(50, 50, 50);0.1;0.001;none;0.0001;16;0.9;0.999;1.00E-08;0.024611348;0.017163924;506;0.43
relu;(50, 50, 50);0.1;0.001;l1;1.00E-05;32;0.99;0.9;1.00E-08;0.024612042;0.017136245;506;0.44
relu;(50, 50, 50);0;0.01;l1;0.01;64;0.99;0.9;1.00E-08;0.024612559;0.017115577;504;0.51
relu;(100, 100, 100, 50);0;0.03;none;0.01;16;0.99;0.999;1.00E-06;0.024613005;0.017097749;506;1.18
relu;(100, 100, 100, 50);0;0.01;l2;0.0001;16;0.99;0.9;1.00E-06;0.024613977;0.017058966;506;1.13
relu;(100, 50, 25);0;0.01;l1;0.01;16;0.9;0.999;1.00E-08;0.024614039;0.01705648;506;0.38
relu;(100, 50, 25);0.3;0.01;none;1.00E-05;16;0.8;0.99;1.00E-06;0.024614363;0.017043534;506;0.34
relu;(50, 50, 50);0.1;0.03;none;0.01;64;0.99;0.99;1.00E-06;0.024614924;0.017021118;504;0.57
relu;(100, 50, 25);0;0.03;l2;0.0001;64;0.8;0.99;1.00E-08;0.024615031;0.017016869;504;0.39
relu;(100, 50, 25);0.3;0.001;l2;0.0001;16;0.8;0.999;1.00E-08;0.024615818;0.016985442;506;0.41
relu;(100, 50, 25);0;0.03;l2;0.01;32;0.8;0.9;1.00E-06;0.024615908;0.016981844;506;0.35
relu;(100, 100, 100, 50);0.1;0.03;l1;0.0001;64;0.9;0.9;1.00E-08;0.024616013;0.016977651;504;1.89
relu;(100, 50, 25);0.3;0.01;none;0.0001;16;0.8;0.99;1.00E-06;0.024616653;0.016952084;506;0.33
relu;(50, 50, 50);0;0.03;none;1.00E-05;16;0.9;0.9;1.00E-06;0.024617191;0.016930587;506;0.3
relu;(50, 50, 50);0;0.001;l2;0.0001;32;0.9;0.999;1.00E-08;0.024617353;0.016924125;506;0.34
relu;(100, 50, 25);0.3;0.03;l2;0.01;64;0.9;0.99;1.00E-06;0.024617678;0.016911168;504;1.27
relu;(50, 50, 50);0.3;0.03;l2;0.01;64;0.8;0.99;1.00E-08;0.024618299;0.016886355;504;1.49
relu;(100, 50, 25);0.3;0.001;l2;1.00E-05;16;0.8;0.9;1.00E-06;0.024618421;0.016881469;506;0.38
relu;(100, 100, 100, 50);0;0.03;l2;0.01;32;0.8;0.9;1.00E-06;0.024618798;0.016866438;506;1.32
relu;(50, 50, 50);0.3;0.01;l2;0.01;64;0.99;0.9;1.00E-08;0.024619418;0.01684166;504;0.71
relu;(100, 100, 100, 50);0;0.001;l1;0.01;32;0.99;0.99;1.00E-08;0.024620257;0.016808184;506;1.37
relu;(50, 50, 50);0.3;0.01;none;0.0001;32;0.9;0.9;1.00E-06;0.024620335;0.01680507;506;0.76
relu;(100, 50, 25);0.3;0.03;l1;0.0001;32;0.8;0.9;1.00E-08;0.024620413;0.016801925;506;1.28
relu;(100, 50, 25);0.3;0.001;none;0.01;32;0.8;0.99;1.00E-06;0.024620875;0.016783489;506;0.4
relu;(100, 50, 25);0;0.03;l1;0.01;16;0.99;0.999;1.00E-08;0.02462209;0.016734983;506;0.34
relu;(100, 50, 25);0.3;0.01;l1;0.0001;64;0.8;0.999;1.00E-08;0.02462429;0.016647114;504;0.58
relu;(100, 100, 100, 50);0.1;0.03;l1;0.01;64;0.9;0.99;1.00E-06;0.024624527;0.016637633;504;1.1
relu;(100, 100, 100, 50);0;0.03;l2;0.01;32;0.99;0.999;1.00E-06;0.02462459;0.01663515;506;1.27
relu;(100, 100, 100, 50);0.3;0.01;l2;0.01;16;0.8;0.999;1.00E-08;0.024624888;0.016623229;506;0.84
relu;(50, 50, 50);0.3;0.01;l2;0.01;64;0.8;0.99;1.00E-08;0.024625164;0.01661221;504;0.87
relu;(50, 50, 50);0.1;0.03;l2;0.01;64;0.8;0.999;1.00E-06;0.024625173;0.016611846;504;0.76
relu;(50, 50, 50);0.3;0.03;l2;0.01;32;0.99;0.99;1.00E-08;0.024625982;0.016579524;506;1.37
relu;(100, 50, 25);0.3;0.01;l2;0.01;32;0.8;0.999;1.00E-08;0.024626544;0.016557107;506;0.92
relu;(50, 50, 50);0.3;0.01;l2;0.01;16;0.99;0.999;1.00E-08;0.024627044;0.016537127;506;0.67
relu;(50, 50, 50);0.1;0.001;none;0.01;16;0.99;0.99;1.00E-08;0.024627319;0.016526143;506;0.39
relu;(50, 50, 50);0;0.001;l1;1.00E-05;64;0.99;0.999;1.00E-08;0.024627381;0.01652367;504;1.25
relu;(50, 50, 50);0;0.03;l2;0.01;32;0.99;0.999;1.00E-06;0.024627878;0.01650384;506;1.16
relu;(100, 50, 25);0.3;0.03;l1;0.01;32;0.99;0.99;1.00E-08;0.024629203;0.016450894;506;0.97
relu;(100, 100, 100, 50);0;0.03;none;1.00E-05;64;0.99;0.9;1.00E-08;0.024629351;0.016444989;504;1.39
relu;(100, 100, 100, 50);0.1;0.01;l1;0.0001;16;0.8;0.9;1.00E-08;0.024629729;0.016429919;506;1.71
relu;(100, 50, 25);0.1;0.01;l2;0.01;16;0.99;0.999;1.00E-08;0.024629843;0.016425369;506;0.77
relu;(50, 50, 50);0;0.01;l2;0.0001;64;0.99;0.999;1.00E-08;0.024629896;0.016423226;504;0.4
relu;(100, 50, 25);0.1;0.001;l2;0.0001;32;0.99;0.999;1.00E-06;0.02463007;0.016416297;506;0.89
relu;(100, 50, 25);0;0.03;l1;0.01;32;0.8;0.999;1.00E-08;0.024630132;0.0164138;506;0.36
relu;(50, 50, 50);0.1;0.001;l1;1.00E-05;32;0.99;0.99;1.00E-08;0.024630781;0.016387891;506;0.47
relu;(100, 50, 25);0.1;0.03;l2;0.01;16;0.9;0.99;1.00E-06;0.024630881;0.0163839;506;0.79
relu;(100, 50, 25);0;0.03;l2;0.01;64;0.99;0.99;1.00E-06;0.024630993;0.016379436;504;0.38
relu;(50, 50, 50);0;0.001;l1;0.0001;64;0.99;0.99;1.00E-08;0.024631292;0.016367474;504;1.25
relu;(50, 50, 50);0.3;0.03;none;0.0001;16;0.9;0.99;1.00E-08;0.024631799;0.01634726;506;0.55
relu;(100, 50, 25);0.1;0.01;l2;0.01;32;0.99;0.999;1.00E-06;0.024632851;0.016305253;506;1.03
relu;(100, 50, 25);0.3;0.001;l1;1.00E-05;32;0.9;0.9;1.00E-08;0.024633286;0.016287865;506;0.44
relu;(100, 50, 25);0.3;0.01;l1;0.0001;32;0.8;0.99;1.00E-08;0.024633407;0.016283028;506;0.44
relu;(50, 50, 50);0.3;0.01;l2;0.01;16;0.8;0.999;1.00E-08;0.02463359;0.016275721;506;0.61
relu;(50, 50, 50);0;0.03;l1;0.0001;16;0.9;0.9;1.00E-08;0.024633695;0.016271541;506;0.34
relu;(100, 50, 25);0.1;0.01;none;0.01;32;0.99;0.99;1.00E-08;0.024634335;0.016245974;506;0.84
relu;(50, 50, 50);0;0.01;none;0.01;32;0.9;0.999;1.00E-08;0.024634977;0.01622033;506;0.37
relu;(50, 50, 50);0;0.03;l1;0.01;64;0.9;0.9;1.00E-06;0.024635252;0.01620935;504;0.42
relu;(50, 50, 50);0.1;0.001;none;0.01;32;0.8;0.999;1.00E-06;0.024635364;0.016204895;506;0.43
relu;(100, 50, 25);0;0.01;l2;0.01;16;0.99;0.999;1.00E-08;0.024635635;0.016194051;506;0.28
relu;(100, 50, 25);0;0.01;none;0.0001;64;0.8;0.9;1.00E-06;0.024635804;0.016187289;504;0.87
relu;(100, 50, 25);0.3;0.03;l1;1.00E-05;64;0.9;0.999;1.00E-08;0.024636005;0.016179265;504;1.38
relu;(50, 50, 50);0;0.03;l2;0.0001;64;0.8;0.999;1.00E-08;0.024636545;0.01615771;504;1.56
relu;(100, 50, 25);0.1;0.01;l1;0.0001;32;0.9;0.999;1.00E-06;0.024636908;0.016143235;506;1.17
relu;(100, 50, 25);0.1;0.03;none;0.0001;32;0.99;0.999;1.00E-08;0.02463724;0.016129964;506;1.02
relu;(100, 50, 25);0;0.001;l2;0.0001;64;0.99;0.99;1.00E-06;0.024637969;0.016100834;504;1.02
relu;(100, 50, 25);0.3;0.03;l1;1.00E-05;64;0.8;0.99;1.00E-06;0.024638736;0.016070218;504;1.51
relu;(50, 50, 50);0.3;0.01;l1;0.0001;64;0.99;0.99;1.00E-08;0.024638797;0.016067798;504;0.74
relu;(100, 50, 25);0.1;0.03;l2;0.01;64;0.9;0.9;1.00E-08;0.024639116;0.016055044;504;0.52
relu;(100, 50, 25);0;0.03;l1;0.01;64;0.8;0.9;1.00E-06;0.024639415;0.016043124;504;0.53
relu;(100, 100, 100, 50);0.1;0.01;none;1.00E-05;16;0.9;0.99;1.00E-08;0.024639807;0.016027468;506;1.18
relu;(100, 50, 25);0.3;0.001;l2;0.01;64;0.99;0.999;1.00E-08;0.024640598;0.015995862;504;0.47
relu;(100, 50, 25);0.3;0.03;l2;0.01;32;0.9;0.99;1.00E-06;0.024641367;0.015965169;506;1.16
relu;(50, 50, 50);0.1;0.001;l2;1.00E-05;32;0.99;0.99;1.00E-06;0.024641665;0.015953272;506;0.43
relu;(50, 50, 50);0.3;0.03;none;0.0001;32;0.9;0.999;1.00E-06;0.024641792;0.015948189;506;0.61
relu;(100, 50, 25);0.3;0.01;l2;0.01;64;0.9;0.9;1.00E-06;0.024642161;0.015933443;504;1.2
relu;(100, 50, 25);0.3;0.03;l1;0.0001;64;0.9;0.999;1.00E-06;0.024642328;0.015926792;504;1.37
relu;(50, 50, 50);0.3;0.01;none;0.01;16;0.99;0.999;1.00E-08;0.024642683;0.015912581;506;0.84
relu;(100, 100, 100, 50);0;0.001;l1;0.0001;16;0.8;0.9;1.00E-06;0.024644017;0.015859329;506;1.09
relu;(100, 100, 100, 50);0;0.001;none;0.0001;16;0.99;0.9;1.00E-08;0.024644394;0.01584428;506;1.13
relu;(100, 50, 25);0.3;0.001;none;1.00E-05;32;0.99;0.99;1.00E-08;0.024644492;0.015840354;506;0.49
relu;(50, 50, 50);0.3;0.001;l2;0.01;16;0.8;0.9;1.00E-06;0.024644925;0.015823087;506;0.55
relu;(50, 50, 50);0.1;0.01;none;0.01;32;0.99;0.99;1.00E-06;0.024645294;0.01580832;506;0.82
relu;(100, 100, 100, 50);0.3;0.01;l2;0.01;32;0.9;0.99;1.00E-08;0.024645334;0.015806751;506;0.99
relu;(100, 50, 25);0.3;0.001;l1;0.0001;16;0.8;0.99;1.00E-08;0.024647089;0.015736644;506;0.39
relu;(100, 100, 100, 50);0.1;0.01;none;1.00E-05;16;0.9;0.9;1.00E-06;0.024647118;0.015735488;506;1.24
relu;(100, 100, 100, 50);0.1;0.001;none;0.01;64;0.8;0.999;1.00E-08;0.024648696;0.015672491;504;1.89
relu;(100, 50, 25);0.1;0.01;l1;0.0001;32;0.99;0.9;1.00E-06;0.02465145;0.015562499;506;1.11
relu;(100, 50, 25);0.1;0.001;l1;1.00E-05;32;0.99;0.99;1.00E-06;0.024651515;0.015559882;506;1.09
relu;(100, 100, 100, 50);0.3;0.01;none;1.00E-05;16;0.9;0.999;1.00E-08;0.024651559;0.015558158;506;0.59
relu;(50, 50, 50);0;0.03;l1;0.01;64;0.9;0.999;1.00E-08;0.02465204;0.01553894;504;0.43
relu;(100, 50, 25);0;0.001;l2;0.0001;16;0.8;0.99;1.00E-06;0.024653113;0.015496099;506;0.76
relu;(100, 50, 25);0.1;0.01;none;1.00E-05;16;0.99;0.9;1.00E-06;0.024653957;0.0154624;506;0.94
relu;(100, 50, 25);0;0.03;none;1.00E-05;64;0.8;0.999;1.00E-06;0.02465436;0.015446276;504;0.39
relu;(50, 50, 50);0;0.03;none;0.0001;64;0.99;0.9;1.00E-06;0.024654388;0.015445182;504;0.4
relu;(100, 50, 25);0.1;0.03;l1;0.0001;32;0.8;0.99;1.00E-08;0.024654818;0.015427991;506;1.12
relu;(100, 50, 25);0.1;0.01;l1;0.01;64;0.8;0.999;1.00E-06;0.024656629;0.015355685;504;1.19
relu;(100, 100, 100, 50);0.1;0.01;l2;1.00E-05;64;0.99;0.9;1.00E-06;0.024656978;0.015341734;504;1.74
relu;(50, 50, 50);0.1;0.001;l1;0.0001;64;0.9;0.9;1.00E-06;0.024657935;0.015303518;504;0.47
relu;(100, 50, 25);0.3;0.03;none;0.01;64;0.8;0.999;1.00E-08;0.024658382;0.015285679;504;1.06
relu;(100, 100, 100, 50);0.1;0.001;l2;0.01;16;0.9;0.999;1.00E-08;0.024659264;0.015250437;506;1.57
relu;(50, 50, 50);0.3;0.03;l2;1.00E-05;32;0.9;0.9;1.00E-08;0.024659377;0.015245927;506;0.98
relu;(50, 50, 50);0;0.03;none;1.00E-05;32;0.8;0.99;1.00E-06;0.024659768;0.015230314;506;0.33
relu;(100, 50, 25);0.1;0.001;l2;0.0001;64;0.8;0.999;1.00E-08;0.024660697;0.015193206;504;1.16
relu;(50, 50, 50);0;0.001;l1;0.01;16;0.9;0.9;1.00E-08;0.024661428;0.015164052;506;0.89
relu;(100, 50, 25);0.1;0.001;l2;0.0001;32;0.8;0.9;1.00E-06;0.024662243;0.015131503;506;0.87
relu;(100, 100, 100, 50);0.3;0.03;l1;0.0001;32;0.9;0.999;1.00E-08;0.024662643;0.015115508;506;1.64
relu;(100, 50, 25);0.1;0.01;l2;0.01;64;0.99;0.99;1.00E-06;0.024663211;0.015092839;504;1.08
relu;(50, 50, 50);0.3;0.01;l2;0.0001;32;0.9;0.99;1.00E-06;0.024663716;0.015072669;506;0.59
relu;(100, 100, 100, 50);0.1;0.001;none;1.00E-05;32;0.99;0.9;1.00E-08;0.024663939;0.015063759;506;1.7
relu;(100, 50, 25);0.1;0.001;l1;1.00E-05;32;0.9;0.999;1.00E-06;0.024664182;0.015054047;506;1.01
relu;(100, 50, 25);0.1;0.001;none;0.01;32;0.9;0.999;1.00E-06;0.02466579;0.014989823;506;0.87
relu;(100, 100, 100, 50);0;0.01;l2;0.01;16;0.8;0.999;1.00E-08;0.024667494;0.014921808;506;1.19
relu;(100, 50, 25);0.1;0.03;l2;0.01;32;0.9;0.9;1.00E-08;0.024667514;0.014920993;506;0.88
relu;(100, 50, 25);0;0.001;l1;0.01;64;0.99;0.99;1.00E-06;0.024668712;0.014873157;504;0.97
relu;(100, 50, 25);0.3;0.01;l1;0.01;32;0.8;0.9;1.00E-06;0.024668793;0.01486991;506;0.45
relu;(50, 50, 50);0.1;0.001;none;0.0001;16;0.9;0.999;1.00E-06;0.024668864;0.014867069;506;0.41
relu;(100, 50, 25);0.3;0.001;none;0.01;32;0.8;0.9;1.00E-08;0.024669603;0.014837569;506;0.46
relu;(50, 50, 50);0.1;0.001;l2;0.01;64;0.8;0.9;1.00E-06;0.024669949;0.014823772;504;0.49
relu;(100, 50, 25);0.3;0.001;none;1.00E-05;64;0.9;0.9;1.00E-08;0.024670665;0.014795144;504;0.56
relu;(100, 100, 100, 50);0.3;0.03;l1;0.0001;64;0.8;0.999;1.00E-06;0.024670867;0.014787073;504;2.09
relu;(100, 100, 100, 50);0.1;0.001;none;0.01;64;0.99;0.99;1.00E-06;0.024671128;0.014776677;504;1.99
relu;(100, 50, 25);0.1;0.03;l2;0.0001;16;0.8;0.99;1.00E-08;0.024671329;0.014768657;506;0.84
relu;(50, 50, 50);0;0.001;l1;0.01;64;0.99;0.99;1.00E-06;0.024672478;0.014722773;504;0.42
relu;(100, 100, 100, 50);0;0.03;l2;1.00E-05;16;0.9;0.999;1.00E-06;0.024672647;0.014716;506;1.19
relu;(100, 50, 25);0.3;0.01;l2;0.01;16;0.9;0.999;1.00E-06;0.024672836;0.014708481;506;0.86
relu;(100, 50, 25);0;0.001;none;0.01;16;0.9;0.999;1.00E-08;0.024674468;0.014643277;506;1.33
relu;(100, 100, 100, 50);0;0.01;l2;0.0001;16;0.9;0.99;1.00E-08;0.024674599;0.014638075;506;1.17
relu;(100, 50, 25);0.3;0.03;none;0.01;32;0.8;0.9;1.00E-08;0.024675501;0.014602026;506;0.72
relu;(50, 50, 50);0.1;0.03;l1;0.01;16;0.8;0.9;1.00E-08;0.024675689;0.014594528;506;0.62
relu;(50, 50, 50);0.3;0.03;l2;0.0001;64;0.8;0.999;1.00E-06;0.024677665;0.014515618;504;1
relu;(100, 100, 100, 50);0.1;0.03;l1;0.0001;16;0.9;0.99;1.00E-06;0.024677794;0.014510455;506;1.63
relu;(50, 50, 50);0.3;0.001;l2;0.01;32;0.9;0.999;1.00E-08;0.024677902;0.014506167;506;0.61
relu;(100, 50, 25);0.1;0.001;l1;0.0001;32;0.9;0.99;1.00E-06;0.024678024;0.014501296;506;1.05
relu;(100, 50, 25);0;0.01;l2;1.00E-05;64;0.8;0.99;1.00E-08;0.024678333;0.014488936;504;0.4
relu;(50, 50, 50);0;0.03;l1;0.01;32;0.99;0.999;1.00E-06;0.024680323;0.014409471;506;0.42
relu;(100, 50, 25);0.3;0.01;l2;0.01;16;0.8;0.99;1.00E-08;0.024680532;0.01440112;506;0.77
relu;(100, 50, 25);0.1;0.03;l2;1.00E-05;64;0.9;0.99;1.00E-06;0.024681066;0.014379802;504;0.89
relu;(50, 50, 50);0;0.03;l1;0.01;32;0.9;0.9;1.00E-06;0.024681406;0.014366234;506;0.44
relu;(50, 50, 50);0;0.01;l1;0.01;32;0.9;0.9;1.00E-08;0.024681473;0.014363546;506;0.36
relu;(100, 100, 100, 50);0;0.01;l1;0.01;64;0.9;0.999;1.00E-06;0.024681645;0.014356698;504;1.37
relu;(100, 100, 100, 50);0.1;0.001;l1;0.01;64;0.9;0.9;1.00E-08;0.024682259;0.014332152;504;2.1
relu;(50, 50, 50);0.1;0.03;none;0.01;16;0.9;0.9;1.00E-08;0.024683107;0.014298292;506;0.57
relu;(100, 50, 25);0.3;0.03;l2;0.0001;64;0.99;0.99;1.00E-08;0.024683257;0.014292326;504;1.28
relu;(100, 100, 100, 50);0.1;0.01;l2;0.01;32;0.8;0.99;1.00E-06;0.024684501;0.014242619;506;1.51
relu;(50, 50, 50);0;0.001;none;1.00E-05;16;0.9;0.99;1.00E-08;0.024684553;0.014240567;506;0.35
relu;(100, 50, 25);0.3;0.01;l2;0.0001;32;0.99;0.99;1.00E-06;0.024684914;0.014226121;506;1.09
relu;(100, 50, 25);0.3;0.01;none;0.0001;64;0.9;0.999;1.00E-06;0.024685717;0.014194064;504;0.47
relu;(100, 100, 100, 50);0.1;0.01;l2;0.01;64;0.8;0.9;1.00E-08;0.024685896;0.014186926;504;1.85
relu;(50, 50, 50);0.1;0.01;none;0.01;16;0.99;0.999;1.00E-06;0.024686113;0.014178259;506;0.72
relu;(100, 50, 25);0.3;0.03;none;0.0001;64;0.9;0.999;1.00E-08;0.024686641;0.014157152;504;0.88
relu;(100, 100, 100, 50);0.1;0.001;l1;0.0001;32;0.9;0.99;1.00E-06;0.024687004;0.014142679;506;1.76
relu;(100, 50, 25);0.3;0.001;none;1.00E-05;32;0.8;0.9;1.00E-06;0.024687522;0.014122002;506;0.45
relu;(100, 100, 100, 50);0;0.03;l1;0.01;16;0.99;0.99;1.00E-06;0.024688438;0.014085419;506;1.28
relu;(100, 50, 25);0;0.001;none;0.0001;64;0.9;0.99;1.00E-08;0.024688461;0.014084482;504;1.76
relu;(50, 50, 50);0.1;0.01;l2;0.01;32;0.99;0.99;1.00E-08;0.024688542;0.014081247;506;0.62
relu;(50, 50, 50);0.1;0.01;l2;0.01;64;0.9;0.999;1.00E-06;0.024688612;0.014078454;504;0.68
relu;(100, 50, 25);0.1;0.001;l1;0.01;32;0.9;0.9;1.00E-06;0.024688989;0.014063388;506;1.13
relu;(50, 50, 50);0;0.001;none;0.0001;64;0.8;0.99;1.00E-06;0.024689246;0.014053155;504;0.44
relu;(50, 50, 50);0.3;0.01;l1;1.00E-05;32;0.99;0.999;1.00E-08;0.024689273;0.014052078;506;0.72
relu;(50, 50, 50);0;0.01;none;1.00E-05;16;0.9;0.999;1.00E-08;0.024690264;0.014012488;506;0.32
relu;(100, 100, 100, 50);0.3;0.01;none;0.01;32;0.9;0.999;1.00E-08;0.02469039;0.014007437;506;0.74
relu;(50, 50, 50);0.1;0.001;l2;0.0001;16;0.9;0.9;1.00E-08;0.024690437;0.014005562;506;0.41
relu;(50, 50, 50);0.1;0.001;l2;0.01;16;0.99;0.9;1.00E-06;0.024692175;0.013936155;506;0.38
relu;(100, 100, 100, 50);0.1;0.01;l2;0.01;32;0.99;0.9;1.00E-08;0.024692585;0.013919806;506;1.5
relu;(100, 50, 25);0;0.001;l2;0.0001;16;0.99;0.999;1.00E-08;0.024693141;0.013897605;506;0.85
relu;(50, 50, 50);0.3;0.03;l2;0.01;64;0.9;0.99;1.00E-06;0.024694914;0.013826785;504;1.6
relu;(100, 50, 25);0.3;0.01;l2;0.0001;16;0.9;0.999;1.00E-06;0.024695563;0.013800871;506;0.4
relu;(100, 100, 100, 50);0.1;0.03;none;1.00E-05;64;0.8;0.999;1.00E-08;0.024696199;0.013775481;504;1.72
relu;(50, 50, 50);0.1;0.001;none;0.0001;32;0.9;0.99;1.00E-08;0.024696585;0.013760045;506;0.4
relu;(100, 50, 25);0.1;0.01;none;0.01;64;0.99;0.999;1.00E-06;0.024697478;0.013724398;504;0.99
relu;(100, 100, 100, 50);0.1;0.001;none;0.01;16;0.99;0.99;1.00E-06;0.024698055;0.013701368;506;1.42
relu;(50, 50, 50);0.1;0.01;l2;0.01;16;0.99;0.9;1.00E-06;0.02469843;0.013686401;506;0.74
relu;(50, 50, 50);0.1;0.03;none;1.00E-05;16;0.8;0.999;1.00E-08;0.024699371;0.013648789;506;0.64
relu;(50, 50, 50);0;0.03;none;0.0001;64;0.99;0.9;1.00E-08;0.024699538;0.013642136;504;0.38
relu;(100, 100, 100, 50);0;0.001;none;1.00E-05;16;0.9;0.999;1.00E-08;0.024699904;0.013627507;506;1.24
relu;(50, 50, 50);0.1;0.03;l1;1.00E-05;32;0.99;0.999;1.00E-08;0.024700302;0.013611627;506;0.8
relu;(100, 100, 100, 50);0.3;0.01;l2;0.01;64;0.99;0.99;1.00E-08;0.024701011;0.013583332;504;0.97
relu;(100, 50, 25);0.3;0.01;none;0.01;32;0.9;0.9;1.00E-06;0.024701159;0.013577392;506;0.45
relu;(50, 50, 50);0.1;0.001;none;0.0001;64;0.99;0.999;1.00E-06;0.024701242;0.013574096;504;0.47
relu;(50, 50, 50);0.3;0.01;l2;0.0001;64;0.9;0.999;1.00E-08;0.024701355;0.013569559;504;0.65
relu;(50, 50, 50);0;0.001;l1;1.00E-05;16;0.8;0.9;1.00E-06;0.024701641;0.013558168;506;1.21
relu;(100, 50, 25);0.3;0.03;l2;0.0001;64;0.8;0.999;1.00E-08;0.024701794;0.013552038;504;1.14
relu;(100, 50, 25);0.3;0.03;l2;0.0001;16;0.8;0.999;1.00E-08;0.024702071;0.013540975;506;0.94
relu;(100, 100, 100, 50);0;0.001;l1;0.0001;16;0.9;0.99;1.00E-08;0.024702223;0.013534917;506;1.07
relu;(50, 50, 50);0.1;0.03;none;1.00E-05;16;0.9;0.99;1.00E-06;0.024702641;0.013518206;506;0.67
relu;(100, 100, 100, 50);0.3;0.001;l2;0.01;64;0.9;0.99;1.00E-08;0.02470334;0.013490316;504;1.36
relu;(50, 50, 50);0.3;0.001;l1;0.01;16;0.9;0.9;1.00E-06;0.024703804;0.013471788;506;0.61
relu;(50, 50, 50);0.1;0.01;l2;0.01;32;0.8;0.9;1.00E-08;0.024704267;0.013453297;506;0.65
relu;(50, 50, 50);0;0.001;l1;1.00E-05;64;0.99;0.99;1.00E-08;0.024704839;0.013430453;504;1.43
relu;(100, 50, 25);0.1;0.001;none;0.01;16;0.8;0.9;1.00E-06;0.024705156;0.013417774;506;0.4
relu;(50, 50, 50);0.3;0.001;l2;0.01;64;0.8;0.9;1.00E-06;0.024705185;0.013416628;504;0.62
relu;(100, 100, 100, 50);0;0.001;none;0.01;16;0.8;0.9;1.00E-08;0.024705451;0.013406004;506;1.19
relu;(100, 100, 100, 50);0;0.01;l1;0.0001;16;0.99;0.9;1.00E-06;0.02470733;0.013330979;506;1.32
relu;(100, 50, 25);0.3;0.001;l2;0.01;64;0.9;0.9;1.00E-06;0.024707345;0.01333036;504;0.46
relu;(50, 50, 50);0.3;0.03;none;0.0001;16;0.8;0.9;1.00E-08;0.024707391;0.013328517;506;0.46
relu;(100, 100, 100, 50);0.1;0.03;none;0.0001;16;0.9;0.9;1.00E-08;0.024708676;0.013277201;506;1.3
relu;(100, 100, 100, 50);0;0.01;l1;0.01;64;0.99;0.9;1.00E-08;0.02470961;0.013239909;504;1.56
relu;(100, 50, 25);0.1;0.03;l2;0.0001;32;0.99;0.99;1.00E-08;0.024709803;0.013232212;506;0.89
relu;(100, 100, 100, 50);0.3;0.01;none;1.00E-05;32;0.99;0.999;1.00E-08;0.024710559;0.01320201;506;0.8
relu;(50, 50, 50);0;0.01;none;1.00E-05;16;0.8;0.999;1.00E-08;0.024711508;0.013164129;506;0.32
relu;(100, 50, 25);0.3;0.01;l1;1.00E-05;64;0.8;0.999;1.00E-08;0.024711728;0.01315534;504;0.6
relu;(100, 50, 25);0.3;0.01;l2;1.00E-05;16;0.8;0.999;1.00E-08;0.024712197;0.013136605;506;0.33
relu;(100, 50, 25);0;0.01;none;0.0001;32;0.8;0.999;1.00E-06;0.024712382;0.01312924;506;0.7
relu;(50, 50, 50);0.1;0.01;l2;1.00E-05;64;0.9;0.999;1.00E-06;0.02471269;0.013116941;504;0.68
relu;(100, 100, 100, 50);0;0.03;l1;1.00E-05;64;0.99;0.9;1.00E-08;0.024712928;0.01310741;504;1.32
relu;(50, 50, 50);0.3;0.01;l2;0.01;64;0.8;0.9;1.00E-08;0.024713168;0.013097836;504;0.76
relu;(50, 50, 50);0.1;0.001;none;1.00E-05;16;0.9;0.999;1.00E-08;0.024713188;0.013097043;506;0.38
relu;(100, 50, 25);0.1;0.03;l1;1.00E-05;32;0.99;0.9;1.00E-06;0.024713867;0.013069911;506;0.82
relu;(100, 50, 25);0.3;0.01;l2;0.01;64;0.99;0.99;1.00E-08;0.024714824;0.013031685;504;1.28
relu;(50, 50, 50);0.3;0.03;l2;0.01;32;0.9;0.999;1.00E-08;0.024715186;0.013017262;506;1.19
relu;(100, 50, 25);0.3;0.01;l2;1.00E-05;32;0.99;0.999;1.00E-06;0.024715572;0.013001834;506;0.37
relu;(100, 100, 100, 50);0;0.01;none;0.0001;64;0.8;0.999;1.00E-06;0.024715584;0.013001344;504;1.48
relu;(50, 50, 50);0.3;0.01;l2;0.01;32;0.8;0.999;1.00E-08;0.024715721;0.012995878;506;0.77
relu;(100, 100, 100, 50);0;0.01;l1;0.01;64;0.99;0.999;1.00E-08;0.024715842;0.01299106;504;1.41
relu;(100, 100, 100, 50);0;0.01;none;1.00E-05;16;0.9;0.9;1.00E-08;0.024715897;0.012988871;506;1.12
relu;(50, 50, 50);0;0.01;l2;1.00E-05;32;0.9;0.9;1.00E-08;0.024716607;0.012960519;506;0.34
relu;(100, 50, 25);0;0.001;l1;0.01;64;0.9;0.9;1.00E-08;0.024717205;0.012936624;504;0.97
relu;(100, 50, 25);0.3;0.001;l1;1.00E-05;16;0.99;0.99;1.00E-08;0.024717485;0.012925425;506;0.41
relu;(100, 100, 100, 50);0.1;0.03;l2;0.01;32;0.99;0.99;1.00E-08;0.024717583;0.01292152;506;0.75
relu;(100, 100, 100, 50);0.3;0.001;l2;0.01;64;0.8;0.9;1.00E-06;0.024718387;0.012889415;504;1
relu;(100, 50, 25);0.1;0.01;none;1.00E-05;64;0.9;0.9;1.00E-06;0.024718987;0.012865474;504;1.19
relu;(100, 100, 100, 50);0;0.03;l2;0.01;64;0.8;0.99;1.00E-08;0.024719512;0.012844499;504;1.42
relu;(50, 50, 50);0.1;0.03;l2;0.01;16;0.9;0.99;1.00E-08;0.024719622;0.012840095;506;0.67
relu;(100, 50, 25);0.3;0.01;l2;0.01;16;0.99;0.999;1.00E-08;0.024720633;0.012799706;506;0.74
relu;(100, 50, 25);0.3;0.03;l1;1.00E-05;16;0.8;0.999;1.00E-06;0.024721072;0.012782202;506;0.86
relu;(100, 50, 25);0.3;0.001;l1;0.0001;16;0.9;0.9;1.00E-08;0.02472124;0.012775488;506;0.42
relu;(50, 50, 50);0.3;0.03;none;0.0001;16;0.9;0.999;1.00E-06;0.0247231;0.012701206;506;0.62
relu;(100, 50, 25);0.1;0.03;l1;0.0001;16;0.8;0.9;1.00E-08;0.02472317;0.012698414;506;1
relu;(100, 50, 25);0;0.01;l2;1.00E-05;64;0.9;0.99;1.00E-08;0.02472369;0.012677652;504;0.4
relu;(50, 50, 50);0;0.001;none;1.00E-05;16;0.8;0.99;1.00E-08;0.024723936;0.012667804;506;0.29
relu;(100, 100, 100, 50);0.3;0.03;l1;0.0001;16;0.8;0.9;1.00E-08;0.02472418;0.012658064;506;1.23
relu;(100, 100, 100, 50);0.3;0.01;none;0.0001;32;0.9;0.99;1.00E-06;0.024725478;0.012606255;506;0.79
relu;(100, 50, 25);0;0.01;l2;0.0001;16;0.99;0.9;1.00E-08;0.024725486;0.012605922;506;0.39
relu;(100, 50, 25);0.1;0.01;none;0.01;16;0.99;0.99;1.00E-06;0.024726661;0.01255902;506;0.66
relu;(100, 100, 100, 50);0.1;0.03;l2;0.01;64;0.9;0.9;1.00E-06;0.024726909;0.012549094;504;1.17
relu;(100, 50, 25);0.3;0.001;l1;1.00E-05;16;0.8;0.999;1.00E-08;0.024727753;0.012515373;506;0.4
relu;(100, 50, 25);0.3;0.01;l1;0.0001;32;0.99;0.9;1.00E-08;0.024727802;0.012513421;506;0.43
relu;(50, 50, 50);0;0.001;l1;0.01;32;0.9;0.9;1.00E-06;0.024728305;0.012493352;506;0.36
relu;(100, 100, 100, 50);0.1;0.03;l2;0.01;32;0.99;0.999;1.00E-06;0.024728774;0.012474634;506;0.67
relu;(50, 50, 50);0;0.01;l2;0.01;64;0.99;0.999;1.00E-08;0.024730287;0.012414185;504;0.35
relu;(50, 50, 50);0;0.01;l2;0.01;16;0.99;0.9;1.00E-08;0.024730688;0.012398187;506;0.31
relu;(100, 50, 25);0;0.03;l1;0.01;16;0.99;0.9;1.00E-06;0.024731222;0.01237684;506;0.33
relu;(100, 50, 25);0.1;0.001;l2;1.00E-05;32;0.8;0.999;1.00E-08;0.024731228;0.012376622;506;0.91
relu;(50, 50, 50);0.1;0.01;none;0.01;64;0.8;0.99;1.00E-06;0.024731437;0.012368268;504;0.85
relu;(100, 50, 25);0.1;0.01;l2;0.01;16;0.9;0.99;1.00E-08;0.02473151;0.012365364;506;0.85
relu;(50, 50, 50);0.3;0.01;none;1.00E-05;64;0.8;0.9;1.00E-08;0.024731883;0.01235046;504;0.69
relu;(100, 100, 100, 50);0;0.03;l2;0.01;32;0.9;0.99;1.00E-06;0.024732572;0.012322934;506;1.28
relu;(50, 50, 50);0.1;0.03;none;0.0001;16;0.99;0.999;1.00E-06;0.024733031;0.012304633;506;0.58
relu;(100, 50, 25);0.1;0.03;l2;1.00E-05;64;0.99;0.999;1.00E-08;0.024733587;0.012282429;504;0.93
relu;(100, 50, 25);0.3;0.03;none;0.0001;64;0.8;0.9;1.00E-06;0.024733886;0.012270455;504;1.12
relu;(100, 50, 25);0;0.01;l2;0.01;16;0.9;0.999;1.00E-06;0.024735607;0.012201748;506;0.29
relu;(50, 50, 50);0.1;0.001;l1;1.00E-05;32;0.9;0.9;1.00E-06;0.024735949;0.012188077;506;0.46
relu;(50, 50, 50);0;0.03;l1;0.01;16;0.99;0.999;1.00E-08;0.02473647;0.012167289;506;0.44
relu;(100, 50, 25);0.1;0.01;l2;0.01;16;0.99;0.9;1.00E-08;0.024737471;0.012127294;506;0.88
relu;(100, 100, 100, 50);0;0.001;l1;0.01;32;0.99;0.999;1.00E-06;0.024738571;0.012083392;506;1.37
relu;(50, 50, 50);0.1;0.001;l1;1.00E-05;16;0.9;0.99;1.00E-08;0.024739419;0.012049503;506;0.42
relu;(50, 50, 50);0;0.01;l1;0.01;16;0.8;0.9;1.00E-08;0.024739451;0.012048253;506;0.38
relu;(50, 50, 50);0;0.01;l1;0.01;16;0.9;0.99;1.00E-08;0.024740302;0.012014276;506;0.36
relu;(100, 50, 25);0.1;0.01;none;0.0001;32;0.99;0.999;1.00E-06;0.024740709;0.01199799;506;1.02
relu;(100, 50, 25);0;0.01;none;0.01;16;0.8;0.999;1.00E-08;0.024740953;0.011988241;506;0.58
relu;(100, 50, 25);0.3;0.001;l1;0.01;16;0.9;0.999;1.00E-08;0.024741223;0.011977465;506;0.4
relu;(100, 100, 100, 50);0.3;0.01;l2;0.01;16;0.99;0.99;1.00E-06;0.024742326;0.011933448;506;0.78
relu;(100, 50, 25);0;0.01;none;1.00E-05;32;0.8;0.999;1.00E-06;0.024742823;0.011913569;506;0.67
relu;(100, 100, 100, 50);0.3;0.01;l2;0.01;64;0.8;0.999;1.00E-06;0.024742849;0.011912535;504;1.16
relu;(50, 50, 50);0.3;0.01;none;1.00E-05;32;0.8;0.99;1.00E-06;0.02474319;0.011898935;506;0.63
relu;(50, 50, 50);0.1;0.03;l1;0.01;64;0.8;0.99;1.00E-08;0.024743962;0.011868111;504;0.99
relu;(50, 50, 50);0;0.03;none;1.00E-05;32;0.9;0.9;1.00E-06;0.024746497;0.011766854;506;0.36
relu;(100, 50, 25);0.3;0.03;l1;1.00E-05;64;0.8;0.9;1.00E-08;0.02474802;0.011706049;504;1.04
relu;(50, 50, 50);0.1;0.03;l1;1.00E-05;16;0.99;0.99;1.00E-06;0.024748464;0.011688317;506;0.59
relu;(50, 50, 50);0;0.001;none;0.01;16;0.99;0.9;1.00E-08;0.024748527;0.011685814;506;0.96
relu;(100, 100, 100, 50);0;0.03;l2;0.0001;16;0.99;0.9;1.00E-06;0.024749447;0.011649058;506;0.95
relu;(100, 50, 25);0.1;0.01;l2;0.01;16;0.99;0.999;1.00E-06;0.02475027;0.011616198;506;0.77
relu;(50, 50, 50);0;0.01;none;0.0001;64;0.9;0.99;1.00E-06;0.024750315;0.0116144;504;0.37
relu;(100, 100, 100, 50);0.1;0.01;l2;1.00E-05;64;0.99;0.999;1.00E-08;0.024750341;0.011613376;504;1.71
relu;(50, 50, 50);0.1;0.01;l1;1.00E-05;32;0.8;0.9;1.00E-08;0.024750355;0.011612803;506;0.78
relu;(50, 50, 50);0.1;0.03;none;0.0001;64;0.9;0.9;1.00E-08;0.024750424;0.011610054;504;0.77
relu;(50, 50, 50);0.1;0.001;l2;1.00E-05;64;0.9;0.999;1.00E-08;0.024750958;0.011588704;504;0.49
relu;(100, 100, 100, 50);0.3;0.01;l1;1.00E-05;32;0.99;0.999;1.00E-06;0.02475134;0.011573455;506;0.82
relu;(100, 100, 100, 50);0.1;0.001;l1;1.00E-05;16;0.99;0.99;1.00E-08;0.024751697;0.01155922;506;1.67
relu;(50, 50, 50);0.3;0.03;l2;0.01;64;0.9;0.999;1.00E-08;0.024751711;0.011558649;504;1.67
relu;(100, 50, 25);0.3;0.03;l2;0.01;32;0.99;0.999;1.00E-06;0.024751812;0.011554612;506;1.24
relu;(100, 100, 100, 50);0.3;0.01;l1;1.00E-05;32;0.99;0.99;1.00E-08;0.024752199;0.011539161;506;0.78
relu;(100, 50, 25);0;0.01;l2;0.0001;16;0.8;0.9;1.00E-06;0.024752283;0.011535814;506;0.31
relu;(100, 100, 100, 50);0;0.01;l2;0.01;64;0.8;0.9;1.00E-08;0.024752838;0.011513642;504;1.4
relu;(100, 50, 25);0;0.01;none;1.00E-05;32;0.9;0.999;1.00E-08;0.024753122;0.011502309;506;0.64
relu;(100, 100, 100, 50);0.3;0.03;l1;1.00E-05;64;0.9;0.99;1.00E-08;0.024753368;0.011492489;504;1.43
relu;(50, 50, 50);0.3;0.001;l2;0.01;64;0.8;0.999;1.00E-08;0.024753827;0.011474127;504;0.72
relu;(100, 50, 25);0.3;0.03;l2;0.0001;16;0.9;0.999;1.00E-08;0.0247546;0.011443278;506;0.88
relu;(50, 50, 50);0.3;0.01;l2;1.00E-05;64;0.99;0.99;1.00E-06;0.024754766;0.011436635;504;0.87
relu;(50, 50, 50);0.1;0.001;none;0.01;64;0.8;0.999;1.00E-08;0.024754877;0.011432203;504;0.48
relu;(100, 50, 25);0.3;0.01;l1;1.00E-05;16;0.99;0.999;1.00E-08;0.024755759;0.011397005;506;0.66
relu;(100, 50, 25);0.3;0.001;l1;0.0001;16;0.8;0.9;1.00E-08;0.024755825;0.011394369;506;0.4
relu;(100, 50, 25);0.3;0.03;l1;0.0001;64;0.8;0.99;1.00E-08;0.02475658;0.01136419;504;1.58
relu;(100, 100, 100, 50);0.3;0.01;l2;0.01;32;0.8;0.9;1.00E-08;0.024757183;0.011340118;506;0.76
relu;(100, 100, 100, 50);0.1;0.01;l1;0.0001;64;0.9;0.99;1.00E-06;0.024757574;0.011324506;504;2.22
relu;(50, 50, 50);0;0.01;none;0.01;64;0.99;0.999;1.00E-06;0.024757767;0.011316806;504;0.4
relu;(50, 50, 50);0.1;0.03;none;0.01;16;0.99;0.99;1.00E-08;0.024758544;0.011285782;506;0.65
relu;(50, 50, 50);0.3;0.03;l1;0.0001;32;0.9;0.99;1.00E-08;0.024758886;0.011272135;506;0.76
relu;(50, 50, 50);0.1;0.01;l1;0.01;32;0.9;0.9;1.00E-08;0.024760697;0.011199803;506;0.85
relu;(100, 100, 100, 50);0;0.001;l2;1.00E-05;16;0.9;0.9;1.00E-06;0.024763911;0.011071431;506;1.22
relu;(100, 100, 100, 50);0.3;0.01;l2;0.01;16;0.9;0.99;1.00E-06;0.024764013;0.011067386;506;0.6
relu;(50, 50, 50);0;0.001;none;0.01;16;0.9;0.999;1.00E-06;0.024764045;0.011066105;506;1.11
relu;(100, 100, 100, 50);0.1;0.01;l2;0.01;32;0.9;0.9;1.00E-08;0.024764385;0.011052508;506;1.51
relu;(100, 50, 25);0;0.03;none;1.00E-05;32;0.99;0.9;1.00E-06;0.024764692;0.011040247;506;0.31
relu;(100, 50, 25);0.1;0.01;l2;0.01;32;0.9;0.9;1.00E-08;0.024765483;0.01100867;506;0.92
relu;(50, 50, 50);0;0.01;l1;0.01;16;0.8;0.9;1.00E-06;0.024765533;0.011006669;506;0.38
relu;(50, 50, 50);0.1;0.03;l2;1.00E-05;16;0.9;0.999;1.00E-06;0.024766006;0.010987775;506;0.75
relu;(100, 50, 25);0.1;0.01;l1;0.01;64;0.99;0.99;1.00E-06;0.024766061;0.010985589;504;1.21
relu;(100, 50, 25);0.3;0.03;l2;0.01;64;0.8;0.999;1.00E-08;0.024766782;0.010956785;504;1.39
relu;(50, 50, 50);0.1;0.001;l2;1.00E-05;32;0.8;0.99;1.00E-06;0.024768848;0.010874299;506;0.45
relu;(50, 50, 50);0.1;0.001;l1;1.00E-05;16;0.8;0.99;1.00E-08;0.024768879;0.010873071;506;0.45
relu;(100, 50, 25);0.3;0.03;l1;0.0001;16;0.99;0.999;1.00E-08;0.024769474;0.010849296;506;1.3
relu;(100, 50, 25);0;0.03;l2;0.01;32;0.9;0.9;1.00E-08;0.024770339;0.010814759;506;0.33
relu;(100, 100, 100, 50);0;0.01;none;1.00E-05;16;0.9;0.999;1.00E-06;0.024770421;0.010811458;506;1.06
relu;(100, 50, 25);0;0.01;l1;0.01;64;0.99;0.999;1.00E-08;0.0247711;0.010784355;504;0.41
relu;(50, 50, 50);0;0.001;l2;0.0001;32;0.9;0.99;1.00E-06;0.024771326;0.010775333;506;0.37
relu;(100, 50, 25);0.1;0.03;l1;0.0001;64;0.9;0.99;1.00E-06;0.024771778;0.010757269;504;1.32
relu;(100, 100, 100, 50);0;0.03;l1;0.01;64;0.9;0.9;1.00E-06;0.024772101;0.010744384;504;1.74
relu;(50, 50, 50);0;0.01;l2;0.01;16;0.99;0.999;1.00E-06;0.024772346;0.010734603;506;0.32
relu;(100, 50, 25);0.1;0.03;l1;0.01;32;0.9;0.9;1.00E-08;0.024773121;0.010703636;506;1.17
relu;(50, 50, 50);0;0.01;l2;0.0001;32;0.8;0.99;1.00E-06;0.024773145;0.010702704;506;0.34
relu;(100, 50, 25);0;0.01;none;1.00E-05;64;0.9;0.999;1.00E-06;0.024773435;0.010691131;504;0.66
relu;(100, 50, 25);0.1;0.01;none;0.01;32;0.99;0.9;1.00E-08;0.024773465;0.0106899;506;0.78
relu;(50, 50, 50);0.3;0.01;l1;0.0001;32;0.9;0.9;1.00E-06;0.024773718;0.010679801;506;0.66
relu;(50, 50, 50);0.1;0.01;l2;0.01;64;0.99;0.9;1.00E-06;0.024775403;0.010612525;504;0.83
relu;(100, 50, 25);0;0.001;l1;0.0001;64;0.99;0.99;1.00E-08;0.024775565;0.010606045;504;0.85
relu;(100, 50, 25);0.3;0.01;l2;0.01;16;0.99;0.99;1.00E-06;0.024775597;0.010604777;506;0.81
relu;(100, 50, 25);0.3;0.001;l1;0.01;32;0.9;0.9;1.00E-08;0.024775774;0.010597708;506;0.45
relu;(100, 100, 100, 50);0;0.03;l2;0.01;64;0.9;0.99;1.00E-08;0.024776134;0.010583331;504;1.49
relu;(100, 50, 25);0.3;0.03;l2;1.00E-05;32;0.9;0.999;1.00E-06;0.024777086;0.01054531;506;0.79
relu;(100, 50, 25);0.1;0.001;none;1.00E-05;64;0.9;0.999;1.00E-08;0.02477723;0.010539578;504;0.45
relu;(100, 100, 100, 50);0;0.001;l2;0.0001;64;0.8;0.9;1.00E-08;0.024777267;0.010538073;504;1.2
relu;(100, 100, 100, 50);0.3;0.01;l1;0.0001;64;0.8;0.99;1.00E-08;0.024777496;0.01052895;504;1.31
relu;(50, 50, 50);0.1;0.03;l2;1.00E-05;32;0.9;0.999;1.00E-08;0.024778429;0.010491681;506;0.79
relu;(50, 50, 50);0.1;0.01;l1;1.00E-05;16;0.8;0.999;1.00E-06;0.024778501;0.010488822;506;0.69
relu;(100, 50, 25);0.3;0.001;l2;0.01;64;0.9;0.9;1.00E-08;0.024779363;0.010454373;504;0.45
relu;(50, 50, 50);0.1;0.03;l1;0.01;32;0.9;0.99;1.00E-08;0.024779687;0.010441427;506;0.66
relu;(100, 100, 100, 50);0;0.03;l2;0.01;32;0.9;0.99;1.00E-08;0.024779699;0.010440956;506;1.21
relu;(100, 50, 25);0.3;0.01;none;1.00E-05;32;0.99;0.99;1.00E-08;0.024779847;0.010435068;506;0.37
relu;(100, 100, 100, 50);0;0.03;l2;1.00E-05;32;0.99;0.9;1.00E-06;0.024780093;0.010425223;506;1.18
relu;(100, 100, 100, 50);0.1;0.01;l1;0.0001;16;0.9;0.999;1.00E-06;0.024780143;0.010423246;506;1.8
relu;(50, 50, 50);0;0.03;l1;1.00E-05;64;0.8;0.99;1.00E-08;0.024780583;0.010405661;504;0.4
relu;(100, 100, 100, 50);0.1;0.03;l1;0.0001;16;0.9;0.9;1.00E-06;0.024780684;0.010401629;506;1.59
relu;(50, 50, 50);0.1;0.01;l1;0.01;32;0.8;0.9;1.00E-08;0.024781502;0.010368962;506;0.77
relu;(100, 100, 100, 50);0.1;0.01;l2;0.01;32;0.99;0.999;1.00E-08;0.024781741;0.010359417;506;1.51
relu;(100, 50, 25);0.3;0.001;none;0.01;32;0.9;0.9;1.00E-08;0.024781942;0.010351391;506;0.41
relu;(100, 50, 25);0.1;0.01;none;0.01;16;0.9;0.9;1.00E-08;0.024782007;0.010348814;506;0.67
relu;(100, 100, 100, 50);0;0.001;l1;0.0001;32;0.8;0.9;1.00E-06;0.024782762;0.010318663;506;1.27
relu;(50, 50, 50);0.1;0.03;none;0.0001;32;0.8;0.99;1.00E-06;0.024783316;0.010296518;506;0.63
relu;(100, 100, 100, 50);0.1;0.01;l1;0.0001;16;0.8;0.99;1.00E-06;0.024783338;0.010295665;506;1.69
relu;(50, 50, 50);0.1;0.03;none;0.01;64;0.8;0.99;1.00E-06;0.024783487;0.010289698;504;0.69
relu;(50, 50, 50);0;0.001;l1;0.01;16;0.8;0.999;1.00E-08;0.024783715;0.010280587;506;0.92
relu;(50, 50, 50);0.1;0.03;l2;0.01;16;0.8;0.9;1.00E-06;0.024784056;0.010266958;506;0.55
relu;(100, 100, 100, 50);0.3;0.001;none;1.00E-05;64;0.8;0.999;1.00E-08;0.024784454;0.010251063;504;1.17
relu;(100, 100, 100, 50);0.1;0.03;l2;0.0001;64;0.8;0.999;1.00E-06;0.024785503;0.010209205;504;0.94
relu;(50, 50, 50);0.3;0.001;l1;0.01;64;0.9;0.999;1.00E-08;0.024785544;0.010207559;504;0.71
relu;(100, 100, 100, 50);0.1;0.03;l2;0.01;16;0.9;0.99;1.00E-08;0.02478599;0.010189725;506;0.66
relu;(100, 100, 100, 50);0;0.03;l2;0.01;64;0.9;0.999;1.00E-08;0.024786093;0.010185612;504;1.44
relu;(100, 50, 25);0.3;0.01;l2;0.01;16;0.99;0.99;1.00E-08;0.024786398;0.010173465;506;0.78
relu;(50, 50, 50);0.3;0.03;l1;1.00E-05;16;0.9;0.999;1.00E-06;0.024787024;0.010148462;506;0.59
relu;(100, 100, 100, 50);0.3;0.001;l1;0.0001;64;0.8;0.999;1.00E-06;0.024787311;0.010137004;504;1.1
relu;(100, 50, 25);0.1;0.01;l2;0.01;64;0.8;0.9;1.00E-06;0.024787915;0.010112858;504;1.15
relu;(50, 50, 50);0;0.03;l1;0.0001;16;0.99;0.9;1.00E-08;0.024788053;0.010107362;506;0.4
relu;(50, 50, 50);0.3;0.01;l2;0.01;64;0.9;0.999;1.00E-08;0.024788243;0.010099763;504;0.82
relu;(100, 100, 100, 50);0;0.01;l1;0.01;16;0.8;0.999;1.00E-08;0.024788379;0.010094337;506;1.25
relu;(50, 50, 50);0;0.01;l1;1.00E-05;32;0.99;0.9;1.00E-08;0.02478892;0.010072723;506;0.4
relu;(50, 50, 50);0;0.03;l1;0.01;32;0.8;0.99;1.00E-06;0.024789451;0.010051528;506;0.46
relu;(50, 50, 50);0;0.03;l2;0.01;64;0.99;0.999;1.00E-06;0.024789464;0.010050998;504;1.43
relu;(50, 50, 50);0;0.001;none;0.0001;64;0.99;0.9;1.00E-08;0.024789497;0.010049682;504;0.58
relu;(100, 100, 100, 50);0.3;0.001;l2;0.01;64;0.8;0.99;1.00E-06;0.024789499;0.01004963;504;1.47
relu;(100, 100, 100, 50);0.3;0.03;none;0.0001;32;0.9;0.99;1.00E-06;0.024790136;0.010024175;506;0.69
relu;(100, 50, 25);0.1;0.001;l2;1.00E-05;64;0.9;0.99;1.00E-08;0.024790498;0.01000971;504;1.01
relu;(100, 50, 25);0;0.001;l1;0.01;16;0.8;0.999;1.00E-06;0.024790501;0.010009591;506;0.74
relu;(100, 100, 100, 50);0.1;0.03;none;0.01;32;0.9;0.999;1.00E-08;0.02479091;0.009993283;506;1.48
relu;(100, 50, 25);0.3;0.01;l2;1.00E-05;64;0.8;0.999;1.00E-06;0.024791477;0.009970628;504;0.44
relu;(100, 100, 100, 50);0.1;0.01;l2;0.01;32;0.99;0.99;1.00E-08;0.024791957;0.009951451;506;1.5
relu;(50, 50, 50);0.3;0.01;l1;0.01;64;0.9;0.9;1.00E-08;0.024792465;0.009931174;504;0.68
relu;(100, 50, 25);0.1;0.001;l1;0.01;16;0.9;0.99;1.00E-06;0.024792687;0.009922292;506;1.13
relu;(50, 50, 50);0.1;0.001;none;0.01;16;0.99;0.999;1.00E-08;0.024792705;0.009921583;506;0.39
relu;(50, 50, 50);0;0.01;l1;1.00E-05;64;0.8;0.999;1.00E-08;0.024792861;0.009915339;504;0.46
relu;(50, 50, 50);0.3;0.01;l2;0.01;32;0.99;0.9;1.00E-06;0.024793509;0.009889461;506;0.76
relu;(100, 50, 25);0.1;0.01;l2;0.01;16;0.9;0.9;1.00E-06;0.024793905;0.009873656;506;0.83
relu;(100, 100, 100, 50);0;0.01;l2;0.01;32;0.9;0.99;1.00E-08;0.024794062;0.00986739;506;1.17
relu;(100, 100, 100, 50);0.1;0.001;none;1.00E-05;16;0.9;0.999;1.00E-06;0.024794585;0.009846501;506;1.57
relu;(50, 50, 50);0.1;0.001;l1;0.01;16;0.8;0.999;1.00E-08;0.024794976;0.009830903;506;0.42
relu;(100, 50, 25);0.3;0.01;none;1.00E-05;16;0.99;0.999;1.00E-08;0.0247961;0.009786012;506;0.35
relu;(100, 100, 100, 50);0;0.03;l2;0.01;64;0.9;0.9;1.00E-06;0.024796761;0.009759612;504;1.43
relu;(100, 50, 25);0;0.01;l1;0.01;32;0.9;0.99;1.00E-06;0.024796915;0.009753467;506;0.37
relu;(100, 50, 25);0.1;0.001;none;0.01;32;0.99;0.99;1.00E-06;0.024796978;0.00975095;506;0.97
relu;(100, 100, 100, 50);0.1;0.01;l1;1.00E-05;64;0.8;0.999;1.00E-08;0.024797537;0.0097286;504;2.05
relu;(100, 50, 25);0.3;0.001;none;0.0001;16;0.99;0.99;1.00E-08;0.024797874;0.009715159;506;0.4
relu;(100, 50, 25);0.3;0.01;none;0.01;32;0.8;0.999;1.00E-08;0.024797895;0.009714306;506;0.5
relu;(100, 50, 25);0.3;0.03;none;1.00E-05;32;0.8;0.999;1.00E-06;0.02479791;0.009713707;506;1.02
relu;(50, 50, 50);0.3;0.03;l2;0.01;64;0.8;0.9;1.00E-06;0.024797999;0.009710171;504;1.49
relu;(50, 50, 50);0;0.001;none;0.0001;16;0.9;0.9;1.00E-06;0.02479839;0.009694538;506;0.31
relu;(100, 100, 100, 50);0.1;0.03;l2;0.0001;64;0.9;0.999;1.00E-06;0.024798504;0.009690005;504;1.48
relu;(100, 100, 100, 50);0.3;0.001;l2;0.01;32;0.9;0.9;1.00E-06;0.024798683;0.009682867;506;0.73
relu;(100, 100, 100, 50);0.1;0.03;l2;0.01;16;0.99;0.99;1.00E-08;0.024798709;0.009681797;506;0.77
relu;(100, 100, 100, 50);0.1;0.001;l2;0.0001;32;0.9;0.999;1.00E-08;0.024799145;0.009664418;506;1.67
relu;(100, 50, 25);0.3;0.03;l2;0.0001;16;0.9;0.99;1.00E-06;0.024799411;0.009653794;506;0.92
relu;(50, 50, 50);0.3;0.001;l1;0.0001;64;0.99;0.9;1.00E-08;0.02479957;0.009647441;504;0.82
relu;(50, 50, 50);0.1;0.001;none;0.0001;64;0.99;0.9;1.00E-06;0.02479974;0.009640643;504;0.48
relu;(100, 50, 25);0.3;0.01;l1;0.0001;16;0.99;0.99;1.00E-08;0.02480026;0.009619894;506;0.38
relu;(100, 100, 100, 50);0.1;0.001;l1;1.00E-05;32;0.8;0.99;1.00E-06;0.024800554;0.009608152;506;1.91
relu;(100, 50, 25);0;0.01;l1;1.00E-05;64;0.8;0.9;1.00E-06;0.024800714;0.009601744;504;1.05
relu;(50, 50, 50);0.1;0.03;l1;0.01;32;0.9;0.9;1.00E-06;0.024801144;0.00958456;506;0.8
relu;(50, 50, 50);0.1;0.001;l1;0.01;16;0.99;0.9;1.00E-06;0.024801417;0.009573656;506;0.43
relu;(50, 50, 50);0;0.001;l1;0.01;16;0.99;0.9;1.00E-08;0.024802125;0.009545399;506;1.03
relu;(50, 50, 50);0;0.03;l2;0.01;16;0.9;0.99;1.00E-08;0.024802357;0.009536117;506;0.85
relu;(100, 50, 25);0.1;0.03;l2;0.01;32;0.8;0.99;1.00E-06;0.02480256;0.009528023;506;1.06
relu;(50, 50, 50);0.1;0.01;l1;0.01;32;0.8;0.99;1.00E-06;0.024805503;0.009410509;506;0.9
relu;(100, 50, 25);0;0.03;l1;0.01;32;0.9;0.9;1.00E-06;0.024805609;0.00940625;506;0.4
relu;(100, 50, 25);0.3;0.001;l1;0.01;16;0.99;0.999;1.00E-08;0.02480561;0.009406221;506;0.4
relu;(50, 50, 50);0;0.03;l2;0.0001;16;0.8;0.99;1.00E-06;0.024805613;0.009406107;506;0.99
relu;(50, 50, 50);0;0.001;none;0.01;64;0.99;0.9;1.00E-08;0.024805799;0.009398664;504;1.16
relu;(50, 50, 50);0;0.01;l2;1.00E-05;64;0.99;0.9;1.00E-08;0.024806532;0.009369396;504;0.37
relu;(100, 50, 25);0.1;0.03;l2;0.01;16;0.99;0.99;1.00E-06;0.024806934;0.00935334;506;0.78
relu;(100, 100, 100, 50);0.3;0.001;l2;0.01;64;0.8;0.9;1.00E-08;0.024807181;0.009343509;504;1
relu;(100, 100, 100, 50);0.3;0.01;l1;0.0001;32;0.9;0.99;1.00E-08;0.024808671;0.009283987;506;0.79
relu;(100, 100, 100, 50);0.1;0.001;none;1.00E-05;32;0.99;0.99;1.00E-08;0.024808901;0.009274818;506;1.67
relu;(50, 50, 50);0;0.03;none;0.0001;32;0.99;0.99;1.00E-08;0.024809082;0.009267588;506;0.34
relu;(100, 50, 25);0.3;0.001;none;0.01;16;0.99;0.9;1.00E-08;0.024809407;0.009254589;506;0.34
relu;(100, 50, 25);0.1;0.01;l2;0.01;16;0.9;0.9;1.00E-08;0.024809472;0.009252016;506;0.94
relu;(100, 100, 100, 50);0;0.01;l1;0.01;32;0.9;0.99;1.00E-06;0.024810582;0.009207662;506;1.24
relu;(100, 100, 100, 50);0.3;0.001;l1;1.00E-05;16;0.8;0.99;1.00E-06;0.024810842;0.009197312;506;0.74
relu;(50, 50, 50);0.3;0.001;l2;0.01;64;0.99;0.99;1.00E-06;0.024811949;0.009153093;504;0.79
relu;(100, 100, 100, 50);0;0.001;none;1.00E-05;16;0.8;0.99;1.00E-06;0.024812227;0.009141999;506;1.36
relu;(50, 50, 50);0.3;0.01;l1;0.0001;64;0.8;0.999;1.00E-06;0.024812378;0.009135948;504;0.78
relu;(100, 100, 100, 50);0.1;0.001;none;0.01;16;0.8;0.99;1.00E-08;0.024814663;0.00904472;506;1.31
relu;(50, 50, 50);0;0.03;none;0.01;16;0.99;0.99;1.00E-08;0.024814771;0.009040404;506;0.35
relu;(100, 100, 100, 50);0;0.001;l1;0.01;16;0.8;0.9;1.00E-06;0.024815158;0.009024925;506;1.26
relu;(50, 50, 50);0.1;0.001;l1;0.01;32;0.99;0.9;1.00E-08;0.024815875;0.008996295;506;0.49
relu;(100, 50, 25);0.3;0.001;l2;0.01;32;0.9;0.9;1.00E-06;0.024816361;0.00897688;506;0.38
relu;(50, 50, 50);0.3;0.03;l2;0.01;16;0.99;0.999;1.00E-08;0.024816378;0.00897622;506;0.81
relu;(50, 50, 50);0;0.001;l1;1.00E-05;32;0.8;0.999;1.00E-06;0.02481807;0.008908663;506;1.2
relu;(50, 50, 50);0.1;0.01;l2;0.0001;64;0.99;0.9;1.00E-06;0.024818584;0.008888128;504;0.84
relu;(50, 50, 50);0.1;0.03;l2;0.01;64;0.99;0.99;1.00E-08;0.024818985;0.008872102;504;0.71
relu;(100, 50, 25);0.3;0.001;l1;0.01;16;0.9;0.9;1.00E-06;0.02481966;0.008845136;506;0.4
relu;(100, 100, 100, 50);0;0.01;none;0.01;32;0.99;0.9;1.00E-08;0.02482035;0.008817608;506;1.14
relu;(100, 100, 100, 50);0.1;0.03;l2;0.01;32;0.8;0.99;1.00E-08;0.024821212;0.008783189;506;0.93
relu;(50, 50, 50);0.3;0.001;l1;0.0001;16;0.99;0.9;1.00E-06;0.024821347;0.008777771;506;0.69
relu;(100, 100, 100, 50);0;0.001;l1;0.0001;32;0.9;0.999;1.00E-06;0.024821439;0.008774093;506;1.32
relu;(100, 50, 25);0.1;0.03;none;1.00E-05;32;0.8;0.999;1.00E-06;0.024821877;0.00875662;506;1.11
relu;(100, 50, 25);0.3;0.01;l1;0.0001;16;0.9;0.999;1.00E-08;0.024821939;0.008754159;506;0.41
relu;(100, 50, 25);0.3;0.001;none;0.01;16;0.99;0.99;1.00E-08;0.024823413;0.008695271;506;0.35
relu;(100, 50, 25);0;0.01;none;0.0001;16;0.9;0.99;1.00E-08;0.024823622;0.008686953;506;0.64
relu;(50, 50, 50);0.3;0.01;none;0.01;64;0.99;0.999;1.00E-06;0.024823725;0.008682802;504;0.92
relu;(100, 50, 25);0.3;0.001;l1;0.0001;64;0.99;0.9;1.00E-08;0.024824962;0.00863342;504;0.54
relu;(100, 50, 25);0.3;0.001;l2;0.01;16;0.8;0.99;1.00E-06;0.024825576;0.008608899;506;0.35
relu;(50, 50, 50);0.1;0.001;l2;1.00E-05;64;0.9;0.999;1.00E-06;0.024826157;0.008585706;504;0.49
relu;(100, 100, 100, 50);0.1;0.01;l2;0.01;16;0.99;0.99;1.00E-08;0.024827056;0.008549786;506;1.42
relu;(50, 50, 50);0.3;0.001;none;1.00E-05;16;0.9;0.99;1.00E-08;0.024827511;0.008531627;506;0.6
relu;(100, 50, 25);0.3;0.01;none;1.00E-05;32;0.99;0.999;1.00E-08;0.024828639;0.008486593;506;0.38
relu;(50, 50, 50);0.3;0.01;l2;1.00E-05;64;0.99;0.999;1.00E-08;0.024829938;0.008434716;504;0.78
relu;(100, 50, 25);0.1;0.001;l1;0.01;16;0.9;0.999;1.00E-08;0.024830658;0.008405972;506;0.99
relu;(50, 50, 50);0;0.03;l1;1.00E-05;16;0.8;0.9;1.00E-08;0.02483285;0.00831841;506;0.38
relu;(50, 50, 50);0.1;0.03;l2;0.01;16;0.99;0.99;1.00E-06;0.024832862;0.008317953;506;0.8
relu;(50, 50, 50);0;0.001;l1;0.01;64;0.8;0.99;1.00E-08;0.024832984;0.00831307;504;0.44
relu;(100, 100, 100, 50);0.3;0.01;l2;1.00E-05;16;0.9;0.99;1.00E-08;0.024833919;0.008275738;506;0.64
relu;(50, 50, 50);0;0.001;l1;0.01;64;0.9;0.9;1.00E-08;0.024834152;0.00826644;504;0.42
relu;(100, 50, 25);0.3;0.01;l2;0.01;64;0.99;0.999;1.00E-06;0.024836882;0.008157408;504;1.16
relu;(100, 50, 25);0.1;0.03;l2;0.01;16;0.9;0.999;1.00E-06;0.024837834;0.008119384;506;0.92
relu;(100, 50, 25);0.3;0.01;l1;0.0001;16;0.9;0.999;1.00E-06;0.024839904;0.008036738;506;0.4
relu;(100, 50, 25);0.1;0.001;l1;0.0001;64;0.8;0.99;1.00E-08;0.024840216;0.008024245;504;1.28
relu;(50, 50, 50);0;0.001;l2;1.00E-05;16;0.9;0.999;1.00E-08;0.024840568;0.008010216;506;0.38
relu;(50, 50, 50);0.3;0.03;l2;1.00E-05;32;0.8;0.999;1.00E-08;0.024842176;0.007946;506;1.2
relu;(100, 50, 25);0.1;0.03;none;0.01;64;0.99;0.99;1.00E-06;0.024844775;0.007842198;504;1
relu;(100, 50, 25);0.3;0.01;l1;1.00E-05;32;0.9;0.999;1.00E-08;0.024844828;0.00784007;506;0.69
relu;(100, 50, 25);0.3;0.03;l1;1.00E-05;32;0.9;0.999;1.00E-06;0.024846874;0.007758399;506;1.07
relu;(50, 50, 50);0.3;0.01;l1;0.01;64;0.8;0.999;1.00E-08;0.024849435;0.007656108;504;0.68
relu;(100, 50, 25);0;0.001;l1;1.00E-05;32;0.99;0.99;1.00E-06;0.0248496;0.007649519;506;0.75
relu;(100, 100, 100, 50);0;0.03;none;0.01;16;0.8;0.9;1.00E-08;0.024849666;0.007646894;506;1.15
relu;(50, 50, 50);0.1;0.01;l1;0.0001;16;0.9;0.99;1.00E-06;0.02484999;0.007633963;506;0.73
relu;(100, 50, 25);0.3;0.03;l2;0.01;32;0.8;0.999;1.00E-06;0.024850472;0.007614707;506;1.16
relu;(50, 50, 50);0.1;0.001;none;0.0001;16;0.8;0.9;1.00E-08;0.024850742;0.007603918;506;0.38
relu;(100, 100, 100, 50);0.1;0.03;l1;0.0001;32;0.9;0.999;1.00E-06;0.024851085;0.0075902;506;1.47
relu;(100, 100, 100, 50);0.1;0.03;l2;0.01;64;0.9;0.99;1.00E-06;0.024851675;0.007566668;504;1.06
relu;(100, 50, 25);0.1;0.03;l2;0.01;16;0.99;0.99;1.00E-08;0.024851685;0.007566259;506;0.94
relu;(50, 50, 50);0.1;0.01;l1;0.01;16;0.8;0.9;1.00E-08;0.024852911;0.007517284;506;0.8
relu;(100, 50, 25);0.3;0.01;none;0.0001;16;0.99;0.99;1.00E-06;0.024853152;0.007507684;506;0.34
relu;(50, 50, 50);0;0.03;l1;0.01;16;0.9;0.999;1.00E-06;0.024853521;0.007492936;506;0.41
relu;(100, 50, 25);0;0.01;l1;0.01;16;0.99;0.99;1.00E-06;0.024853959;0.007475467;506;0.37
relu;(100, 50, 25);0.1;0.01;l2;1.00E-05;16;0.8;0.999;1.00E-08;0.024854347;0.007459935;506;0.86
relu;(50, 50, 50);0.1;0.01;l1;0.01;16;0.9;0.999;1.00E-08;0.024855179;0.007426709;506;0.66
relu;(100, 50, 25);0.3;0.03;l2;0.0001;32;0.9;0.99;1.00E-06;0.024855708;0.007405595;506;0.97
relu;(50, 50, 50);0.1;0.01;l1;0.01;64;0.99;0.999;1.00E-08;0.024855744;0.007404147;504;0.71
relu;(100, 50, 25);0;0.01;l2;1.00E-05;32;0.8;0.999;1.00E-06;0.024856471;0.007375147;506;0.33
relu;(50, 50, 50);0.1;0.03;l2;0.01;16;0.9;0.999;1.00E-06;0.02485654;0.007372382;506;0.63
relu;(100, 100, 100, 50);0.1;0.01;l2;0.01;32;0.9;0.999;1.00E-08;0.024857405;0.00733784;506;1.49
relu;(100, 50, 25);0.3;0.001;l2;0.01;32;0.99;0.9;1.00E-06;0.024859784;0.007242812;506;0.38
relu;(100, 50, 25);0.3;0.001;l2;0.0001;32;0.8;0.9;1.00E-06;0.024860242;0.007224527;506;0.38
relu;(100, 50, 25);0.3;0.01;l2;1.00E-05;64;0.99;0.999;1.00E-06;0.02486069;0.007206639;504;0.45
relu;(100, 100, 100, 50);0;0.001;l2;0.0001;16;0.9;0.999;1.00E-06;0.024861775;0.00716331;506;1.1
relu;(50, 50, 50);0;0.001;l1;0.0001;64;0.9;0.9;1.00E-08;0.024863037;0.007112938;504;1.29
relu;(100, 100, 100, 50);0.1;0.01;none;1.00E-05;16;0.99;0.999;1.00E-06;0.024863394;0.007098663;506;1.18
relu;(100, 100, 100, 50);0;0.01;l2;0.01;16;0.99;0.9;1.00E-08;0.02486377;0.007083638;506;1.18
relu;(50, 50, 50);0.1;0.03;l2;1.00E-05;16;0.99;0.999;1.00E-08;0.024864384;0.007059133;506;0.71
relu;(100, 50, 25);0.3;0.001;none;0.01;64;0.9;0.9;1.00E-06;0.024864522;0.007053619;504;0.56
relu;(100, 100, 100, 50);0;0.001;none;0.0001;32;0.99;0.999;1.00E-08;0.024864717;0.007045853;506;1.14
relu;(50, 50, 50);0;0.01;l1;1.00E-05;16;0.9;0.999;1.00E-08;0.024865759;0.007004209;506;0.52
relu;(50, 50, 50);0.3;0.03;none;0.01;32;0.8;0.9;1.00E-06;0.024866117;0.006989925;506;0.6
relu;(50, 50, 50);0.3;0.01;l1;0.0001;32;0.99;0.999;1.00E-06;0.024868323;0.00690182;506;0.55
relu;(50, 50, 50);0.1;0.03;l1;0.01;32;0.9;0.9;1.00E-08;0.024868411;0.006898305;506;0.6
relu;(100, 50, 25);0;0.001;l2;0.0001;32;0.8;0.999;1.00E-08;0.024868578;0.006891647;506;0.93
relu;(50, 50, 50);0;0.01;l1;1.00E-05;64;0.9;0.99;1.00E-06;0.02486861;0.006890381;504;0.47
relu;(50, 50, 50);0.3;0.01;l2;1.00E-05;64;0.8;0.99;1.00E-06;0.024869679;0.006847683;504;0.83
relu;(100, 50, 25);0.3;0.01;l1;0.01;16;0.8;0.9;1.00E-08;0.024869996;0.006835037;506;0.4
relu;(50, 50, 50);0.3;0.01;none;0.01;16;0.9;0.9;1.00E-06;0.024870084;0.006831494;506;0.58
relu;(100, 100, 100, 50);0;0.03;l1;1.00E-05;16;0.99;0.999;1.00E-06;0.02487043;0.00681768;506;1.19
relu;(100, 100, 100, 50);0.1;0.03;l1;0.0001;64;0.99;0.9;1.00E-08;0.024870986;0.006795485;504;1.93
relu;(50, 50, 50);0.1;0.03;l2;0.01;16;0.9;0.9;1.00E-08;0.024871119;0.006790165;506;0.71
relu;(100, 50, 25);0.3;0.01;none;1.00E-05;32;0.8;0.99;1.00E-06;0.02487147;0.006776158;506;0.43
relu;(50, 50, 50);0.3;0.001;none;0.0001;16;0.9;0.99;1.00E-08;0.024871578;0.006771845;506;0.56
relu;(100, 100, 100, 50);0.1;0.01;l2;1.00E-05;16;0.99;0.9;1.00E-06;0.024872805;0.006722839;506;1.35
relu;(100, 50, 25);0.3;0.001;none;0.0001;32;0.99;0.999;1.00E-06;0.024872855;0.006720865;506;0.65
relu;(100, 100, 100, 50);0.3;0.01;none;0.01;32;0.8;0.99;1.00E-08;0.024872944;0.006717295;506;0.82
relu;(100, 50, 25);0.3;0.03;l1;0.0001;32;0.9;0.999;1.00E-08;0.024873015;0.006714478;506;1.71
relu;(50, 50, 50);0.1;0.001;none;0.0001;16;0.99;0.999;1.00E-08;0.024873096;0.006711212;506;0.41
relu;(100, 50, 25);0.1;0.01;l2;1.00E-05;64;0.8;0.999;1.00E-06;0.024873209;0.006706732;504;0.94
relu;(100, 50, 25);0.3;0.03;l2;0.01;16;0.8;0.99;1.00E-08;0.024873458;0.00669678;506;1.03
relu;(100, 50, 25);0;0.01;l1;1.00E-05;64;0.8;0.99;1.00E-08;0.024873699;0.006687141;504;0.94
relu;(50, 50, 50);0;0.01;l1;0.01;32;0.8;0.9;1.00E-08;0.02487389;0.006679538;506;0.43
relu;(100, 50, 25);0.3;0.03;l2;1.00E-05;16;0.8;0.999;1.00E-08;0.024874338;0.006661644;506;0.79
relu;(100, 50, 25);0.3;0.001;l1;0.01;32;0.9;0.9;1.00E-06;0.024875361;0.006620788;506;0.46
relu;(100, 100, 100, 50);0;0.03;l1;1.00E-05;64;0.9;0.99;1.00E-08;0.02487537;0.006620404;504;1.29
relu;(100, 50, 25);0.3;0.01;l1;0.0001;32;0.9;0.99;1.00E-08;0.024875632;0.006609965;506;0.49
relu;(100, 50, 25);0;0.001;l1;0.0001;64;0.99;0.999;1.00E-08;0.024876487;0.006575795;504;0.9
relu;(100, 50, 25);0.1;0.01;l2;1.00E-05;64;0.99;0.9;1.00E-08;0.024876548;0.006573358;504;0.97
relu;(100, 100, 100, 50);0.1;0.001;none;0.01;32;0.8;0.99;1.00E-08;0.024876745;0.006565492;506;1.59
relu;(100, 100, 100, 50);0.3;0.01;l2;0.01;16;0.9;0.999;1.00E-08;0.024877109;0.006550987;506;0.66
relu;(100, 50, 25);0.1;0.03;l1;1.00E-05;16;0.99;0.999;1.00E-08;0.024877141;0.006549674;506;0.94
relu;(50, 50, 50);0.3;0.01;l2;0.01;64;0.8;0.99;1.00E-06;0.024877562;0.006532883;504;0.79
relu;(50, 50, 50);0;0.001;l1;0.01;16;0.99;0.99;1.00E-08;0.024877643;0.006529651;506;0.93
relu;(100, 100, 100, 50);0.1;0.03;l2;1.00E-05;16;0.8;0.9;1.00E-08;0.024878001;0.006515367;506;0.6
relu;(50, 50, 50);0;0.01;l2;1.00E-05;64;0.9;0.999;1.00E-08;0.024879207;0.006467176;504;0.43
relu;(100, 100, 100, 50);0.1;0.001;l2;1.00E-05;64;0.9;0.9;1.00E-06;0.024880017;0.006434853;504;1.84
relu;(100, 100, 100, 50);0;0.01;l2;0.01;64;0.8;0.9;1.00E-06;0.024881884;0.006360295;504;1.39
relu;(100, 50, 25);0.1;0.03;l1;0.0001;16;0.8;0.999;1.00E-08;0.024881985;0.006356261;506;0.91
relu;(100, 100, 100, 50);0.1;0.01;l2;1.00E-05;64;0.9;0.9;1.00E-08;0.024882608;0.006331378;504;1.8
relu;(100, 50, 25);0.1;0.03;l2;0.0001;32;0.99;0.999;1.00E-06;0.024883067;0.006313045;506;0.82
relu;(50, 50, 50);0.1;0.01;l1;0.01;16;0.9;0.99;1.00E-08;0.024883115;0.006311106;506;0.66
relu;(50, 50, 50);0.3;0.01;l1;0.01;32;0.99;0.9;1.00E-06;0.02488355;0.006293772;506;0.86
relu;(50, 50, 50);0.1;0.03;l2;0.01;16;0.99;0.9;1.00E-08;0.024883923;0.006278873;506;0.58
relu;(50, 50, 50);0.1;0.001;none;0.01;32;0.99;0.9;1.00E-08;0.024883965;0.006277176;506;0.41
relu;(100, 50, 25);0.1;0.03;none;0.0001;32;0.9;0.9;1.00E-08;0.024884003;0.00627568;506;0.86
relu;(100, 100, 100, 50);0.1;0.001;none;0.01;32;0.99;0.999;1.00E-06;0.02488543;0.006218683;506;1.69
relu;(50, 50, 50);0.3;0.03;l2;0.0001;64;0.99;0.999;1.00E-08;0.024885987;0.006196421;504;0.69
relu;(100, 50, 25);0.1;0.03;l2;0.01;16;0.9;0.99;1.00E-08;0.02488639;0.006180331;506;0.89
relu;(100, 100, 100, 50);0;0.01;l2;1.00E-05;64;0.9;0.9;1.00E-08;0.024886497;0.006176067;504;1.45
relu;(100, 50, 25);0.3;0.03;l2;0.0001;64;0.8;0.99;1.00E-06;0.02488822;0.006107242;504;1.1
relu;(100, 100, 100, 50);0;0.001;none;0.01;16;0.8;0.99;1.00E-08;0.024889466;0.006057497;506;1.16
relu;(100, 50, 25);0.3;0.001;none;0.01;16;0.9;0.999;1.00E-08;0.024890771;0.006005406;506;0.37
relu;(100, 50, 25);0.1;0.03;l1;0.01;16;0.9;0.9;1.00E-06;0.024891193;0.005988529;506;1.11
relu;(50, 50, 50);0.1;0.01;none;1.00E-05;16;0.9;0.999;1.00E-08;0.024891907;0.005960019;506;0.4
relu;(50, 50, 50);0;0.01;none;0.0001;32;0.99;0.99;1.00E-06;0.024891961;0.005957865;506;0.41
relu;(100, 100, 100, 50);0.1;0.01;l1;0.0001;16;0.99;0.99;1.00E-06;0.024892301;0.005944287;506;1.96
relu;(100, 100, 100, 50);0;0.01;none;0.01;64;0.8;0.99;1.00E-08;0.024892626;0.005931299;504;1.22
relu;(100, 100, 100, 50);0;0.01;l1;0.01;16;0.99;0.9;1.00E-08;0.024895084;0.005833138;506;1.26
relu;(50, 50, 50);0.3;0.01;l1;0.0001;16;0.9;0.9;1.00E-08;0.024895272;0.005825628;506;0.57
relu;(100, 50, 25);0.3;0.03;l1;0.0001;32;0.8;0.9;1.00E-06;0.02489565;0.005810536;506;1.41
relu;(50, 50, 50);0.3;0.03;none;0.01;32;0.8;0.999;1.00E-08;0.024895734;0.005807187;506;0.56
relu;(100, 100, 100, 50);0.3;0.01;l1;0.0001;64;0.8;0.9;1.00E-06;0.024895808;0.005804239;504;1.11
relu;(100, 100, 100, 50);0;0.03;l1;0.01;32;0.9;0.999;1.00E-08;0.024896283;0.005785289;506;1.48
relu;(50, 50, 50);0.3;0.01;none;0.01;32;0.8;0.999;1.00E-08;0.024896449;0.005778629;506;0.8
relu;(50, 50, 50);0.1;0.001;none;1.00E-05;64;0.9;0.999;1.00E-06;0.024896912;0.005760135;504;0.46
relu;(100, 50, 25);0;0.03;l1;0.0001;64;0.9;0.9;1.00E-08;0.024896969;0.005757889;504;0.4
relu;(100, 50, 25);0.1;0.001;l1;1.00E-05;16;0.99;0.99;1.00E-06;0.024897122;0.00575178;506;0.88
relu;(50, 50, 50);0.3;0.01;l1;1.00E-05;32;0.99;0.999;1.00E-06;0.024897135;0.005751246;506;0.87
relu;(50, 50, 50);0.3;0.01;l2;0.0001;64;0.99;0.999;1.00E-06;0.024897422;0.005739799;504;0.78
relu;(100, 50, 25);0.1;0.01;none;0.01;16;0.99;0.9;1.00E-08;0.024897686;0.005729225;506;0.79
relu;(100, 50, 25);0.3;0.01;l1;1.00E-05;64;0.99;0.999;1.00E-08;0.02489823;0.005707536;504;0.52
relu;(50, 50, 50);0.1;0.01;l2;0.01;16;0.99;0.9;1.00E-08;0.024898447;0.005698845;506;0.73
relu;(50, 50, 50);0.3;0.01;l2;0.0001;16;0.8;0.999;1.00E-06;0.024899346;0.005662935;506;0.72
relu;(100, 100, 100, 50);0.1;0.001;l2;0.01;16;0.9;0.9;1.00E-08;0.024899517;0.005656121;506;1.71
relu;(100, 50, 25);0.1;0.03;l2;0.01;64;0.9;0.99;1.00E-06;0.024899558;0.005654478;504;0.49
relu;(50, 50, 50);0.3;0.01;l2;0.01;32;0.99;0.999;1.00E-06;0.024899627;0.005651744;506;0.71
relu;(100, 50, 25);0;0.001;l2;0.01;32;0.8;0.99;1.00E-08;0.024899656;0.00565056;506;0.81
relu;(50, 50, 50);0.3;0.03;l2;0.01;32;0.8;0.9;1.00E-08;0.024900854;0.005602743;506;0.78
relu;(100, 50, 25);0.1;0.03;none;0.0001;16;0.8;0.9;1.00E-06;0.024900888;0.005601369;506;0.91
relu;(100, 50, 25);0.1;0.001;l1;1.00E-05;64;0.9;0.99;1.00E-06;0.024902603;0.005532871;504;1.29
relu;(50, 50, 50);0.1;0.001;l2;0.0001;16;0.8;0.9;1.00E-08;0.02490269;0.005529425;506;0.41
relu;(100, 50, 25);0.3;0.001;l2;0.0001;32;0.8;0.99;1.00E-06;0.024904198;0.005469208;506;0.38
relu;(50, 50, 50);0.3;0.01;l2;0.01;32;0.9;0.999;1.00E-08;0.024904584;0.00545376;506;0.67
relu;(100, 100, 100, 50);0.3;0.01;l2;0.01;16;0.8;0.99;1.00E-08;0.024904927;0.005440065;506;1.01
relu;(50, 50, 50);0;0.03;l1;0.01;32;0.8;0.9;1.00E-06;0.024905469;0.005418437;506;0.45
relu;(50, 50, 50);0;0.01;l2;0.0001;16;0.8;0.99;1.00E-08;0.024906226;0.005388199;506;0.33
relu;(50, 50, 50);0.1;0.001;l2;1.00E-05;64;0.9;0.99;1.00E-06;0.024906362;0.005382765;504;0.5
relu;(50, 50, 50);0.1;0.03;l2;0.01;16;0.9;0.9;1.00E-06;0.024906418;0.005380548;506;0.71
relu;(50, 50, 50);0.1;0.001;none;1.00E-05;64;0.8;0.999;1.00E-06;0.024906634;0.005371912;504;0.45
relu;(50, 50, 50);0.1;0.03;none;0.01;32;0.99;0.999;1.00E-08;0.024906637;0.005371782;506;0.73
relu;(50, 50, 50);0;0.001;none;0.01;64;0.99;0.999;1.00E-06;0.024907596;0.005333508;504;1.14
relu;(100, 100, 100, 50);0;0.01;l2;0.01;32;0.9;0.9;1.00E-06;0.024907806;0.005325116;506;1.26
relu;(100, 100, 100, 50);0.3;0.001;l1;0.0001;32;0.8;0.99;1.00E-08;0.024908794;0.005285656;506;1.16
relu;(100, 100, 100, 50);0.1;0.001;l1;0.0001;64;0.8;0.999;1.00E-06;0.024909045;0.005275641;504;1.98
relu;(50, 50, 50);0.1;0.03;l1;0.01;64;0.99;0.999;1.00E-08;0.024909575;0.005254448;504;0.79
relu;(100, 50, 25);0;0.03;l1;0.01;64;0.9;0.999;1.00E-08;0.024909804;0.005245331;504;0.42
relu;(100, 100, 100, 50);0.1;0.01;l2;0.01;16;0.9;0.9;1.00E-06;0.024910223;0.00522859;506;1.38
relu;(100, 100, 100, 50);0.1;0.001;l1;0.0001;32;0.99;0.9;1.00E-08;0.024910888;0.005202024;506;1.76
relu;(100, 50, 25);0.1;0.01;l1;1.00E-05;32;0.99;0.999;1.00E-08;0.024911056;0.00519533;506;1.07
relu;(100, 50, 25);0.1;0.03;l2;0.0001;64;0.99;0.99;1.00E-06;0.024911063;0.005195054;504;1.01
relu;(50, 50, 50);0.1;0.03;l2;0.01;64;0.9;0.99;1.00E-08;0.02491162;0.005172796;504;0.7
relu;(50, 50, 50);0;0.001;l1;0.01;32;0.8;0.999;1.00E-06;0.02491171;0.005169217;506;0.38
relu;(100, 50, 25);0.1;0.03;l2;0.01;16;0.99;0.999;1.00E-06;0.024912287;0.005146151;506;0.86
relu;(50, 50, 50);0.1;0.001;l1;0.01;64;0.99;0.999;1.00E-06;0.024912666;0.005131011;504;0.53
relu;(100, 50, 25);0.3;0.01;none;0.01;64;0.8;0.999;1.00E-06;0.024912907;0.005121417;504;0.56
relu;(50, 50, 50);0.3;0.01;l2;1.00E-05;16;0.9;0.999;1.00E-06;0.024913815;0.005085152;506;0.71
relu;(100, 50, 25);0.3;0.03;l1;0.0001;16;0.9;0.99;1.00E-06;0.024914121;0.005072936;506;1.1
relu;(50, 50, 50);0;0.01;l1;0.01;64;0.99;0.99;1.00E-06;0.024914247;0.005067874;504;0.42
relu;(50, 50, 50);0.3;0.01;l2;0.01;32;0.9;0.9;1.00E-08;0.024914508;0.005057468;506;0.67
relu;(100, 100, 100, 50);0.3;0.01;none;0.01;32;0.99;0.999;1.00E-06;0.024914875;0.005042804;506;0.7
relu;(100, 100, 100, 50);0.3;0.03;l2;0.01;16;0.8;0.999;1.00E-08;0.024915281;0.0050266;506;1.51
relu;(100, 50, 25);0.1;0.03;none;0.0001;16;0.8;0.99;1.00E-06;0.024915581;0.005014605;506;0.98
relu;(50, 50, 50);0.1;0.03;l2;0.01;64;0.99;0.999;1.00E-08;0.024915829;0.005004714;504;0.9
relu;(100, 100, 100, 50);0.3;0.001;none;1.00E-05;32;0.8;0.99;1.00E-08;0.024917096;0.004954112;506;0.73
relu;(100, 100, 100, 50);0;0.03;l2;0.01;16;0.9;0.9;1.00E-08;0.024918027;0.004916938;506;1.03
relu;(50, 50, 50);0.3;0.01;none;0.0001;64;0.99;0.999;1.00E-06;0.024918341;0.004904403;504;0.67
relu;(100, 50, 25);0;0.001;none;0.0001;16;0.9;0.99;1.00E-06;0.024918511;0.004897601;506;1.37
relu;(50, 50, 50);0.3;0.03;l2;0.01;32;0.99;0.999;1.00E-08;0.024919317;0.004865437;506;1.37
relu;(100, 100, 100, 50);0.1;0.01;l2;0.01;16;0.99;0.999;1.00E-06;0.024919563;0.004855584;506;1.37
relu;(50, 50, 50);0.3;0.01;none;1.00E-05;16;0.99;0.99;1.00E-08;0.024919839;0.004844568;506;0.7
relu;(100, 100, 100, 50);0.1;0.01;none;0.01;32;0.8;0.9;1.00E-08;0.024921421;0.004781409;506;1.73
relu;(50, 50, 50);0.1;0.001;l2;1.00E-05;16;0.9;0.9;1.00E-06;0.024923166;0.004711726;506;0.44
relu;(100, 100, 100, 50);0.1;0.01;none;0.01;32;0.9;0.999;1.00E-06;0.02492416;0.004672031;506;1.61
relu;(100, 100, 100, 50);0.1;0.03;l2;0.01;32;0.8;0.9;1.00E-08;0.02492576;0.004608127;506;1.05
relu;(50, 50, 50);0;0.001;l2;0.0001;16;0.8;0.99;1.00E-06;0.024925857;0.004604273;506;0.33
relu;(100, 100, 100, 50);0;0.03;l2;0.0001;16;0.8;0.9;1.00E-08;0.024926625;0.004573585;506;0.97
relu;(100, 100, 100, 50);0.1;0.01;l2;0.01;32;0.8;0.999;1.00E-06;0.024926989;0.004559065;506;1.55
relu;(100, 50, 25);0.3;0.03;l2;1.00E-05;32;0.9;0.9;1.00E-06;0.024927244;0.004548881;506;0.97
relu;(50, 50, 50);0;0.03;none;0.0001;32;0.9;0.9;1.00E-08;0.024927269;0.004547868;506;0.38
relu;(50, 50, 50);0;0.01;l2;0.0001;64;0.8;0.99;1.00E-06;0.024927329;0.004545479;504;0.37
relu;(100, 50, 25);0.3;0.001;none;0.0001;32;0.8;0.9;1.00E-06;0.024927335;0.004545224;506;0.51
relu;(100, 50, 25);0.3;0.001;none;0.0001;16;0.9;0.99;1.00E-08;0.024927562;0.004536155;506;0.43
relu;(100, 50, 25);0.3;0.001;l1;1.00E-05;64;0.9;0.9;1.00E-08;0.024927906;0.004522416;504;0.63
relu;(100, 50, 25);0.3;0.001;l1;1.00E-05;32;0.99;0.9;1.00E-08;0.024928392;0.004503041;506;0.47
relu;(50, 50, 50);0.3;0.03;l1;0.0001;16;0.8;0.999;1.00E-06;0.024928562;0.004496219;506;0.66
relu;(50, 50, 50);0.1;0.03;l1;1.00E-05;64;0.99;0.99;1.00E-08;0.024928834;0.004485382;504;0.74
relu;(50, 50, 50);0.1;0.03;l1;0.01;64;0.99;0.999;1.00E-06;0.024929959;0.004440442;504;0.86
relu;(50, 50, 50);0.1;0.03;l2;0.01;16;0.9;0.99;1.00E-06;0.024930108;0.004434504;506;0.64
relu;(100, 50, 25);0.1;0.03;l2;1.00E-05;64;0.99;0.9;1.00E-08;0.024931221;0.004390055;504;1.08
relu;(100, 50, 25);0.1;0.001;l1;1.00E-05;32;0.99;0.999;1.00E-08;0.024932065;0.004356341;506;0.88
relu;(100, 50, 25);0.3;0.03;none;0.0001;64;0.8;0.99;1.00E-08;0.024932125;0.004353927;504;1.16
relu;(50, 50, 50);0.3;0.01;l2;0.01;64;0.9;0.99;1.00E-08;0.024932344;0.004345195;504;0.66
relu;(50, 50, 50);0.3;0.001;l1;0.01;32;0.8;0.999;1.00E-06;0.024932897;0.004323122;506;0.83
relu;(100, 50, 25);0.3;0.01;none;0.01;32;0.8;0.999;1.00E-06;0.024933055;0.004316813;506;0.46
relu;(50, 50, 50);0.1;0.01;l1;0.01;64;0.99;0.99;1.00E-08;0.024933854;0.004284892;504;0.72
relu;(50, 50, 50);0.1;0.01;l2;1.00E-05;64;0.99;0.9;1.00E-06;0.024933856;0.004284818;504;0.7
relu;(100, 100, 100, 50);0.3;0.03;l2;0.0001;32;0.8;0.999;1.00E-08;0.024934285;0.004267683;506;1.32
relu;(100, 50, 25);0.1;0.03;none;1.00E-05;32;0.99;0.9;1.00E-06;0.024935136;0.004233695;506;1.05
relu;(50, 50, 50);0;0.03;l2;0.01;64;0.8;0.999;1.00E-06;0.02493573;0.004209966;504;1.38
relu;(50, 50, 50);0;0.01;l2;0.0001;64;0.8;0.999;1.00E-08;0.024936226;0.004190175;504;0.4
relu;(50, 50, 50);0;0.03;l2;0.01;64;0.8;0.9;1.00E-06;0.024936247;0.004189354;504;1.4
relu;(50, 50, 50);0.1;0.03;none;0.0001;64;0.99;0.999;1.00E-08;0.024936332;0.004185926;504;0.8
relu;(50, 50, 50);0;0.03;l2;0.01;32;0.8;0.999;1.00E-06;0.024937263;0.004148748;506;0.87
relu;(100, 50, 25);0.3;0.01;l1;0.0001;16;0.9;0.99;1.00E-06;0.024937809;0.004126952;506;0.47
relu;(100, 50, 25);0.3;0.001;l1;0.01;16;0.99;0.999;1.00E-06;0.024937948;0.00412141;506;0.38
relu;(100, 100, 100, 50);0;0.03;l1;0.01;32;0.99;0.9;1.00E-08;0.024938094;0.004115589;506;1.47
relu;(100, 50, 25);0;0.001;l2;1.00E-05;32;0.99;0.99;1.00E-08;0.02493863;0.004094175;506;0.86
relu;(100, 50, 25);0.1;0.03;none;1.00E-05;16;0.9;0.999;1.00E-08;0.024938642;0.004093686;506;0.98
relu;(50, 50, 50);0.1;0.001;l2;0.0001;16;0.8;0.99;1.00E-06;0.024938803;0.004087263;506;0.4
relu;(100, 50, 25);0.3;0.01;l2;1.00E-05;64;0.9;0.9;1.00E-08;0.02493883;0.004086198;504;0.43
relu;(100, 50, 25);0.1;0.01;l1;0.0001;32;0.8;0.9;1.00E-08;0.024939043;0.004077672;506;1.26
relu;(50, 50, 50);0;0.03;l1;0.01;16;0.9;0.99;1.00E-08;0.0249394;0.004063413;506;0.42
relu;(100, 50, 25);0.1;0.001;none;0.01;16;0.99;0.9;1.00E-06;0.024939557;0.004057171;506;0.36
relu;(100, 50, 25);0.1;0.03;l2;0.01;16;0.8;0.9;1.00E-08;0.024940081;0.004036221;506;0.82
relu;(100, 100, 100, 50);0.3;0.03;l2;0.01;16;0.8;0.999;1.00E-06;0.024940617;0.004014831;506;1.22
relu;(50, 50, 50);0.1;0.01;l1;0.0001;32;0.99;0.999;1.00E-06;0.024941007;0.003999246;506;0.81
relu;(50, 50, 50);0.3;0.03;none;0.01;32;0.99;0.99;1.00E-08;0.024941716;0.003970919;506;0.48
relu;(100, 50, 25);0.1;0.01;l1;0.01;16;0.8;0.99;1.00E-08;0.024941829;0.003966418;506;1.09
relu;(50, 50, 50);0.1;0.03;l1;1.00E-05;16;0.99;0.9;1.00E-08;0.024941843;0.003965848;506;0.56
relu;(50, 50, 50);0;0.03;l2;1.00E-05;16;0.99;0.9;1.00E-06;0.024942485;0.003940236;506;0.36
relu;(100, 50, 25);0;0.001;l1;0.01;64;0.99;0.9;1.00E-08;0.024942546;0.003937792;504;0.95
relu;(50, 50, 50);0.1;0.001;l2;0.01;32;0.99;0.99;1.00E-06;0.024942791;0.003928006;506;0.44
relu;(50, 50, 50);0.3;0.03;l2;0.01;16;0.8;0.99;1.00E-06;0.024942851;0.003925603;506;0.53
relu;(100, 50, 25);0.3;0.01;l2;0.01;32;0.9;0.99;1.00E-08;0.024944761;0.003849321;506;0.87
relu;(100, 50, 25);0.1;0.01;none;0.0001;64;0.99;0.9;1.00E-06;0.024944919;0.003843009;504;0.92
relu;(50, 50, 50);0.3;0.01;l1;1.00E-05;64;0.99;0.99;1.00E-06;0.024945341;0.00382618;504;0.65
relu;(100, 50, 25);0;0.01;none;0.0001;16;0.9;0.9;1.00E-08;0.024945561;0.003817379;506;0.63
relu;(100, 50, 25);0.1;0.01;l1;0.01;16;0.99;0.999;1.00E-08;0.024945694;0.003812075;506;0.97
relu;(100, 100, 100, 50);0.1;0.03;none;1.00E-05;32;0.8;0.99;1.00E-06;0.024946395;0.003784093;506;1.48
relu;(100, 100, 100, 50);0;0.001;l2;1.00E-05;64;0.9;0.99;1.00E-06;0.024946793;0.003768192;504;1.51
relu;(50, 50, 50);0.3;0.03;l2;0.01;16;0.9;0.9;1.00E-06;0.024947139;0.003754372;506;0.97
relu;(50, 50, 50);0;0.001;l2;0.01;32;0.99;0.999;1.00E-06;0.024947369;0.003745206;506;0.37
relu;(100, 100, 100, 50);0.1;0.03;l2;0.01;16;0.8;0.99;1.00E-08;0.024948562;0.003697539;506;0.68
relu;(100, 50, 25);0.3;0.01;l2;0.01;64;0.8;0.999;1.00E-06;0.024949408;0.00366377;504;1.14
relu;(100, 100, 100, 50);0.3;0.001;l1;0.0001;64;0.9;0.99;1.00E-06;0.024950149;0.003634185;504;1.24
relu;(100, 100, 100, 50);0;0.01;l2;0.01;16;0.9;0.99;1.00E-06;0.02495024;0.003630534;506;1.17
relu;(100, 50, 25);0.1;0.01;none;0.01;64;0.8;0.99;1.00E-08;0.02495038;0.003624941;504;0.95
relu;(100, 50, 25);0;0.001;l1;0.01;16;0.99;0.9;1.00E-08;0.024950891;0.003604544;506;0.88
relu;(50, 50, 50);0.1;0.001;l2;1.00E-05;32;0.99;0.999;1.00E-06;0.024950913;0.003603665;506;0.42
relu;(100, 100, 100, 50);0.3;0.001;l2;1.00E-05;32;0.99;0.999;1.00E-08;0.024950981;0.003600951;506;0.97
relu;(50, 50, 50);0.1;0.001;none;1.00E-05;32;0.99;0.9;1.00E-06;0.024951503;0.003580086;506;0.41
relu;(100, 50, 25);0;0.01;l1;0.01;64;0.9;0.999;1.00E-06;0.02495181;0.003567851;504;0.41
relu;(100, 100, 100, 50);0.1;0.01;l1;0.01;32;0.9;0.9;1.00E-08;0.024951915;0.003563647;506;2.46
relu;(100, 50, 25);0;0.001;l1;0.0001;16;0.8;0.999;1.00E-06;0.02495273;0.003531111;506;0.61
relu;(100, 50, 25);0;0.001;l2;1.00E-05;16;0.99;0.999;1.00E-08;0.024952846;0.003526456;506;0.78
relu;(100, 100, 100, 50);0;0.03;l1;0.01;32;0.8;0.9;1.00E-06;0.024952911;0.003523858;506;1.43
relu;(50, 50, 50);0.1;0.001;none;0.0001;32;0.8;0.9;1.00E-08;0.024953039;0.003518769;506;0.4
relu;(50, 50, 50);0.3;0.01;l2;0.0001;64;0.99;0.99;1.00E-06;0.024953267;0.003509665;504;0.75
relu;(100, 50, 25);0;0.03;l1;0.01;64;0.8;0.99;1.00E-08;0.024953292;0.003508647;504;0.54
relu;(100, 100, 100, 50);0.1;0.01;l2;0.01;16;0.9;0.99;1.00E-08;0.024953593;0.003496657;506;1.38
relu;(100, 50, 25);0.3;0.01;l1;0.0001;32;0.9;0.9;1.00E-06;0.024953678;0.003493243;506;0.44
relu;(100, 50, 25);0;0.01;l1;0.01;64;0.99;0.99;1.00E-06;0.024953708;0.003492062;504;0.41
relu;(100, 50, 25);0.1;0.03;none;0.01;32;0.9;0.99;1.00E-06;0.024953919;0.003483625;506;0.81
relu;(100, 50, 25);0.3;0.01;none;0.01;16;0.99;0.99;1.00E-06;0.024954029;0.003479229;506;0.35
relu;(100, 100, 100, 50);0.1;0.001;l1;0.01;32;0.99;0.9;1.00E-08;0.024954435;0.003462998;506;1.91
relu;(50, 50, 50);0.1;0.03;none;0.01;64;0.99;0.999;1.00E-08;0.024954692;0.003452763;504;0.92
relu;(50, 50, 50);0;0.01;l1;0.01;16;0.9;0.999;1.00E-08;0.024955159;0.003434096;506;0.38
relu;(100, 100, 100, 50);0;0.001;l1;0.01;32;0.8;0.999;1.00E-08;0.02495518;0.003433263;506;1.47
relu;(100, 50, 25);0.3;0.01;l2;1.00E-05;64;0.8;0.99;1.00E-06;0.024955468;0.003421756;504;0.48
relu;(100, 100, 100, 50);0;0.01;l1;0.01;64;0.8;0.999;1.00E-08;0.024955635;0.003415097;504;1.5
relu;(50, 50, 50);0;0.03;l2;0.01;32;0.99;0.99;1.00E-08;0.024956045;0.003398725;506;1.26
relu;(50, 50, 50);0.1;0.001;l2;1.00E-05;64;0.8;0.99;1.00E-06;0.024956508;0.00338021;504;0.51
relu;(100, 100, 100, 50);0.1;0.01;l1;0.01;64;0.99;0.9;1.00E-06;0.024957531;0.003339381;504;1.98
relu;(50, 50, 50);0;0.03;l2;0.01;16;0.9;0.9;1.00E-08;0.024957616;0.003336;506;0.93
relu;(100, 100, 100, 50);0;0.03;l2;0.01;16;0.99;0.99;1.00E-08;0.024957808;0.003328322;506;1.15
relu;(100, 50, 25);0.3;0.03;l2;0.01;32;0.9;0.999;1.00E-08;0.024959214;0.003272177;506;1.16
relu;(100, 100, 100, 50);0.3;0.001;l1;0.0001;64;0.9;0.999;1.00E-06;0.024960137;0.00323531;504;1.04
relu;(100, 50, 25);0.1;0.03;l1;0.01;16;0.9;0.99;1.00E-08;0.024960259;0.003230435;506;1.1
relu;(100, 100, 100, 50);0.1;0.01;l1;0.0001;16;0.8;0.9;1.00E-06;0.024960522;0.003219943;506;1.77
relu;(100, 50, 25);0.3;0.03;none;0.0001;64;0.9;0.9;1.00E-08;0.024960831;0.003207575;504;1.09
relu;(100, 50, 25);0.1;0.03;l2;0.01;64;0.8;0.999;1.00E-08;0.024960856;0.003206583;504;0.57
relu;(100, 100, 100, 50);0.1;0.001;l1;0.01;32;0.9;0.999;1.00E-08;0.024960867;0.003206143;506;1.94
relu;(100, 50, 25);0.3;0.03;none;0.0001;16;0.99;0.99;1.00E-08;0.024961302;0.00318879;506;0.9
relu;(100, 100, 100, 50);0;0.01;l1;0.01;64;0.9;0.99;1.00E-06;0.024962028;0.003159805;504;1.35
relu;(100, 100, 100, 50);0.3;0.01;none;0.0001;32;0.99;0.99;1.00E-06;0.024962441;0.003143284;506;0.72
relu;(100, 100, 100, 50);0.1;0.01;l2;0.01;32;0.9;0.99;1.00E-06;0.024962831;0.003127729;506;1.5
relu;(100, 100, 100, 50);0.1;0.03;l1;0.01;32;0.8;0.99;1.00E-08;0.024963276;0.003109973;506;0.87
relu;(100, 50, 25);0.3;0.03;l2;0.0001;16;0.8;0.9;1.00E-08;0.024963513;0.003100492;506;0.88
relu;(100, 50, 25);0.3;0.01;l2;1.00E-05;32;0.8;0.999;1.00E-06;0.024963775;0.003090024;506;0.37
relu;(50, 50, 50);0.3;0.01;l2;0.01;16;0.9;0.999;1.00E-06;0.024964113;0.003076513;506;0.59
relu;(100, 100, 100, 50);0;0.001;l1;0.01;16;0.99;0.99;1.00E-06;0.024964368;0.003066356;506;1.2
relu;(100, 100, 100, 50);0.3;0.001;l2;1.00E-05;16;0.9;0.99;1.00E-08;0.024964503;0.003060966;506;0.91
relu;(100, 50, 25);0.3;0.01;l1;1.00E-05;64;0.9;0.9;1.00E-08;0.024965544;0.003019396;504;0.55
relu;(50, 50, 50);0.3;0.01;l1;1.00E-05;64;0.99;0.99;1.00E-08;0.024966425;0.002984206;504;0.73
relu;(50, 50, 50);0.3;0.01;none;0.01;64;0.8;0.99;1.00E-06;0.024966996;0.002961391;504;0.73
relu;(100, 50, 25);0.3;0.03;none;1.00E-05;16;0.8;0.999;1.00E-08;0.024967018;0.002960537;506;1.28
relu;(100, 100, 100, 50);0.1;0.03;l1;0.0001;16;0.8;0.99;1.00E-06;0.024967068;0.002958504;506;1.65
relu;(100, 50, 25);0.3;0.01;none;0.0001;64;0.8;0.9;1.00E-06;0.024967142;0.002955575;504;0.5
relu;(100, 100, 100, 50);0.1;0.03;none;0.01;64;0.99;0.999;1.00E-06;0.024968004;0.002921163;504;1.73
relu;(100, 100, 100, 50);0.1;0.03;l1;0.01;32;0.99;0.99;1.00E-06;0.024968128;0.002916211;506;0.83
relu;(100, 100, 100, 50);0.1;0.01;none;0.0001;16;0.99;0.99;1.00E-08;0.024968645;0.002895536;506;1.57
relu;(50, 50, 50);0.1;0.03;none;0.01;64;0.8;0.999;1.00E-06;0.024968696;0.002893506;504;0.64
relu;(100, 50, 25);0;0.01;l1;1.00E-05;32;0.9;0.9;1.00E-06;0.024969076;0.002878319;506;0.92
relu;(100, 50, 25);0.1;0.001;l1;0.01;16;0.8;0.9;1.00E-06;0.024969591;0.002857767;506;1.08
relu;(50, 50, 50);0.1;0.03;none;1.00E-05;16;0.8;0.9;1.00E-06;0.024970766;0.002810839;506;0.67
relu;(100, 100, 100, 50);0.3;0.01;l1;0.0001;16;0.8;0.99;1.00E-06;0.024970879;0.002806349;506;0.82
relu;(100, 50, 25);0.1;0.01;l1;0.01;32;0.8;0.9;1.00E-06;0.024971428;0.00278442;506;1.58
relu;(100, 100, 100, 50);0;0.001;l2;0.0001;32;0.9;0.99;1.00E-08;0.024971523;0.002780603;506;0.99
relu;(50, 50, 50);0.1;0.01;l2;0.0001;16;0.99;0.9;1.00E-06;0.024971773;0.002770646;506;0.6
relu;(100, 50, 25);0;0.01;l1;0.01;32;0.99;0.999;1.00E-06;0.024972759;0.00273126;506;0.35
relu;(100, 100, 100, 50);0.3;0.01;l2;1.00E-05;64;0.99;0.999;1.00E-06;0.024973205;0.00271345;504;1.44
relu;(50, 50, 50);0.1;0.03;l2;1.00E-05;64;0.8;0.999;1.00E-08;0.024973451;0.002703608;504;0.8
relu;(50, 50, 50);0.1;0.03;l2;0.01;16;0.9;0.999;1.00E-08;0.024974818;0.002649018;506;0.61
relu;(100, 50, 25);0.1;0.03;l2;0.01;64;0.99;0.99;1.00E-08;0.024975041;0.002640125;504;0.5
relu;(100, 50, 25);0.1;0.03;l1;0.01;16;0.8;0.99;1.00E-06;0.024975393;0.002626067;506;1.15
relu;(50, 50, 50);0.1;0.001;l1;0.0001;32;0.9;0.99;1.00E-08;0.024975584;0.002618441;506;0.46
relu;(50, 50, 50);0.3;0.01;none;0.01;32;0.99;0.99;1.00E-08;0.024975649;0.002615866;506;0.63
relu;(50, 50, 50);0.1;0.001;l1;0.01;16;0.9;0.999;1.00E-06;0.024976779;0.002570708;506;0.51
relu;(50, 50, 50);0.3;0.01;l2;0.0001;16;0.99;0.99;1.00E-08;0.024976804;0.002569726;506;0.65
relu;(100, 100, 100, 50);0.1;0.001;l1;1.00E-05;64;0.8;0.999;1.00E-08;0.024976861;0.002567429;504;1.99
relu;(50, 50, 50);0.3;0.01;none;0.01;16;0.8;0.99;1.00E-06;0.02497715;0.002555903;506;0.68
relu;(100, 50, 25);0;0.001;l2;0.0001;16;0.9;0.99;1.00E-08;0.024977291;0.002550291;506;0.78
relu;(100, 100, 100, 50);0;0.03;none;0.01;64;0.99;0.99;1.00E-06;0.024977398;0.002546003;504;1.5
relu;(50, 50, 50);0.3;0.001;none;1.00E-05;64;0.99;0.9;1.00E-08;0.024977449;0.002543959;504;0.74
relu;(100, 100, 100, 50);0.1;0.01;l2;0.01;64;0.99;0.999;1.00E-06;0.024978332;0.002508703;504;2.03
relu;(100, 100, 100, 50);0.3;0.01;l1;1.00E-05;16;0.9;0.999;1.00E-06;0.024978757;0.002491721;506;0.87
relu;(100, 50, 25);0.1;0.01;l1;0.0001;64;0.9;0.9;1.00E-08;0.024978874;0.002487066;504;1.36
relu;(100, 50, 25);0.1;0.001;l1;0.01;32;0.8;0.999;1.00E-06;0.02497915;0.00247603;506;1.18
relu;(100, 50, 25);0;0.03;l1;0.01;64;0.9;0.999;1.00E-06;0.024979651;0.002456023;504;0.41
relu;(50, 50, 50);0.3;0.01;l2;0.01;16;0.99;0.999;1.00E-06;0.024980362;0.002427638;506;0.53
relu;(100, 100, 100, 50);0.3;0.001;l2;0.01;64;0.8;0.999;1.00E-06;0.024980552;0.002420033;504;1.07
relu;(100, 50, 25);0.3;0.01;l2;1.00E-05;16;0.99;0.99;1.00E-08;0.024980602;0.002418069;506;0.36
relu;(50, 50, 50);0.3;0.01;l1;0.01;64;0.99;0.999;1.00E-06;0.024981587;0.002378727;504;1.03
relu;(100, 50, 25);0.3;0.01;l2;0.01;32;0.99;0.999;1.00E-08;0.024981795;0.002370427;506;0.93
relu;(100, 100, 100, 50);0.3;0.001;l1;0.0001;64;0.9;0.99;1.00E-08;0.024982202;0.002354163;504;1.31
relu;(100, 50, 25);0.1;0.01;l2;1.00E-05;16;0.99;0.9;1.00E-06;0.024982269;0.002351478;506;0.7
relu;(100, 100, 100, 50);0;0.001;none;0.0001;32;0.9;0.99;1.00E-08;0.024982567;0.002339566;506;1.23
relu;(50, 50, 50);0.3;0.001;l2;1.00E-05;16;0.9;0.9;1.00E-08;0.024982947;0.002324413;506;0.74
relu;(100, 100, 100, 50);0;0.001;none;0.01;16;0.9;0.99;1.00E-06;0.024983798;0.002290408;506;1.17
relu;(50, 50, 50);0.1;0.001;l1;0.0001;16;0.8;0.999;1.00E-08;0.024984418;0.002265662;506;0.46
relu;(100, 100, 100, 50);0.1;0.001;none;0.01;32;0.99;0.999;1.00E-08;0.024985162;0.002235963;506;1.73
relu;(100, 50, 25);0.1;0.001;l2;0.01;32;0.99;0.9;1.00E-08;0.024985202;0.002234343;506;0.88
relu;(50, 50, 50);0.3;0.001;l2;0.01;32;0.9;0.9;1.00E-08;0.024985328;0.00222934;506;0.55
relu;(50, 50, 50);0;0.01;none;0.01;64;0.99;0.999;1.00E-08;0.024985525;0.002221467;504;0.4
relu;(100, 100, 100, 50);0;0.01;l1;0.01;16;0.99;0.9;1.00E-06;0.024986132;0.002197221;506;1.29
relu;(100, 50, 25);0;0.03;l1;0.01;64;0.99;0.9;1.00E-06;0.024986706;0.002174284;504;0.41
relu;(100, 50, 25);0.1;0.001;l1;1.00E-05;64;0.99;0.99;1.00E-08;0.024987129;0.002157401;504;1.21
relu;(100, 50, 25);0.1;0.01;l1;0.0001;32;0.99;0.999;1.00E-08;0.024987134;0.002157195;506;1.11
relu;(100, 50, 25);0.3;0.01;l2;0.01;32;0.99;0.99;1.00E-08;0.02498751;0.002142206;506;0.86
relu;(100, 100, 100, 50);0.3;0.01;l2;1.00E-05;32;0.9;0.99;1.00E-06;0.024987532;0.002141318;506;0.84
relu;(100, 100, 100, 50);0.3;0.001;l2;1.00E-05;32;0.9;0.9;1.00E-06;0.024988441;0.002104998;506;1.47
relu;(50, 50, 50);0.1;0.01;l1;0.01;16;0.9;0.9;1.00E-08;0.024989237;0.002073221;506;0.52
relu;(100, 50, 25);0.3;0.01;l2;1.00E-05;64;0.8;0.999;1.00E-08;0.024989285;0.002071303;504;0.46
relu;(100, 50, 25);0;0.03;l1;0.01;32;0.9;0.999;1.00E-08;0.024990453;0.002024671;506;0.35
relu;(100, 50, 25);0.1;0.01;l2;1.00E-05;32;0.99;0.9;1.00E-08;0.024990731;0.002013576;506;0.94
relu;(100, 50, 25);0.3;0.01;none;0.0001;16;0.8;0.99;1.00E-08;0.024990843;0.002009073;506;0.33
relu;(100, 50, 25);0.3;0.001;l2;0.01;64;0.8;0.999;1.00E-06;0.024990976;0.002003788;504;0.46
relu;(100, 100, 100, 50);0.1;0.01;none;0.01;16;0.99;0.99;1.00E-06;0.024991494;0.00198308;506;1.52
relu;(50, 50, 50);0.1;0.01;l1;0.0001;32;0.99;0.99;1.00E-06;0.024991636;0.001977434;506;0.63
relu;(100, 100, 100, 50);0;0.03;l2;0.01;32;0.8;0.999;1.00E-08;0.024991727;0.001973769;506;1.23
relu;(100, 100, 100, 50);0.3;0.01;none;0.0001;16;0.99;0.999;1.00E-06;0.024992817;0.001930267;506;0.63
relu;(100, 100, 100, 50);0.3;0.001;none;0.01;16;0.99;0.999;1.00E-06;0.024992879;0.001927794;506;0.65
relu;(100, 100, 100, 50);0.3;0.03;l2;0.01;16;0.9;0.999;1.00E-08;0.0249938;0.00189102;506;1.3
relu;(50, 50, 50);0.3;0.01;l2;0.0001;64;0.8;0.999;1.00E-08;0.024994135;0.001877628;504;0.94
relu;(100, 100, 100, 50);0.3;0.01;l1;0.0001;64;0.99;0.999;1.00E-06;0.024994407;0.001866756;504;1.33
relu;(50, 50, 50);0.1;0.01;l1;0.01;32;0.99;0.999;1.00E-06;0.024994712;0.001854567;506;0.83
relu;(50, 50, 50);0;0.03;l1;0.01;64;0.99;0.999;1.00E-06;0.024994793;0.001851346;504;0.44
relu;(100, 50, 25);0;0.01;l1;0.01;64;0.8;0.999;1.00E-06;0.024995209;0.001834721;504;0.51
relu;(100, 50, 25);0.3;0.03;none;0.01;64;0.8;0.999;1.00E-06;0.024995588;0.001819603;504;1.02
relu;(100, 50, 25);0.3;0.03;l2;0.01;16;0.9;0.999;1.00E-06;0.024996084;0.001799786;506;1.21
relu;(50, 50, 50);0.3;0.03;none;1.00E-05;16;0.8;0.999;1.00E-08;0.024996221;0.001794336;506;0.65
relu;(100, 100, 100, 50);0.1;0.03;l1;0.0001;64;0.9;0.9;1.00E-06;0.024996716;0.001774551;504;1.73
relu;(100, 50, 25);0.3;0.03;l1;0.01;64;0.9;0.99;1.00E-06;0.024996837;0.001769724;504;1.26
relu;(50, 50, 50);0.3;0.01;l2;0.0001;32;0.99;0.99;1.00E-06;0.024997339;0.001749673;506;0.62
relu;(100, 100, 100, 50);0;0.001;l1;0.01;16;0.8;0.999;1.00E-08;0.024997735;0.00173384;506;1.15
relu;(50, 50, 50);0.1;0.03;l2;0.0001;32;0.99;0.99;1.00E-06;0.024997845;0.001729454;506;0.7
relu;(50, 50, 50);0.3;0.03;l1;0.01;64;0.9;0.999;1.00E-08;0.024997974;0.001724334;504;1.58
relu;(100, 50, 25);0.3;0.01;l1;1.00E-05;32;0.99;0.99;1.00E-08;0.024998022;0.0017224;506;0.53
relu;(50, 50, 50);0.3;0.03;l2;0.0001;32;0.8;0.999;1.00E-08;0.02499938;0.001668179;506;1.33
relu;(50, 50, 50);0.1;0.03;l1;0.01;32;0.9;0.999;1.00E-06;0.024999575;0.001660368;506;0.87
relu;(100, 50, 25);0;0.01;none;1.00E-05;16;0.8;0.9;1.00E-06;0.025000174;0.001636444;506;0.52
relu;(100, 50, 25);0;0.01;l1;0.01;32;0.9;0.9;1.00E-08;0.025000645;0.001617641;506;0.34
relu;(100, 100, 100, 50);0.3;0.01;l1;0.0001;32;0.8;0.9;1.00E-06;0.025001522;0.001582625;506;0.82
relu;(100, 100, 100, 50);0.1;0.01;l2;0.01;64;0.8;0.999;1.00E-08;0.025003379;0.001508477;504;1.82
relu;(50, 50, 50);0.3;0.001;none;0.0001;32;0.99;0.99;1.00E-06;0.025003966;0.001485046;506;0.64
relu;(100, 50, 25);0;0.01;l1;0.01;16;0.9;0.9;1.00E-06;0.025004812;0.001451236;506;0.41
relu;(100, 50, 25);0.1;0.01;l1;1.00E-05;32;0.99;0.99;1.00E-08;0.025005347;0.001429886;506;0.97
relu;(50, 50, 50);0.3;0.03;l1;0.0001;64;0.8;0.999;1.00E-06;0.025005361;0.001429321;504;0.92
relu;(50, 50, 50);0.1;0.001;l2;0.01;32;0.99;0.9;1.00E-06;0.02500571;0.001415404;506;0.42
relu;(100, 50, 25);0.1;0.01;l1;0.01;16;0.8;0.999;1.00E-06;0.025007751;0.00133386;506;1.1
relu;(100, 100, 100, 50);0.3;0.01;l2;0.01;16;0.8;0.999;1.00E-06;0.025007949;0.001325969;506;0.7
relu;(100, 100, 100, 50);0.3;0.01;l1;0.01;32;0.8;0.9;1.00E-06;0.025008439;0.001306417;506;0.75
relu;(100, 50, 25);0.3;0.01;l1;0.01;64;0.99;0.999;1.00E-06;0.025008544;0.001302221;504;0.56
relu;(100, 100, 100, 50);0.1;0.01;none;0.0001;32;0.8;0.999;1.00E-08;0.025008952;0.001285905;506;1.69
relu;(50, 50, 50);0.3;0.03;l1;0.0001;64;0.8;0.9;1.00E-06;0.025008987;0.00128453;504;0.93
relu;(50, 50, 50);0.3;0.03;l1;0.01;32;0.8;0.9;1.00E-06;0.025009161;0.001277587;506;1.54
relu;(100, 100, 100, 50);0.1;0.01;none;1.00E-05;32;0.99;0.999;1.00E-06;0.025011763;0.001173672;506;1.32
relu;(100, 50, 25);0.3;0.03;l1;0.0001;32;0.9;0.9;1.00E-08;0.025011855;0.001169976;506;1.67
relu;(50, 50, 50);0.1;0.01;l1;0.01;32;0.99;0.999;1.00E-08;0.025011977;0.001165122;506;0.65
relu;(50, 50, 50);0.3;0.001;none;1.00E-05;64;0.8;0.99;1.00E-06;0.025012244;0.001154453;504;0.67
relu;(100, 100, 100, 50);0;0.03;l1;0.01;16;0.99;0.9;1.00E-06;0.02501238;0.001149031;506;1.32
relu;(50, 50, 50);0.1;0.001;l1;0.01;64;0.9;0.9;1.00E-06;0.025012452;0.001146143;504;0.52
relu;(50, 50, 50);0.1;0.001;none;0.01;64;0.9;0.99;1.00E-06;0.025012714;0.001135685;504;0.46
relu;(100, 50, 25);0;0.03;none;0.0001;16;0.8;0.99;1.00E-06;0.025012967;0.001125578;506;0.26
relu;(50, 50, 50);0.3;0.01;l1;0.01;64;0.8;0.99;1.00E-06;0.025013243;0.001114568;504;0.95
relu;(100, 50, 25);0;0.03;l1;0.01;64;0.99;0.99;1.00E-08;0.025013821;0.001091484;504;0.57
relu;(100, 50, 25);0.1;0.03;none;0.0001;16;0.99;0.99;1.00E-08;0.025013847;0.001090449;506;0.9
relu;(50, 50, 50);0.3;0.03;l2;0.0001;32;0.9;0.9;1.00E-06;0.025013924;0.001087371;506;0.88
relu;(100, 100, 100, 50);0;0.001;l1;1.00E-05;16;0.8;0.9;1.00E-08;0.025014257;0.001074074;506;1.41
relu;(100, 100, 100, 50);0;0.01;l2;0.01;32;0.9;0.9;1.00E-08;0.025014284;0.001072972;506;1.19
relu;(100, 50, 25);0.3;0.03;none;1.00E-05;16;0.9;0.9;1.00E-06;0.025015108;0.001040065;506;0.93
relu;(100, 50, 25);0.3;0.01;l1;0.01;64;0.8;0.99;1.00E-06;0.02501552;0.00102362;504;0.53
relu;(100, 100, 100, 50);0;0.03;l1;0.01;64;0.9;0.999;1.00E-06;0.025015932;0.001007163;504;1.69
relu;(50, 50, 50);0.3;0.03;l2;0.0001;32;0.8;0.999;1.00E-06;0.025016308;0.000992176;506;1.1
relu;(50, 50, 50);0.3;0.03;l1;0.01;32;0.99;0.99;1.00E-08;0.025016335;0.00099107;506;1.68
relu;(50, 50, 50);0.3;0.03;l2;0.01;32;0.8;0.99;1.00E-08;0.025016551;0.000982457;506;0.78
relu;(100, 100, 100, 50);0.1;0.001;l1;0.01;64;0.99;0.99;1.00E-06;0.025016674;0.000977563;504;1.99
relu;(100, 50, 25);0.3;0.03;l2;0.01;64;0.9;0.99;1.00E-08;0.025016762;0.000974031;504;1.12
relu;(50, 50, 50);0;0.001;l1;0.01;64;0.99;0.999;1.00E-06;0.025016855;0.00097032;504;0.44
relu;(100, 50, 25);0.3;0.03;l1;1.00E-05;16;0.8;0.9;1.00E-06;0.025017581;0.000941341;506;0.81
relu;(50, 50, 50);0;0.03;l1;0.01;16;0.9;0.99;1.00E-06;0.025017604;0.000940419;506;0.54
relu;(50, 50, 50);0.1;0.03;none;0.01;16;0.8;0.9;1.00E-06;0.025017728;0.00093545;506;0.65
relu;(50, 50, 50);0.3;0.01;l1;0.01;32;0.9;0.9;1.00E-08;0.025018109;0.000920251;506;0.92
relu;(100, 50, 25);0;0.01;l1;1.00E-05;32;0.8;0.99;1.00E-08;0.025018213;0.000916091;506;0.91
relu;(50, 50, 50);0.3;0.01;l1;0.01;32;0.99;0.999;1.00E-06;0.025018761;0.000894197;506;0.63
relu;(100, 100, 100, 50);0.1;0.001;l2;1.00E-05;16;0.9;0.999;1.00E-08;0.025018874;0.000889688;506;1.52
relu;(50, 50, 50);0.3;0.03;l2;0.01;64;0.8;0.99;1.00E-06;0.025019162;0.000878183;504;1.51
relu;(50, 50, 50);0.1;0.03;l1;0.0001;16;0.9;0.9;1.00E-08;0.025019869;0.000849962;506;0.57
relu;(50, 50, 50);0.1;0.01;l2;0.01;16;0.8;0.9;1.00E-06;0.025020595;0.000820962;506;0.75
relu;(100, 50, 25);0.3;0.01;l2;0.0001;32;0.8;0.99;1.00E-08;0.025020606;0.000820523;506;0.47
relu;(100, 100, 100, 50);0.1;0.01;l2;0.01;32;0.8;0.9;1.00E-06;0.025020634;0.000819416;506;1.52
relu;(50, 50, 50);0;0.01;none;1.00E-05;32;0.9;0.999;1.00E-06;0.02502067;0.000817981;506;0.31
relu;(100, 100, 100, 50);0;0.03;l1;0.01;16;0.99;0.999;1.00E-08;0.025021288;0.000793298;506;1.42
relu;(100, 50, 25);0.1;0.01;l1;0.01;16;0.9;0.99;1.00E-08;0.025021406;0.000788564;506;1.12
relu;(100, 100, 100, 50);0;0.001;l1;0.01;64;0.8;0.99;1.00E-08;0.025021484;0.000785466;504;1.59
relu;(100, 50, 25);0.1;0.001;l1;0.01;16;0.99;0.99;1.00E-08;0.025021993;0.000765149;506;1.09
relu;(100, 100, 100, 50);0.1;0.01;l1;0.01;64;0.99;0.999;1.00E-06;0.025022493;0.000745173;504;1.91
relu;(50, 50, 50);0.3;0.01;l2;0.0001;32;0.99;0.999;1.00E-08;0.025022551;0.000742835;506;0.76
relu;(100, 50, 25);0.1;0.001;none;0.01;32;0.8;0.99;1.00E-06;0.025022615;0.000740294;506;0.9
relu;(100, 50, 25);0;0.001;l2;1.00E-05;64;0.9;0.99;1.00E-06;0.02502283;0.000731704;504;0.92
relu;(100, 50, 25);0.1;0.03;l1;0.01;32;0.9;0.9;1.00E-06;0.02502339;0.000709333;506;1.1
relu;(50, 50, 50);0.1;0.01;l1;1.00E-05;32;0.99;0.999;1.00E-08;0.025023788;0.000693455;506;0.7
relu;(100, 50, 25);0.3;0.01;l2;0.01;16;0.8;0.99;1.00E-06;0.025024451;0.000666957;506;0.86
relu;(50, 50, 50);0;0.01;none;1.00E-05;32;0.99;0.99;1.00E-08;0.025024827;0.000651958;506;0.34
relu;(100, 50, 25);0.1;0.03;none;1.00E-05;64;0.99;0.999;1.00E-06;0.025024984;0.000645697;504;1.2
relu;(50, 50, 50);0.1;0.03;none;0.0001;32;0.99;0.999;1.00E-06;0.025025985;0.000605735;506;0.69
relu;(50, 50, 50);0;0.001;l1;0.01;64;0.9;0.99;1.00E-08;0.025026358;0.000590841;504;0.41
relu;(50, 50, 50);0;0.01;none;0.0001;64;0.99;0.9;1.00E-06;0.025026578;0.00058203;504;0.36
relu;(100, 50, 25);0.1;0.001;l2;1.00E-05;32;0.9;0.9;1.00E-06;0.025027376;0.000550152;506;0.83
relu;(50, 50, 50);0.3;0.03;l1;0.01;32;0.8;0.99;1.00E-08;0.025027385;0.000549815;506;1.69
relu;(100, 100, 100, 50);0.1;0.03;l2;0.01;32;0.9;0.99;1.00E-06;0.025027462;0.000546745;506;0.82
relu;(100, 50, 25);0.3;0.01;none;0.01;16;0.8;0.99;1.00E-06;0.025027475;0.000546231;506;0.35
relu;(100, 100, 100, 50);0.3;0.03;none;1.00E-05;16;0.8;0.9;1.00E-08;0.0250276;0.000541212;506;0.97
relu;(50, 50, 50);0.1;0.03;l2;0.0001;32;0.99;0.999;1.00E-08;0.025027767;0.000534543;506;0.68
relu;(100, 100, 100, 50);0.1;0.01;l2;0.01;64;0.9;0.999;1.00E-08;0.025028174;0.00051829;504;1.82
relu;(100, 50, 25);0;0.03;none;1.00E-05;64;0.99;0.9;1.00E-06;0.02502969;0.000457752;504;0.37
relu;(100, 50, 25);0.3;0.01;l2;0.0001;16;0.99;0.999;1.00E-08;0.025030071;0.00044255;506;0.41
relu;(100, 50, 25);0.3;0.03;l2;0.01;32;0.8;0.9;1.00E-08;0.025030472;0.000426529;506;1.17
relu;(100, 50, 25);0.3;0.03;l2;0.01;32;0.9;0.9;1.00E-06;0.025030975;0.000406458;506;1.1
relu;(100, 100, 100, 50);0.1;0.03;l1;0.01;64;0.9;0.999;1.00E-08;0.025031202;0.000397372;504;1.12
relu;(50, 50, 50);0.3;0.03;l2;1.00E-05;16;0.8;0.99;1.00E-06;0.025031601;0.000381463;506;1.03
relu;(100, 50, 25);0;0.03;l2;0.01;16;0.8;0.999;1.00E-06;0.025031738;0.000375988;506;0.36
relu;(100, 100, 100, 50);0;0.01;l1;0.01;16;0.9;0.999;1.00E-08;0.025032254;0.000355375;506;1.3
relu;(100, 100, 100, 50);0.3;0.03;l2;0.0001;64;0.8;0.999;1.00E-08;0.025032402;0.000349469;504;1.52
relu;(100, 100, 100, 50);0.1;0.001;l2;1.00E-05;32;0.99;0.9;1.00E-06;0.025032804;0.000333411;506;1.38
relu;(50, 50, 50);0.3;0.01;l1;0.01;16;0.8;0.9;1.00E-08;0.025033183;0.00031827;506;0.86
relu;(100, 100, 100, 50);0;0.03;l1;1.00E-05;32;0.99;0.99;1.00E-06;0.025033474;0.000306664;506;1.22
relu;(100, 100, 100, 50);0.3;0.001;l1;0.0001;64;0.8;0.99;1.00E-06;0.025033797;0.000293749;504;1.53
relu;(100, 100, 100, 50);0.3;0.03;none;0.01;32;0.8;0.99;1.00E-06;0.02503463;0.000260475;506;0.79
relu;(100, 100, 100, 50);0;0.03;none;0.0001;32;0.8;0.99;1.00E-06;0.02503531;0.000233344;506;1.2
relu;(100, 100, 100, 50);0;0.001;none;1.00E-05;64;0.99;0.9;1.00E-08;0.025035599;0.000221774;504;1.23
relu;(100, 100, 100, 50);0.3;0.01;l2;0.01;32;0.8;0.999;1.00E-08;0.025035714;0.000217211;506;0.75
relu;(50, 50, 50);0.1;0.03;l1;0.0001;32;0.99;0.9;1.00E-08;0.025035731;0.000216523;506;0.74
relu;(100, 100, 100, 50);0;0.03;none;1.00E-05;64;0.99;0.99;1.00E-08;0.025036482;0.000186537;504;1.43
relu;(100, 100, 100, 50);0;0.03;l2;0.01;64;0.99;0.99;1.00E-06;0.025036532;0.000184532;504;1.57
relu;(100, 100, 100, 50);0;0.03;none;0.01;32;0.99;0.99;1.00E-06;0.025036557;0.000183545;506;1.29
relu;(100, 50, 25);0;0.01;l1;0.01;32;0.9;0.999;1.00E-06;0.025036722;0.000176958;506;0.6
relu;(100, 50, 25);0.3;0.01;l1;0.0001;64;0.99;0.99;1.00E-08;0.025036832;0.000172533;504;0.58
relu;(50, 50, 50);0.1;0.001;l1;0.01;64;0.99;0.9;1.00E-08;0.025036973;0.000166899;504;0.53
relu;(100, 100, 100, 50);0.3;0.01;l2;0.01;64;0.9;0.999;1.00E-08;0.025037296;0.000154011;504;1.12
relu;(50, 50, 50);0.1;0.01;l1;0.01;64;0.99;0.999;1.00E-06;0.025037644;0.000140141;504;0.63
relu;(100, 50, 25);0.3;0.001;l1;0.01;32;0.8;0.99;1.00E-08;0.025037683;0.000138549;506;0.44
relu;(100, 50, 25);0.3;0.001;l1;0.01;32;0.99;0.9;1.00E-06;0.025037695;0.000138103;506;0.43
relu;(100, 100, 100, 50);0.3;0.01;l1;0.01;16;0.8;0.999;1.00E-08;0.025038013;0.000125387;506;0.89
relu;(100, 50, 25);0.1;0.001;l1;0.01;16;0.99;0.9;1.00E-08;0.025038121;0.000121063;506;1.08
relu;(100, 50, 25);0;0.01;l1;0.01;16;0.8;0.9;1.00E-08;0.025038265;0.000115325;506;0.52
relu;(50, 50, 50);0.3;0.03;l2;0.01;32;0.9;0.999;1.00E-06;0.025038602;0.000101879;506;1.27
relu;(100, 100, 100, 50);0.3;0.01;l2;0.0001;32;0.9;0.999;1.00E-08;0.025038693;9.82E-05;506;0.85
relu;(100, 100, 100, 50);0.3;0.001;l1;0.01;32;0.8;0.999;1.00E-08;0.025038847;9.21E-05;506;0.85
relu;(100, 100, 100, 50);0.3;0.001;l1;0.01;16;0.8;0.999;1.00E-08;0.025038956;8.77E-05;506;0.75
relu;(100, 50, 25);0.1;0.001;l1;1.00E-05;32;0.8;0.9;1.00E-08;0.025039035;8.46E-05;506;0.97
relu;(100, 50, 25);0.3;0.01;l2;0.0001;32;0.8;0.999;1.00E-08;0.02503943;6.88E-05;506;0.89
relu;(100, 100, 100, 50);0;0.03;l1;0.01;16;0.8;0.9;1.00E-08;0.02503945;6.80E-05;506;1.24
relu;(100, 100, 100, 50);0.1;0.01;l1;0.01;32;0.99;0.999;1.00E-08;0.025039502;6.59E-05;506;1.73
relu;(100, 100, 100, 50);0.1;0.03;l1;0.01;32;0.9;0.999;1.00E-08;0.025039813;5.35E-05;506;0.82
relu;(100, 100, 100, 50);0.3;0.03;l1;0.01;32;0.8;0.99;1.00E-08;0.02504004;4.44E-05;506;0.86
relu;(100, 100, 100, 50);0.3;0.01;l2;0.01;64;0.8;0.9;1.00E-08;0.025040407;2.98E-05;504;0.97
relu;(50, 50, 50);0.3;0.03;l1;0.01;16;0.99;0.9;1.00E-06;0.02504066;1.97E-05;506;1.51
relu;(100, 50, 25);0.3;0.01;l2;1.00E-05;64;0.99;0.99;1.00E-08;0.025040867;1.14E-05;504;0.42
relu;(100, 100, 100, 50);0.3;0.01;none;1.00E-05;64;0.99;0.99;1.00E-06;0.025041154;-3.68E-08;504;1.44
relu;(100, 100, 100, 50);0.1;0.01;l1;0.01;32;0.8;0.999;1.00E-06;0.025041155;-9.42E-08;506;2.51
relu;(50, 50, 50);0.1;0.03;none;1.00E-05;16;0.99;0.99;1.00E-08;0.025041156;-1.10E-07;506;0.52
relu;(50, 50, 50);0.3;0.03;none;0.01;64;0.9;0.9;1.00E-08;0.025041157;-1.63E-07;504;0.85
relu;(50, 50, 50);0.3;0.03;l1;1.00E-05;64;0.8;0.9;1.00E-06;0.025041166;-5.11E-07;504;0.74
relu;(100, 100, 100, 50);0;0.01;l1;0.01;64;0.8;0.999;1.00E-06;0.025041168;-5.94E-07;504;1.33
relu;(100, 50, 25);0.3;0.01;none;0.0001;16;0.99;0.999;1.00E-08;0.025041171;-7.29E-07;506;0.35
relu;(100, 50, 25);0.3;0.03;l2;0.0001;32;0.9;0.9;1.00E-06;0.025041188;-1.38E-06;506;1.12
relu;(50, 50, 50);0.1;0.03;none;1.00E-05;64;0.99;0.999;1.00E-08;0.02504119;-1.48E-06;504;0.89
relu;(100, 100, 100, 50);0.3;0.01;l1;1.00E-05;16;0.8;0.9;1.00E-06;0.025041206;-2.12E-06;506;0.71
relu;(100, 100, 100, 50);0.1;0.03;l1;0.0001;32;0.99;0.9;1.00E-08;0.025041228;-2.99E-06;506;1.5
relu;(50, 50, 50);0.3;0.03;l1;0.01;16;0.9;0.9;1.00E-06;0.025041228;-3.00E-06;506;1.49
relu;(100, 100, 100, 50);0.3;0.03;none;0.0001;16;0.99;0.9;1.00E-08;0.025041246;-3.72E-06;506;0.62
relu;(100, 100, 100, 50);0.3;0.01;l1;1.00E-05;64;0.9;0.9;1.00E-06;0.02504127;-4.66E-06;504;1.09
relu;(50, 50, 50);0.3;0.03;none;0.0001;64;0.99;0.9;1.00E-06;0.025041271;-4.71E-06;504;0.75
relu;(100, 100, 100, 50);0.3;0.03;l2;0.01;64;0.9;0.9;1.00E-06;0.025041327;-6.94E-06;504;1.43
relu;(100, 50, 25);0.3;0.03;none;0.01;16;0.99;0.9;1.00E-08;0.025041337;-7.36E-06;506;0.7
relu;(100, 50, 25);0.3;0.03;none;0.01;32;0.99;0.9;1.00E-08;0.02504135;-7.89E-06;506;0.94
relu;(100, 50, 25);0.1;0.01;l1;0.01;64;0.8;0.99;1.00E-06;0.02504136;-8.28E-06;504;1.2
relu;(50, 50, 50);0.1;0.01;l1;0.01;64;0.8;0.9;1.00E-08;0.025041364;-8.42E-06;504;0.71
relu;(50, 50, 50);0.3;0.03;l2;1.00E-05;64;0.9;0.9;1.00E-06;0.025041384;-9.23E-06;504;1.08
relu;(100, 100, 100, 50);0.3;0.03;none;1.00E-05;64;0.9;0.9;1.00E-06;0.025041397;-9.76E-06;504;0.99
relu;(100, 100, 100, 50);0.3;0.03;none;0.0001;64;0.9;0.999;1.00E-08;0.025041438;-1.14E-05;504;1.37
relu;(100, 50, 25);0.3;0.03;none;0.01;32;0.9;0.999;1.00E-06;0.025041438;-1.14E-05;506;0.76
relu;(100, 100, 100, 50);0.3;0.001;l2;0.01;32;0.8;0.9;1.00E-08;0.025041441;-1.15E-05;506;0.93
relu;(100, 100, 100, 50);0.3;0.03;l2;0.0001;32;0.9;0.99;1.00E-06;0.02504145;-1.19E-05;506;0.92
relu;(50, 50, 50);0.3;0.03;l2;1.00E-05;64;0.8;0.9;1.00E-06;0.025041455;-1.21E-05;504;1.39
relu;(100, 100, 100, 50);0.3;0.03;none;0.0001;64;0.99;0.999;1.00E-06;0.025041509;-1.42E-05;504;1.06
relu;(100, 100, 100, 50);0.3;0.03;l2;0.0001;16;0.99;0.999;1.00E-08;0.025041522;-1.47E-05;506;0.93
relu;(50, 50, 50);0.3;0.03;none;0.0001;16;0.99;0.99;1.00E-08;0.025041563;-1.64E-05;506;0.48
relu;(100, 100, 100, 50);0.3;0.01;l2;0.01;64;0.8;0.999;1.00E-08;0.025041568;-1.66E-05;504;1.04
relu;(100, 100, 100, 50);0.3;0.01;none;0.01;16;0.99;0.9;1.00E-06;0.025041574;-1.68E-05;506;0.72
relu;(100, 50, 25);0.1;0.03;l2;1.00E-05;32;0.9;0.999;1.00E-08;0.025041581;-1.71E-05;506;0.82
relu;(100, 50, 25);0.3;0.01;l1;0.01;32;0.8;0.999;1.00E-06;0.025041608;-1.82E-05;506;0.44
relu;(100, 50, 25);0;0.03;l2;0.0001;32;0.99;0.9;1.00E-06;0.025041629;-1.90E-05;506;0.86
relu;(100, 100, 100, 50);0;0.01;l1;0.01;32;0.99;0.99;1.00E-08;0.025041645;-1.96E-05;506;1.2
relu;(100, 100, 100, 50);0.3;0.03;none;1.00E-05;16;0.99;0.9;1.00E-06;0.025041649;-1.98E-05;506;0.65
relu;(100, 100, 100, 50);0.3;0.03;none;0.0001;64;0.99;0.9;1.00E-08;0.025041659;-2.02E-05;504;0.97
relu;(100, 50, 25);0.3;0.001;l1;0.01;32;0.9;0.999;1.00E-06;0.02504166;-2.03E-05;506;0.45
relu;(100, 50, 25);0.3;0.03;none;0.01;16;0.99;0.99;1.00E-08;0.025041685;-2.12E-05;506;0.66
relu;(50, 50, 50);0.3;0.01;none;0.01;32;0.99;0.999;1.00E-08;0.025041689;-2.14E-05;506;0.71
relu;(100, 50, 25);0;0.03;l2;1.00E-05;64;0.99;0.9;1.00E-06;0.025041708;-2.22E-05;504;0.37
relu;(100, 100, 100, 50);0.3;0.03;l1;0.0001;64;0.9;0.999;1.00E-08;0.025041716;-2.25E-05;504;2.05
relu;(100, 100, 100, 50);0.3;0.01;l2;0.0001;64;0.99;0.9;1.00E-08;0.025041716;-2.25E-05;504;1.39
relu;(100, 50, 25);0.3;0.03;l2;1.00E-05;32;0.8;0.9;1.00E-08;0.025041717;-2.25E-05;506;0.86
relu;(100, 100, 100, 50);0.3;0.03;l1;0.01;64;0.99;0.999;1.00E-08;0.025041741;-2.35E-05;504;1.89
relu;(100, 100, 100, 50);0.3;0.03;l1;1.00E-05;16;0.9;0.99;1.00E-06;0.025041745;-2.37E-05;506;1.39
relu;(100, 50, 25);0.3;0.03;l1;0.0001;64;0.99;0.99;1.00E-08;0.02504175;-2.38E-05;504;1.7
relu;(100, 100, 100, 50);0.3;0.01;none;1.00E-05;16;0.9;0.9;1.00E-06;0.02504177;-2.47E-05;506;0.64
relu;(50, 50, 50);0;0.001;none;1.00E-05;32;0.8;0.99;1.00E-08;0.025041784;-2.52E-05;506;0.38
relu;(100, 100, 100, 50);0;0.01;l1;0.01;32;0.8;0.9;1.00E-06;0.025041785;-2.53E-05;506;1.14
relu;(100, 100, 100, 50);0.3;0.03;none;1.00E-05;16;0.8;0.99;1.00E-08;0.025041793;-2.55E-05;506;0.75
relu;(50, 50, 50);0.3;0.01;none;0.01;32;0.9;0.9;1.00E-06;0.025041796;-2.57E-05;506;0.73
relu;(50, 50, 50);0.3;0.03;l2;0.0001;64;0.99;0.99;1.00E-06;0.025041801;-2.59E-05;504;0.91
relu;(100, 50, 25);0.1;0.03;l2;0.0001;32;0.99;0.9;1.00E-08;0.025041815;-2.64E-05;506;0.89
relu;(100, 50, 25);0.3;0.03;none;1.00E-05;64;0.8;0.9;1.00E-06;0.025041839;-2.74E-05;504;1.11
relu;(50, 50, 50);0.3;0.03;none;1.00E-05;64;0.8;0.99;1.00E-08;0.025041868;-2.86E-05;504;0.72
relu;(100, 50, 25);0.1;0.03;none;0.0001;64;0.99;0.99;1.00E-06;0.02504189;-2.95E-05;504;0.9
relu;(100, 100, 100, 50);0.1;0.01;l1;0.0001;16;0.99;0.99;1.00E-08;0.025041904;-3.00E-05;506;1.81
relu;(100, 100, 100, 50);0.3;0.03;l2;1.00E-05;32;0.9;0.99;1.00E-06;0.025041939;-3.14E-05;506;1.35
relu;(100, 100, 100, 50);0.3;0.03;l1;0.01;16;0.8;0.999;1.00E-08;0.02504201;-3.42E-05;506;1.64
relu;(100, 50, 25);0.3;0.03;none;0.01;16;0.99;0.99;1.00E-06;0.025042019;-3.46E-05;506;0.99
relu;(100, 50, 25);0.3;0.03;l2;1.00E-05;16;0.8;0.999;1.00E-06;0.025042025;-3.48E-05;506;0.66
relu;(100, 50, 25);0.3;0.001;none;1.00E-05;32;0.9;0.99;1.00E-08;0.025042052;-3.59E-05;506;0.37
relu;(100, 100, 100, 50);0.3;0.03;l2;0.0001;16;0.99;0.99;1.00E-08;0.025042095;-3.76E-05;506;1.01
relu;(100, 50, 25);0.3;0.01;l1;0.01;16;0.8;0.99;1.00E-06;0.025042112;-3.83E-05;506;0.39
relu;(50, 50, 50);0.1;0.03;l1;0.01;16;0.99;0.99;1.00E-06;0.025042131;-3.91E-05;506;0.55
relu;(100, 50, 25);0;0.03;l1;0.0001;64;0.99;0.9;1.00E-08;0.025042133;-3.91E-05;504;0.46
relu;(100, 100, 100, 50);0.3;0.01;l2;0.01;64;0.99;0.999;1.00E-08;0.025042152;-3.99E-05;504;1.15
relu;(100, 100, 100, 50);0.3;0.03;l1;0.01;16;0.8;0.9;1.00E-06;0.025042168;-4.06E-05;506;1.82
relu;(100, 100, 100, 50);0.3;0.01;l2;1.00E-05;16;0.99;0.99;1.00E-06;0.025042171;-4.07E-05;506;0.59
relu;(100, 50, 25);0.1;0.03;l1;0.0001;16;0.99;0.99;1.00E-08;0.025042183;-4.11E-05;506;1.03
relu;(50, 50, 50);0.3;0.001;l1;0.01;32;0.99;0.9;1.00E-06;0.025042283;-4.51E-05;506;0.76
relu;(100, 100, 100, 50);0.3;0.03;l1;0.01;64;0.8;0.99;1.00E-06;0.025042315;-4.64E-05;504;2.48
relu;(100, 100, 100, 50);0.3;0.01;none;1.00E-05;32;0.99;0.9;1.00E-08;0.025042343;-4.75E-05;506;0.83
relu;(50, 50, 50);0.3;0.03;none;0.01;16;0.9;0.9;1.00E-06;0.025042357;-4.81E-05;506;0.56
relu;(100, 50, 25);0.3;0.03;none;1.00E-05;16;0.9;0.99;1.00E-06;0.025042367;-4.85E-05;506;0.94
relu;(100, 100, 100, 50);0.1;0.03;l1;0.01;64;0.8;0.99;1.00E-06;0.025042384;-4.91E-05;504;1.06
relu;(100, 50, 25);0.3;0.01;l2;0.0001;64;0.99;0.9;1.00E-08;0.025042409;-5.02E-05;504;0.9
relu;(100, 100, 100, 50);0.3;0.03;none;1.00E-05;32;0.9;0.9;1.00E-08;0.025042414;-5.04E-05;506;0.66
relu;(100, 100, 100, 50);0.3;0.03;l2;0.01;64;0.9;0.999;1.00E-06;0.025042424;-5.08E-05;504;1.72
relu;(100, 50, 25);0.3;0.03;none;1.00E-05;16;0.8;0.9;1.00E-06;0.02504244;-5.14E-05;506;0.91
relu;(100, 100, 100, 50);0.1;0.03;l1;0.0001;16;0.99;0.99;1.00E-06;0.025042444;-5.16E-05;506;1.35
relu;(100, 50, 25);0.3;0.03;none;1.00E-05;64;0.99;0.99;1.00E-08;0.025042469;-5.26E-05;504;1.18
relu;(100, 100, 100, 50);0.3;0.03;l1;1.00E-05;32;0.8;0.99;1.00E-06;0.025042476;-5.28E-05;506;1.31
relu;(100, 50, 25);0.3;0.03;none;1.00E-05;64;0.9;0.9;1.00E-06;0.02504249;-5.34E-05;504;1.24
relu;(100, 100, 100, 50);0.3;0.01;none;0.01;32;0.99;0.9;1.00E-06;0.025042506;-5.40E-05;506;0.65
relu;(100, 100, 100, 50);0.1;0.03;none;0.0001;64;0.99;0.9;1.00E-06;0.025042507;-5.41E-05;504;1.81
relu;(100, 50, 25);0.3;0.01;none;0.01;32;0.9;0.99;1.00E-08;0.025042521;-5.46E-05;506;0.44
relu;(50, 50, 50);0.1;0.03;l2;1.00E-05;16;0.9;0.9;1.00E-08;0.025042551;-5.58E-05;506;0.73
relu;(100, 50, 25);0.3;0.03;none;0.0001;64;0.8;0.9;1.00E-08;0.025042564;-5.64E-05;504;1.28
relu;(100, 100, 100, 50);0.1;0.03;l2;0.01;64;0.9;0.999;1.00E-08;0.025042571;-5.66E-05;504;1.13
relu;(100, 100, 100, 50);0;0.01;l1;0.01;64;0.99;0.99;1.00E-08;0.02504258;-5.70E-05;504;1.35
relu;(100, 100, 100, 50);0;0.01;none;0.01;64;0.8;0.9;1.00E-08;0.025042614;-5.84E-05;504;1.21
relu;(50, 50, 50);0.3;0.03;none;0.0001;16;0.9;0.9;1.00E-06;0.02504266;-6.02E-05;506;0.8
relu;(50, 50, 50);0;0.03;none;1.00E-05;64;0.9;0.999;1.00E-06;0.025042676;-6.08E-05;504;0.38
relu;(100, 50, 25);0.3;0.03;none;1.00E-05;16;0.9;0.999;1.00E-06;0.025042678;-6.09E-05;506;0.96
relu;(100, 100, 100, 50);0.3;0.01;l2;1.00E-05;64;0.8;0.9;1.00E-06;0.025042703;-6.19E-05;504;1.02
relu;(100, 100, 100, 50);0.1;0.03;l1;1.00E-05;64;0.9;0.999;1.00E-08;0.025042761;-6.42E-05;504;2.14
relu;(100, 100, 100, 50);0.3;0.01;none;1.00E-05;16;0.8;0.9;1.00E-06;0.025042792;-6.55E-05;506;0.81
relu;(100, 100, 100, 50);0;0.01;l1;0.01;64;0.8;0.99;1.00E-08;0.0250428;-6.58E-05;504;1.51
relu;(100, 100, 100, 50);0.3;0.03;none;0.0001;16;0.8;0.9;1.00E-08;0.025042812;-6.63E-05;506;0.7
relu;(50, 50, 50);0.3;0.03;l2;0.0001;16;0.99;0.99;1.00E-08;0.025042827;-6.69E-05;506;0.92
relu;(100, 100, 100, 50);0;0.03;l1;0.01;64;0.99;0.999;1.00E-08;0.025042881;-6.90E-05;504;1.65
relu;(100, 100, 100, 50);0.3;0.01;l1;0.0001;32;0.99;0.999;1.00E-08;0.025042944;-7.15E-05;506;1.01
relu;(100, 100, 100, 50);0.3;0.03;none;0.01;16;0.8;0.99;1.00E-08;0.025042948;-7.17E-05;506;0.72
relu;(100, 100, 100, 50);0.3;0.01;none;1.00E-05;32;0.99;0.99;1.00E-06;0.025042963;-7.23E-05;506;1.1
relu;(100, 100, 100, 50);0.1;0.03;l1;0.01;32;0.8;0.999;1.00E-08;0.025043021;-7.46E-05;506;0.77
relu;(100, 100, 100, 50);0.3;0.03;l1;1.00E-05;16;0.99;0.999;1.00E-06;0.025043025;-7.48E-05;506;1.33
relu;(100, 100, 100, 50);0.3;0.01;none;0.01;16;0.9;0.9;1.00E-06;0.025043058;-7.61E-05;506;0.68
relu;(100, 100, 100, 50);0.3;0.03;none;0.01;16;0.99;0.999;1.00E-06;0.02504315;-7.97E-05;506;0.61
relu;(100, 100, 100, 50);0.3;0.03;l2;1.00E-05;16;0.8;0.99;1.00E-06;0.025043152;-7.98E-05;506;1.08
relu;(50, 50, 50);0;0.001;l1;0.01;16;0.8;0.99;1.00E-08;0.025043154;-7.99E-05;506;0.89
relu;(100, 100, 100, 50);0.3;0.03;l1;0.0001;16;0.9;0.99;1.00E-06;0.02504316;-8.01E-05;506;1.14
relu;(100, 100, 100, 50);0.1;0.03;none;0.01;16;0.99;0.999;1.00E-06;0.025043187;-8.12E-05;506;1.33
relu;(100, 100, 100, 50);0.3;0.03;none;0.0001;16;0.99;0.9;1.00E-06;0.025043192;-8.14E-05;506;0.85
relu;(100, 100, 100, 50);0.1;0.03;l1;0.0001;64;0.99;0.99;1.00E-06;0.025043211;-8.22E-05;504;1.45
relu;(100, 50, 25);0.1;0.03;none;0.0001;64;0.99;0.9;1.00E-08;0.025043244;-8.35E-05;504;0.88
relu;(100, 100, 100, 50);0.3;0.03;none;0.0001;32;0.8;0.99;1.00E-06;0.025043265;-8.43E-05;506;0.93
relu;(100, 50, 25);0.1;0.03;l1;0.0001;16;0.99;0.999;1.00E-06;0.025043294;-8.55E-05;506;1.04
relu;(100, 50, 25);0.1;0.03;l1;0.01;16;0.9;0.999;1.00E-08;0.025043303;-8.58E-05;506;1.05
relu;(100, 100, 100, 50);0.1;0.03;l1;0.01;16;0.99;0.999;1.00E-06;0.025043334;-8.71E-05;506;0.69
relu;(100, 100, 100, 50);0.3;0.03;none;0.0001;16;0.9;0.999;1.00E-06;0.025043377;-8.88E-05;506;0.64
relu;(100, 100, 100, 50);0.3;0.01;none;0.01;16;0.99;0.999;1.00E-06;0.025043458;-9.21E-05;506;0.72
relu;(100, 50, 25);0.3;0.03;none;1.00E-05;16;0.99;0.9;1.00E-06;0.025043492;-9.34E-05;506;0.97
relu;(50, 50, 50);0;0.01;l1;0.01;16;0.8;0.99;1.00E-06;0.025043612;-9.82E-05;506;0.34
relu;(100, 100, 100, 50);0.3;0.01;none;0.01;32;0.8;0.999;1.00E-06;0.025043647;-9.96E-05;506;0.66
relu;(100, 100, 100, 50);0.3;0.01;none;1.00E-05;64;0.8;0.999;1.00E-06;0.025043732;-0.00010299;504;1.02
relu;(100, 50, 25);0;0.03;l1;0.01;16;0.8;0.999;1.00E-06;0.025043733;-0.000103041;506;0.33
relu;(100, 100, 100, 50);0.3;0.03;none;0.01;16;0.8;0.9;1.00E-08;0.025043759;-0.000104084;506;0.75
relu;(50, 50, 50);0.1;0.03;l1;0.01;32;0.99;0.9;1.00E-06;0.025043779;-0.000104875;506;0.79
relu;(50, 50, 50);0;0.03;l1;0.01;32;0.99;0.9;1.00E-06;0.025043824;-0.000106683;506;0.38
relu;(50, 50, 50);0.3;0.03;l2;0.01;64;0.99;0.999;1.00E-08;0.02504386;-0.000108123;504;1.61
relu;(50, 50, 50);0.3;0.03;none;1.00E-05;32;0.99;0.99;1.00E-08;0.025043938;-0.000111239;506;0.55
relu;(100, 100, 100, 50);0.1;0.03;none;0.01;32;0.99;0.999;1.00E-06;0.025043975;-0.000112688;506;1.51
relu;(100, 100, 100, 50);0.3;0.03;l2;0.01;64;0.9;0.99;1.00E-06;0.025043996;-0.000113536;504;1.78
relu;(100, 100, 100, 50);0.1;0.03;none;0.0001;16;0.99;0.999;1.00E-06;0.02504407;-0.000116486;506;1.37
relu;(50, 50, 50);0;0.03;l2;1.00E-05;16;0.99;0.9;1.00E-08;0.025044085;-0.000117106;506;0.32
relu;(100, 50, 25);0.1;0.03;l1;1.00E-05;32;0.99;0.999;1.00E-08;0.025044119;-0.000118466;506;0.99
relu;(100, 50, 25);0.1;0.03;l2;0.0001;64;0.99;0.99;1.00E-08;0.025044176;-0.000120741;504;0.94
relu;(100, 50, 25);0.1;0.03;l1;0.0001;64;0.99;0.999;1.00E-06;0.025044308;-0.000125985;504;1.26
relu;(50, 50, 50);0.3;0.01;l2;1.00E-05;16;0.9;0.99;1.00E-06;0.025044348;-0.000127587;506;0.66
relu;(100, 100, 100, 50);0.3;0.01;none;0.0001;32;0.8;0.99;1.00E-08;0.025044413;-0.000130173;506;0.81
relu;(100, 100, 100, 50);0.1;0.03;l1;0.01;64;0.9;0.9;1.00E-06;0.025044416;-0.000130324;504;1.04
relu;(100, 50, 25);0.1;0.03;l1;0.01;32;0.9;0.999;1.00E-06;0.025044522;-0.000134535;506;1.17
relu;(50, 50, 50);0.3;0.03;l1;1.00E-05;16;0.99;0.999;1.00E-06;0.025044559;-0.000136041;506;0.58
relu;(100, 50, 25);0.1;0.001;l1;0.01;32;0.99;0.9;1.00E-08;0.02504459;-0.000137265;506;1.15
relu;(100, 100, 100, 50);0.3;0.03;l2;0.0001;32;0.8;0.9;1.00E-08;0.025044637;-0.000139149;506;1.19
relu;(50, 50, 50);0.3;0.001;l1;0.01;64;0.99;0.9;1.00E-08;0.025044644;-0.000139414;504;0.63
relu;(100, 50, 25);0.3;0.03;l1;0.01;64;0.9;0.999;1.00E-08;0.025044789;-0.000145194;504;0.99
relu;(100, 100, 100, 50);0;0.01;l1;0.01;64;0.8;0.9;1.00E-06;0.025044924;-0.000150594;504;1.38
relu;(100, 50, 25);0.3;0.03;l1;0.0001;32;0.99;0.999;1.00E-06;0.025044935;-0.000151046;506;1.36
relu;(100, 100, 100, 50);0.3;0.01;l2;1.00E-05;32;0.8;0.99;1.00E-06;0.025044996;-0.000153469;506;0.77
relu;(100, 50, 25);0;0.03;l1;0.01;32;0.8;0.999;1.00E-06;0.025045023;-0.000154553;506;0.37
relu;(50, 50, 50);0.3;0.01;none;0.01;64;0.99;0.9;1.00E-08;0.025045078;-0.000156739;504;0.79
relu;(100, 100, 100, 50);0;0.03;none;0.01;16;0.99;0.9;1.00E-08;0.025045081;-0.000156867;506;1.18
relu;(50, 50, 50);0.3;0.03;l1;0.01;16;0.99;0.999;1.00E-06;0.025045134;-0.000158981;506;1.55
relu;(100, 50, 25);0.1;0.03;none;0.01;64;0.99;0.999;1.00E-08;0.025045155;-0.000159825;504;1.02
relu;(50, 50, 50);0.3;0.01;l2;1.00E-05;16;0.99;0.9;1.00E-08;0.025045162;-0.000160109;506;0.67
relu;(100, 100, 100, 50);0.3;0.03;none;0.01;64;0.8;0.9;1.00E-06;0.025045212;-0.000162089;504;1.89
relu;(50, 50, 50);0.3;0.01;none;0.01;16;0.99;0.99;1.00E-08;0.025045247;-0.000163516;506;0.7
relu;(100, 100, 100, 50);0.3;0.001;l1;0.01;32;0.99;0.9;1.00E-08;0.025045335;-0.000166993;506;0.76
relu;(100, 50, 25);0.3;0.03;l1;1.00E-05;16;0.99;0.99;1.00E-06;0.025045385;-0.000169021;506;1.13
relu;(100, 100, 100, 50);0.1;0.03;l2;0.0001;16;0.99;0.999;1.00E-08;0.025045401;-0.000169647;506;0.69
relu;(100, 100, 100, 50);0;0.03;l2;0.01;32;0.8;0.999;1.00E-06;0.025045509;-0.000173964;506;1.21
relu;(100, 100, 100, 50);0.3;0.03;none;1.00E-05;32;0.99;0.9;1.00E-06;0.025045536;-0.000175031;506;0.75
relu;(100, 100, 100, 50);0.3;0.03;l2;0.01;16;0.9;0.99;1.00E-08;0.025045635;-0.00017899;506;1.02
relu;(50, 50, 50);0.3;0.03;l1;1.00E-05;32;0.99;0.9;1.00E-08;0.025045688;-0.000181095;506;0.76
relu;(100, 50, 25);0.1;0.03;none;0.01;32;0.99;0.999;1.00E-06;0.025045853;-0.000187694;506;0.81
relu;(100, 50, 25);0.3;0.03;none;1.00E-05;16;0.99;0.999;1.00E-06;0.02504592;-0.000190373;506;0.99
relu;(100, 100, 100, 50);0.3;0.03;none;0.0001;32;0.99;0.99;1.00E-06;0.025045937;-0.000191053;506;0.65
relu;(100, 50, 25);0.3;0.01;none;0.01;32;0.99;0.999;1.00E-08;0.025046011;-0.000194004;506;0.41
relu;(50, 50, 50);0.3;0.03;l2;1.00E-05;64;0.8;0.99;1.00E-06;0.025046019;-0.000194308;504;1.23
relu;(50, 50, 50);0.3;0.03;l1;1.00E-05;16;0.99;0.9;1.00E-06;0.025046042;-0.000195236;506;0.54
relu;(100, 100, 100, 50);0.3;0.03;l2;0.0001;32;0.99;0.9;1.00E-08;0.025046064;-0.000196125;506;0.97
relu;(100, 100, 100, 50);0.3;0.01;l2;1.00E-05;32;0.9;0.99;1.00E-08;0.025046125;-0.00019855;506;0.83
relu;(100, 100, 100, 50);0.3;0.03;l2;1.00E-05;64;0.99;0.9;1.00E-06;0.025046159;-0.000199922;504;1.44
relu;(100, 100, 100, 50);0.3;0.01;none;1.00E-05;32;0.9;0.999;1.00E-08;0.02504616;-0.000199946;506;0.82
relu;(100, 50, 25);0.3;0.03;l1;1.00E-05;16;0.9;0.99;1.00E-06;0.025046339;-0.000207099;506;1.02
relu;(50, 50, 50);0.3;0.01;l1;0.01;32;0.8;0.9;1.00E-06;0.025046417;-0.000210239;506;0.81
relu;(50, 50, 50);0.3;0.03;l1;1.00E-05;32;0.9;0.99;1.00E-06;0.025046462;-0.000212034;506;0.66
relu;(100, 50, 25);0.1;0.03;none;0.01;16;0.99;0.9;1.00E-08;0.025046747;-0.000223411;506;0.72
relu;(100, 100, 100, 50);0.3;0.01;l2;1.00E-05;16;0.8;0.999;1.00E-08;0.025046819;-0.000226292;506;0.62
relu;(100, 100, 100, 50);0;0.01;l1;0.01;32;0.99;0.999;1.00E-08;0.025046876;-0.000228534;506;1.13
relu;(100, 100, 100, 50);0.1;0.03;none;0.0001;16;0.99;0.999;1.00E-08;0.025046912;-0.000229969;506;1.36
relu;(50, 50, 50);0.1;0.03;l1;0.0001;16;0.99;0.9;1.00E-08;0.025046951;-0.000231542;506;0.54
relu;(50, 50, 50);0.3;0.01;l1;0.01;32;0.8;0.999;1.00E-06;0.02504696;-0.000231919;506;0.77
relu;(100, 50, 25);0.1;0.01;l2;0.0001;16;0.99;0.9;1.00E-08;0.025046984;-0.000232857;506;0.76
relu;(50, 50, 50);0.3;0.01;l2;0.0001;32;0.99;0.9;1.00E-06;0.025047047;-0.000235368;506;0.52
relu;(100, 100, 100, 50);0.3;0.01;none;0.01;32;0.99;0.99;1.00E-08;0.025047081;-0.000236754;506;0.7
relu;(100, 50, 25);0.3;0.01;l2;1.00E-05;32;0.99;0.9;1.00E-06;0.025047104;-0.000237639;506;0.38
relu;(100, 100, 100, 50);0.3;0.01;none;0.0001;32;0.99;0.999;1.00E-06;0.025047112;-0.000237972;506;0.71
relu;(100, 50, 25);0;0.03;none;0.0001;64;0.99;0.9;1.00E-08;0.025047175;-0.000240475;504;0.44
relu;(100, 100, 100, 50);0.1;0.03;l2;1.00E-05;16;0.99;0.999;1.00E-06;0.025047301;-0.000245511;506;0.59
relu;(50, 50, 50);0.1;0.03;none;0.0001;64;0.99;0.99;1.00E-08;0.025047303;-0.000245603;504;0.72
relu;(100, 100, 100, 50);0;0.01;l2;0.0001;64;0.99;0.9;1.00E-08;0.025047316;-0.000246138;504;1.59
relu;(100, 50, 25);0.3;0.03;l1;0.01;32;0.99;0.99;1.00E-06;0.025047373;-0.000248379;506;0.95
relu;(100, 50, 25);0.3;0.03;none;1.00E-05;32;0.99;0.99;1.00E-06;0.025047378;-0.000248605;506;1
relu;(100, 100, 100, 50);0;0.01;l1;0.01;16;0.9;0.999;1.00E-06;0.025047442;-0.000251171;506;1.23
relu;(100, 50, 25);0.3;0.03;none;0.01;64;0.8;0.99;1.00E-06;0.025047546;-0.00025532;504;0.97
relu;(50, 50, 50);0;0.001;l1;0.01;64;0.8;0.9;1.00E-06;0.025047606;-0.000257691;504;0.47
relu;(100, 50, 25);0.3;0.01;l2;1.00E-05;32;0.99;0.9;1.00E-08;0.025047671;-0.000260305;506;0.4
relu;(50, 50, 50);0.3;0.03;l1;0.01;32;0.9;0.9;1.00E-08;0.025047851;-0.000267487;506;1.42
relu;(50, 50, 50);0.3;0.01;l1;1.00E-05;16;0.99;0.99;1.00E-06;0.025047948;-0.000271359;506;0.61
relu;(50, 50, 50);0;0.03;l1;0.0001;64;0.99;0.9;1.00E-08;0.02504798;-0.000272622;504;0.5
relu;(50, 50, 50);0.3;0.03;none;1.00E-05;64;0.8;0.9;1.00E-06;0.025048227;-0.000282495;504;0.6
relu;(100, 100, 100, 50);0.3;0.03;none;0.01;16;0.9;0.9;1.00E-08;0.025048253;-0.000283547;506;0.68
relu;(50, 50, 50);0.1;0.01;l1;1.00E-05;32;0.99;0.9;1.00E-08;0.025048258;-0.000283726;506;0.82
relu;(50, 50, 50);0.3;0.03;none;0.0001;16;0.9;0.9;1.00E-08;0.025048274;-0.00028439;506;0.7
relu;(50, 50, 50);0.3;0.03;l1;0.01;64;0.8;0.9;1.00E-06;0.025048315;-0.000286035;504;1.64
relu;(100, 50, 25);0.3;0.01;l1;1.00E-05;32;0.9;0.99;1.00E-06;0.025048385;-0.000288823;506;0.56
relu;(100, 100, 100, 50);0.1;0.03;l2;0.01;64;0.9;0.999;1.00E-06;0.025048413;-0.000289923;504;1.17
relu;(100, 100, 100, 50);0.3;0.03;l2;0.0001;32;0.8;0.99;1.00E-06;0.025048552;-0.000295498;506;1.09
relu;(100, 50, 25);0.3;0.01;l1;0.0001;32;0.99;0.999;1.00E-06;0.025048587;-0.000296895;506;0.43
relu;(100, 100, 100, 50);0.3;0.03;l1;0.01;64;0.8;0.9;1.00E-06;0.025048606;-0.000297645;504;2.4
relu;(100, 50, 25);0.3;0.03;l1;1.00E-05;16;0.9;0.999;1.00E-06;0.025048793;-0.000305116;506;0.98
relu;(50, 50, 50);0.3;0.03;l2;1.00E-05;32;0.8;0.9;1.00E-06;0.025048851;-0.000307428;506;1.14
relu;(100, 100, 100, 50);0.3;0.03;l2;1.00E-05;64;0.8;0.999;1.00E-08;0.025049142;-0.000319054;504;1.58
relu;(100, 100, 100, 50);0.3;0.03;l1;0.01;32;0.8;0.99;1.00E-06;0.025049197;-0.000321233;506;0.81
relu;(100, 50, 25);0.3;0.03;l1;0.01;16;0.8;0.9;1.00E-08;0.025049317;-0.000326043;506;1.3
relu;(100, 100, 100, 50);0;0.001;l1;0.01;32;0.99;0.9;1.00E-06;0.025049379;-0.000328488;506;1.44
relu;(100, 100, 100, 50);0.3;0.03;none;0.01;32;0.99;0.9;1.00E-08;0.02504942;-0.000330125;506;0.7
relu;(100, 100, 100, 50);0.1;0.03;l2;0.01;64;0.9;0.9;1.00E-08;0.025049436;-0.00033077;504;0.95
relu;(100, 100, 100, 50);0.1;0.01;l1;0.01;64;0.99;0.99;1.00E-06;0.025049539;-0.000334907;504;2.14
relu;(100, 100, 100, 50);0.3;0.01;l2;0.0001;16;0.9;0.99;1.00E-08;0.025049673;-0.00034023;506;0.64
relu;(100, 100, 100, 50);0.3;0.01;l1;0.01;64;0.8;0.999;1.00E-06;0.025049685;-0.000340739;504;1.31
relu;(100, 50, 25);0.3;0.03;none;0.0001;64;0.99;0.99;1.00E-06;0.025049851;-0.00034735;504;0.95
relu;(100, 100, 100, 50);0;0.03;l1;0.01;16;0.99;0.9;1.00E-08;0.025049862;-0.000347805;506;1.33
relu;(100, 100, 100, 50);0.1;0.01;l1;0.01;32;0.99;0.9;1.00E-08;0.025049887;-0.000348776;506;2.18
relu;(100, 50, 25);0.3;0.001;l1;0.01;32;0.99;0.9;1.00E-08;0.025049898;-0.00034925;506;0.44
relu;(100, 100, 100, 50);0.3;0.03;l1;0.01;16;0.99;0.99;1.00E-06;0.025049948;-0.000351242;506;0.79
relu;(50, 50, 50);0.3;0.01;l1;0.0001;32;0.9;0.99;1.00E-08;0.025049977;-0.000352394;506;0.55
relu;(100, 50, 25);0.3;0.03;none;0.0001;32;0.9;0.999;1.00E-06;0.025050027;-0.000354368;506;0.91
relu;(100, 100, 100, 50);0.3;0.01;l1;0.01;64;0.99;0.99;1.00E-06;0.025050107;-0.000357589;504;1.15
relu;(100, 50, 25);0.3;0.01;l1;1.00E-05;16;0.9;0.999;1.00E-06;0.025050151;-0.000359347;506;0.59
relu;(100, 50, 25);0.3;0.03;none;0.0001;16;0.8;0.99;1.00E-06;0.025050194;-0.000361062;506;1.05
relu;(100, 50, 25);0;0.01;l1;0.01;32;0.9;0.9;1.00E-06;0.025050205;-0.000361478;506;0.36
relu;(100, 50, 25);0.3;0.03;l1;0.01;32;0.8;0.999;1.00E-08;0.025050225;-0.000362289;506;1.28
relu;(50, 50, 50);0.3;0.03;l2;1.00E-05;64;0.8;0.999;1.00E-08;0.025050266;-0.000363918;504;1.07
relu;(100, 100, 100, 50);0.1;0.03;none;1.00E-05;16;0.9;0.99;1.00E-08;0.025050269;-0.000364044;506;1.29
relu;(100, 100, 100, 50);0.3;0.03;l1;0.01;32;0.99;0.9;1.00E-06;0.025050325;-0.000366268;506;2.07
relu;(100, 50, 25);0.1;0.03;l1;0.0001;16;0.99;0.99;1.00E-06;0.025050346;-0.000367126;506;1
relu;(100, 50, 25);0.3;0.03;none;0.0001;16;0.99;0.99;1.00E-06;0.025050399;-0.000369234;506;0.83
relu;(50, 50, 50);0;0.01;l1;1.00E-05;16;0.8;0.99;1.00E-06;0.025050418;-0.000369993;506;0.42
relu;(100, 100, 100, 50);0.3;0.01;l1;1.00E-05;32;0.9;0.9;1.00E-08;0.025050491;-0.000372904;506;0.78
relu;(100, 50, 25);0.3;0.03;l1;1.00E-05;16;0.9;0.999;1.00E-08;0.025050608;-0.000377578;506;1.05
relu;(100, 100, 100, 50);0.1;0.03;l1;0.0001;16;0.99;0.99;1.00E-08;0.025050615;-0.000377876;506;1.25
relu;(100, 50, 25);0;0.03;l1;0.01;16;0.8;0.99;1.00E-06;0.025050619;-0.000378013;506;0.33
relu;(50, 50, 50);0;0.03;l2;0.0001;64;0.99;0.9;1.00E-08;0.025050627;-0.00037833;504;1.13
relu;(100, 100, 100, 50);0.3;0.03;none;0.01;16;0.8;0.99;1.00E-06;0.025050679;-0.000380407;506;0.97
relu;(100, 50, 25);0;0.03;l2;1.00E-05;64;0.9;0.999;1.00E-08;0.025050694;-0.000381029;504;0.37
relu;(100, 100, 100, 50);0.3;0.03;l1;0.01;32;0.9;0.999;1.00E-08;0.025050793;-0.000384979;506;2.1
relu;(100, 50, 25);0.1;0.01;l1;0.0001;64;0.99;0.9;1.00E-08;0.025050935;-0.000390639;504;1.27
relu;(100, 50, 25);0.3;0.01;none;0.0001;32;0.99;0.9;1.00E-06;0.025050986;-0.000392662;506;0.4
relu;(100, 50, 25);0.1;0.01;l2;0.0001;64;0.99;0.9;1.00E-06;0.025050994;-0.000392992;504;1.04
relu;(100, 50, 25);0.1;0.03;l1;0.0001;64;0.99;0.9;1.00E-06;0.025051011;-0.000393688;504;1.26
relu;(50, 50, 50);0.1;0.03;l1;1.00E-05;32;0.99;0.9;1.00E-06;0.025051022;-0.000394132;506;0.57
relu;(100, 100, 100, 50);0.3;0.03;l1;0.0001;64;0.8;0.9;1.00E-06;0.025051035;-0.000394653;504;1.96
relu;(100, 50, 25);0.3;0.03;none;1.00E-05;32;0.99;0.99;1.00E-08;0.025051055;-0.00039544;506;1.14
relu;(100, 100, 100, 50);0.3;0.03;l2;0.0001;64;0.99;0.999;1.00E-06;0.02505108;-0.00039643;504;1.49
relu;(50, 50, 50);0.1;0.001;none;0.0001;64;0.8;0.9;1.00E-08;0.02505119;-0.000400836;504;0.51
relu;(50, 50, 50);0;0.03;l1;0.0001;16;0.99;0.9;1.00E-06;0.025051219;-0.000401966;506;0.38
relu;(50, 50, 50);0.3;0.03;l2;0.0001;16;0.8;0.9;1.00E-08;0.025051254;-0.000403399;506;0.98
relu;(100, 50, 25);0;0.01;l1;0.01;16;0.99;0.99;1.00E-08;0.025051266;-0.000403849;506;0.38
relu;(50, 50, 50);0.3;0.01;l1;0.01;32;0.8;0.99;1.00E-06;0.025051409;-0.000409569;506;0.68
relu;(100, 50, 25);0.3;0.01;l2;0.0001;16;0.99;0.9;1.00E-06;0.025051424;-0.000410171;506;0.4
relu;(100, 100, 100, 50);0.3;0.03;l1;1.00E-05;64;0.99;0.9;1.00E-08;0.025051438;-0.000410745;504;1.6
relu;(100, 100, 100, 50);0.3;0.01;none;1.00E-05;32;0.8;0.999;1.00E-06;0.025051545;-0.000414984;506;0.81
relu;(50, 50, 50);0.1;0.001;none;0.0001;16;0.8;0.9;1.00E-06;0.025051653;-0.000419331;506;0.37
relu;(100, 100, 100, 50);0.1;0.03;l2;0.01;16;0.99;0.99;1.00E-06;0.025051676;-0.000420234;506;0.76
relu;(100, 100, 100, 50);0.3;0.03;l1;0.0001;64;0.99;0.999;1.00E-06;0.025051886;-0.000428613;504;2.37
relu;(100, 100, 100, 50);0.3;0.03;l1;0.0001;64;0.99;0.9;1.00E-08;0.02505206;-0.000435567;504;2.16
relu;(50, 50, 50);0.3;0.03;l1;1.00E-05;64;0.9;0.9;1.00E-08;0.025052063;-0.000435689;504;0.76
relu;(50, 50, 50);0.3;0.03;none;0.01;16;0.8;0.9;1.00E-08;0.025052088;-0.000436693;506;0.5
relu;(100, 100, 100, 50);0;0.01;l1;0.01;32;0.99;0.9;1.00E-08;0.025052298;-0.000445082;506;1.18
relu;(100, 50, 25);0.3;0.01;l2;0.0001;32;0.99;0.999;1.00E-08;0.025052332;-0.000446412;506;0.87
relu;(100, 50, 25);0.1;0.01;l1;0.01;32;0.8;0.999;1.00E-06;0.02505249;-0.000452758;506;1.24
relu;(100, 50, 25);0;0.01;l1;0.01;16;0.8;0.9;1.00E-06;0.025052523;-0.000454065;506;0.5
relu;(100, 100, 100, 50);0.3;0.03;none;0.01;64;0.9;0.999;1.00E-06;0.025052541;-0.000454765;504;1.61
relu;(100, 100, 100, 50);0.3;0.03;none;0.01;64;0.99;0.99;1.00E-08;0.025052584;-0.000456481;504;1.77
relu;(50, 50, 50);0.1;0.01;l1;0.01;64;0.9;0.99;1.00E-06;0.025052608;-0.000457467;504;0.75
relu;(50, 50, 50);0.1;0.001;l1;0.01;32;0.99;0.9;1.00E-06;0.025052946;-0.000470947;506;0.45
relu;(100, 100, 100, 50);0.3;0.01;none;0.01;16;0.8;0.9;1.00E-08;0.025053017;-0.000473791;506;0.81
relu;(100, 100, 100, 50);0.3;0.03;l2;1.00E-05;32;0.99;0.99;1.00E-08;0.025053033;-0.000474409;506;1.24
relu;(100, 50, 25);0;0.03;l1;0.01;64;0.9;0.99;1.00E-06;0.025053043;-0.000474838;504;0.41
relu;(100, 100, 100, 50);0.3;0.03;none;0.01;64;0.9;0.99;1.00E-06;0.025053196;-0.000480927;504;1.93
relu;(100, 50, 25);0.1;0.03;none;0.0001;32;0.99;0.99;1.00E-08;0.025053197;-0.000480992;506;0.91
relu;(50, 50, 50);0.3;0.03;l2;0.01;64;0.99;0.999;1.00E-06;0.025053214;-0.000481638;504;1.55
relu;(50, 50, 50);0.3;0.03;l2;0.0001;16;0.9;0.99;1.00E-08;0.025053251;-0.000483124;506;0.96
relu;(100, 50, 25);0.3;0.03;l2;0.01;64;0.99;0.999;1.00E-06;0.025053255;-0.000483303;504;1.26
relu;(50, 50, 50);0.3;0.03;l1;0.0001;32;0.99;0.99;1.00E-06;0.02505334;-0.000486703;506;0.83
relu;(50, 50, 50);0.3;0.01;l1;0.01;64;0.99;0.9;1.00E-08;0.025053348;-0.000486985;504;0.87
relu;(100, 50, 25);0.3;0.03;l2;0.01;32;0.99;0.99;1.00E-08;0.025053374;-0.000488061;506;1.11
relu;(100, 100, 100, 50);0.3;0.03;none;0.0001;64;0.99;0.999;1.00E-08;0.025053549;-0.000495019;504;0.96
relu;(100, 100, 100, 50);0.3;0.01;none;0.01;32;0.99;0.999;1.00E-08;0.02505364;-0.000498676;506;0.95
relu;(100, 50, 25);0.3;0.03;l2;1.00E-05;32;0.9;0.9;1.00E-08;0.025053695;-0.000500856;506;0.87
relu;(50, 50, 50);0.1;0.03;l1;0.01;16;0.8;0.999;1.00E-08;0.025053762;-0.000503542;506;0.75
relu;(50, 50, 50);0;0.03;l2;0.01;32;0.99;0.9;1.00E-08;0.025053861;-0.000507506;506;1.42
relu;(100, 50, 25);0.3;0.03;l1;0.0001;16;0.9;0.999;1.00E-06;0.025053962;-0.000511523;506;1.15
relu;(100, 50, 25);0.3;0.03;none;1.00E-05;16;0.8;0.9;1.00E-08;0.025053965;-0.000511632;506;0.89
relu;(100, 50, 25);0.1;0.001;l1;0.01;32;0.8;0.99;1.00E-08;0.025054;-0.000513057;506;1.12
relu;(100, 50, 25);0.3;0.01;l1;0.01;16;0.99;0.99;1.00E-06;0.025054152;-0.000519113;506;0.4
relu;(50, 50, 50);0.1;0.03;none;1.00E-05;64;0.99;0.9;1.00E-06;0.025054176;-0.000520068;504;0.79
relu;(100, 100, 100, 50);0;0.001;l2;0.0001;64;0.99;0.9;1.00E-06;0.025054198;-0.000520964;504;1.23
relu;(100, 50, 25);0.3;0.03;l1;1.00E-05;16;0.99;0.9;1.00E-08;0.025054219;-0.000521784;506;0.88
relu;(100, 50, 25);0.3;0.03;l2;1.00E-05;64;0.99;0.9;1.00E-08;0.025054221;-0.000521865;504;1.05
relu;(100, 100, 100, 50);0.3;0.03;none;0.0001;16;0.99;0.999;1.00E-06;0.025054235;-0.000522414;506;0.6
relu;(50, 50, 50);0.3;0.03;l2;0.0001;32;0.8;0.9;1.00E-08;0.025054263;-0.000523551;506;1.27
relu;(100, 50, 25);0.1;0.03;l2;0.01;64;0.99;0.9;1.00E-08;0.025054302;-0.000525101;504;0.53
relu;(50, 50, 50);0.3;0.001;none;0.01;32;0.99;0.9;1.00E-08;0.025054393;-0.000528716;506;0.73
relu;(100, 50, 25);0.3;0.03;none;0.01;16;0.8;0.9;1.00E-06;0.025054472;-0.000531881;506;0.67
relu;(100, 100, 100, 50);0.3;0.01;none;0.0001;32;0.8;0.999;1.00E-06;0.025054594;-0.000536753;506;0.63
relu;(100, 100, 100, 50);0.1;0.03;none;0.01;16;0.9;0.9;1.00E-06;0.025054821;-0.000545836;506;1.36
relu;(50, 50, 50);0.3;0.03;l1;0.0001;64;0.9;0.9;1.00E-08;0.025054838;-0.000546523;504;0.92
relu;(100, 50, 25);0.1;0.01;l2;0.0001;32;0.99;0.9;1.00E-08;0.025054844;-0.000546744;506;0.98
relu;(100, 100, 100, 50);0.1;0.01;l1;0.01;64;0.8;0.99;1.00E-08;0.025054929;-0.000550139;504;1.93
relu;(50, 50, 50);0.3;0.01;l1;0.01;64;0.8;0.9;1.00E-08;0.025054975;-0.000551994;504;0.78
relu;(100, 100, 100, 50);0.3;0.03;l2;0.0001;32;0.99;0.99;1.00E-06;0.025054983;-0.000552289;506;1.16
relu;(100, 50, 25);0.1;0.03;l2;1.00E-05;64;0.99;0.9;1.00E-06;0.025055013;-0.000553484;504;0.97
relu;(100, 50, 25);0.3;0.01;l1;1.00E-05;64;0.99;0.9;1.00E-06;0.025055041;-0.000554596;504;0.52
relu;(100, 100, 100, 50);0.1;0.03;none;0.01;16;0.99;0.99;1.00E-08;0.025055125;-0.000557987;506;1.36
relu;(50, 50, 50);0.3;0.03;none;0.01;64;0.8;0.9;1.00E-06;0.02505513;-0.00055818;504;0.92
relu;(100, 100, 100, 50);0.3;0.03;none;1.00E-05;64;0.99;0.999;1.00E-08;0.025055139;-0.000558538;504;1.26
relu;(100, 100, 100, 50);0.1;0.03;l1;0.01;16;0.99;0.99;1.00E-08;0.025055173;-0.000559897;506;0.71
relu;(100, 50, 25);0.3;0.03;none;0.0001;32;0.9;0.99;1.00E-06;0.025055205;-0.000561161;506;0.97
relu;(100, 50, 25);0.3;0.001;l1;0.01;64;0.9;0.99;1.00E-08;0.025055253;-0.000563083;504;0.52
relu;(50, 50, 50);0;0.01;none;1.00E-05;16;0.99;0.9;1.00E-06;0.025055461;-0.000571367;506;0.37
relu;(50, 50, 50);0.3;0.03;l1;1.00E-05;32;0.8;0.99;1.00E-08;0.025055629;-0.000578112;506;0.62
relu;(100, 100, 100, 50);0;0.01;l1;0.01;64;0.8;0.99;1.00E-06;0.025055748;-0.000582858;504;1.34
relu;(100, 50, 25);0;0.03;l1;0.01;32;0.8;0.99;1.00E-06;0.02505587;-0.000587708;506;0.34
relu;(50, 50, 50);0.3;0.03;l1;1.00E-05;16;0.9;0.999;1.00E-08;0.025055925;-0.000589916;506;0.59
relu;(100, 100, 100, 50);0.3;0.01;l2;1.00E-05;16;0.9;0.9;1.00E-08;0.025055962;-0.000591388;506;0.71
relu;(50, 50, 50);0;0.01;l1;1.00E-05;16;0.99;0.999;1.00E-06;0.025056201;-0.000600919;506;0.47
relu;(100, 100, 100, 50);0.3;0.01;none;1.00E-05;16;0.8;0.99;1.00E-06;0.025056273;-0.000603814;506;0.88
relu;(100, 100, 100, 50);0.3;0.01;none;0.0001;16;0.9;0.9;1.00E-08;0.025056368;-0.000607593;506;0.88
relu;(50, 50, 50);0.1;0.03;l1;0.01;32;0.9;0.99;1.00E-06;0.025056443;-0.000610584;506;0.6
relu;(100, 100, 100, 50);0.3;0.03;l1;0.0001;16;0.8;0.99;1.00E-06;0.025056455;-0.000611066;506;1.21
relu;(100, 50, 25);0.3;0.03;l1;1.00E-05;64;0.9;0.999;1.00E-06;0.025056575;-0.000615861;504;1.21
relu;(100, 50, 25);0.3;0.01;none;0.0001;16;0.8;0.9;1.00E-06;0.025056594;-0.000616643;506;0.34
relu;(50, 50, 50);0.1;0.03;l2;0.01;32;0.99;0.999;1.00E-08;0.025056684;-0.000620209;506;0.64
relu;(100, 50, 25);0.3;0.03;l1;0.01;64;0.8;0.999;1.00E-06;0.025056777;-0.000623931;504;1.09
relu;(100, 50, 25);0.1;0.03;l1;0.01;64;0.8;0.999;1.00E-08;0.025057079;-0.000635989;504;1.12
relu;(100, 50, 25);0.3;0.03;l2;0.01;32;0.8;0.9;1.00E-06;0.025057103;-0.000636952;506;1.03
relu;(100, 50, 25);0.3;0.03;l2;1.00E-05;16;0.9;0.99;1.00E-08;0.025057145;-0.000638648;506;0.9
relu;(50, 50, 50);0.3;0.03;l1;1.00E-05;16;0.8;0.9;1.00E-08;0.02505723;-0.000642013;506;0.73
relu;(100, 100, 100, 50);0.3;0.03;l1;1.00E-05;64;0.99;0.999;1.00E-08;0.025057326;-0.00064586;504;1.61
relu;(100, 50, 25);0.1;0.03;l1;0.01;64;0.9;0.99;1.00E-06;0.025057457;-0.000651096;504;1.18
relu;(100, 100, 100, 50);0.3;0.01;l2;0.0001;16;0.8;0.9;1.00E-08;0.025057484;-0.00065218;506;0.87
relu;(50, 50, 50);0.3;0.03;none;0.0001;16;0.99;0.9;1.00E-06;0.0250575;-0.000652816;506;0.62
relu;(100, 50, 25);0.1;0.03;none;1.00E-05;32;0.99;0.999;1.00E-08;0.025057534;-0.000654176;506;1.07
relu;(100, 100, 100, 50);0.1;0.01;l1;0.01;16;0.8;0.99;1.00E-06;0.025057653;-0.000658918;506;1.62
relu;(100, 50, 25);0.1;0.03;l2;0.0001;16;0.99;0.999;1.00E-06;0.025057666;-0.000659453;506;0.77
relu;(100, 100, 100, 50);0.3;0.03;l2;1.00E-05;64;0.99;0.9;1.00E-08;0.025057757;-0.000663094;504;1.43
relu;(100, 100, 100, 50);0.3;0.01;none;0.01;64;0.9;0.9;1.00E-08;0.025057882;-0.000668063;504;1.03
relu;(50, 50, 50);0.3;0.03;none;0.0001;32;0.99;0.999;1.00E-08;0.025057903;-0.000668904;506;0.54
relu;(100, 100, 100, 50);0.3;0.001;none;0.0001;32;0.8;0.9;1.00E-08;0.025057914;-0.000669336;506;1.16
relu;(100, 100, 100, 50);0.3;0.03;l1;1.00E-05;32;0.99;0.99;1.00E-06;0.02505799;-0.000672398;506;1.12
relu;(50, 50, 50);0;0.03;l1;1.00E-05;32;0.99;0.9;1.00E-06;0.025058195;-0.000680575;506;0.42
relu;(100, 50, 25);0.1;0.03;none;1.00E-05;16;0.9;0.99;1.00E-06;0.025058471;-0.000691569;506;1.04
relu;(100, 100, 100, 50);0;0.01;l1;0.01;64;0.9;0.9;1.00E-06;0.025058603;-0.000696858;504;1.45
relu;(100, 50, 25);0.1;0.03;l2;1.00E-05;16;0.9;0.99;1.00E-06;0.025058782;-0.000704021;506;0.79
relu;(100, 100, 100, 50);0.1;0.03;l2;0.01;16;0.9;0.99;1.00E-06;0.02505879;-0.000704312;506;0.6
relu;(100, 100, 100, 50);0.3;0.03;l2;1.00E-05;32;0.99;0.999;1.00E-08;0.025058912;-0.000709202;506;1.41
relu;(100, 100, 100, 50);0;0.01;l1;0.01;64;0.9;0.99;1.00E-08;0.025059083;-0.000716036;504;1.51
relu;(100, 50, 25);0.3;0.03;l1;0.0001;16;0.99;0.9;1.00E-06;0.025059083;-0.000716046;506;1.29
relu;(100, 100, 100, 50);0.3;0.03;l2;1.00E-05;16;0.9;0.99;1.00E-06;0.025059147;-0.000718566;506;1.18
relu;(100, 50, 25);0;0.03;l1;0.01;64;0.9;0.9;1.00E-06;0.02505924;-0.000722285;504;0.43
relu;(50, 50, 50);0.1;0.03;l2;0.0001;32;0.99;0.9;1.00E-08;0.025059284;-0.000724058;506;0.69
relu;(100, 100, 100, 50);0.3;0.03;none;0.0001;64;0.99;0.9;1.00E-06;0.025059354;-0.000726864;504;1.11
relu;(100, 50, 25);0.1;0.03;none;0.01;64;0.99;0.999;1.00E-06;0.025059384;-0.000728047;504;1.06
relu;(100, 100, 100, 50);0.1;0.03;l1;0.01;64;0.8;0.999;1.00E-06;0.025059395;-0.000728479;504;1.07
relu;(50, 50, 50);0.1;0.03;l2;0.0001;64;0.99;0.99;1.00E-06;0.025059397;-0.000728586;504;0.77
relu;(50, 50, 50);0.1;0.03;l2;0.01;32;0.9;0.99;1.00E-08;0.025059514;-0.000733229;506;0.63
relu;(50, 50, 50);0.3;0.03;l1;0.01;32;0.9;0.99;1.00E-06;0.025059621;-0.000737521;506;1.53
relu;(50, 50, 50);0.3;0.03;none;1.00E-05;64;0.8;0.9;1.00E-08;0.025059788;-0.000744187;504;0.85
relu;(100, 50, 25);0.3;0.03;none;0.0001;16;0.8;0.999;1.00E-08;0.025059942;-0.000750335;506;1
relu;(100, 50, 25);0.1;0.01;l1;0.01;64;0.8;0.99;1.00E-08;0.025059973;-0.000751553;504;1.17
relu;(100, 50, 25);0.3;0.03;none;0.0001;32;0.99;0.99;1.00E-08;0.025060011;-0.000753103;506;0.86
relu;(100, 50, 25);0.3;0.03;l2;0.0001;32;0.99;0.9;1.00E-08;0.02506009;-0.000756261;506;1.2
relu;(50, 50, 50);0.1;0.03;l2;1.00E-05;64;0.99;0.99;1.00E-06;0.025060093;-0.000756354;504;0.67
relu;(100, 100, 100, 50);0.3;0.01;l2;1.00E-05;16;0.99;0.9;1.00E-08;0.025060158;-0.000758953;506;0.63
relu;(100, 50, 25);0.3;0.01;none;1.00E-05;32;0.8;0.9;1.00E-08;0.025060187;-0.000760111;506;0.41
relu;(50, 50, 50);0.3;0.03;none;1.00E-05;16;0.9;0.999;1.00E-08;0.02506032;-0.000765424;506;0.65
relu;(50, 50, 50);0;0.03;l1;0.01;32;0.8;0.99;1.00E-08;0.025060389;-0.000768176;506;0.43
relu;(50, 50, 50);0;0.01;l1;0.01;32;0.9;0.999;1.00E-06;0.025060398;-0.000768559;506;0.38
relu;(100, 100, 100, 50);0.1;0.03;l1;0.01;16;0.8;0.9;1.00E-08;0.025060425;-0.000769627;506;0.93
relu;(100, 100, 100, 50);0.3;0.03;none;0.0001;32;0.99;0.9;1.00E-06;0.025060523;-0.000773544;506;0.64
relu;(100, 100, 100, 50);0.3;0.03;l1;1.00E-05;32;0.9;0.9;1.00E-06;0.025060556;-0.000774843;506;1.29
relu;(100, 100, 100, 50);0.3;0.03;none;0.01;16;0.99;0.99;1.00E-08;0.025060591;-0.000776249;506;0.61
relu;(50, 50, 50);0.3;0.03;l1;0.01;16;0.8;0.99;1.00E-08;0.025060875;-0.000787576;506;1.61
relu;(100, 50, 25);0.1;0.03;l2;0.01;16;0.9;0.9;1.00E-08;0.025060963;-0.000791119;506;0.89
relu;(100, 50, 25);0.1;0.01;l1;0.01;32;0.9;0.9;1.00E-06;0.02506101;-0.000792967;506;1.14
relu;(100, 100, 100, 50);0.3;0.03;l1;0.01;16;0.8;0.9;1.00E-08;0.025061029;-0.000793739;506;1.91
relu;(100, 100, 100, 50);0.3;0.03;l1;1.00E-05;64;0.99;0.99;1.00E-06;0.025061196;-0.000800407;504;1.59
relu;(50, 50, 50);0.3;0.01;none;1.00E-05;32;0.99;0.99;1.00E-08;0.025061391;-0.000808209;506;0.66
relu;(100, 50, 25);0;0.01;l1;0.01;16;0.9;0.999;1.00E-06;0.025061418;-0.000809276;506;0.37
relu;(50, 50, 50);0.3;0.01;l1;0.01;32;0.99;0.999;1.00E-08;0.025061712;-0.000821002;506;0.64
relu;(100, 50, 25);0;0.03;l1;0.01;16;0.99;0.99;1.00E-08;0.025061721;-0.000821379;506;0.32
relu;(100, 100, 100, 50);0.3;0.001;l1;0.01;64;0.99;0.9;1.00E-06;0.025061729;-0.000821702;504;1.26
relu;(50, 50, 50);0.3;0.03;l1;0.0001;16;0.99;0.99;1.00E-08;0.025061729;-0.000821705;506;0.69
relu;(50, 50, 50);0.3;0.03;l2;0.01;64;0.8;0.999;1.00E-06;0.025061797;-0.000824418;504;1.69
relu;(100, 100, 100, 50);0.3;0.03;l1;1.00E-05;64;0.9;0.9;1.00E-08;0.02506181;-0.000824913;504;1.48
relu;(50, 50, 50);0.1;0.03;l1;0.0001;16;0.99;0.99;1.00E-06;0.025061911;-0.00082897;506;0.68
relu;(50, 50, 50);0.3;0.03;l1;0.01;16;0.8;0.99;1.00E-06;0.025061914;-0.000829084;506;1.62
relu;(100, 100, 100, 50);0.1;0.03;l2;1.00E-05;32;0.9;0.99;1.00E-08;0.025061955;-0.000830726;506;0.78
relu;(100, 50, 25);0.3;0.001;l1;0.0001;32;0.8;0.99;1.00E-08;0.025062221;-0.000841327;506;0.45
relu;(100, 100, 100, 50);0.3;0.03;l2;1.00E-05;32;0.99;0.999;1.00E-06;0.025062229;-0.000841667;506;0.89
relu;(100, 50, 25);0;0.001;none;0.0001;16;0.99;0.9;1.00E-08;0.025062338;-0.000845999;506;1.39
relu;(50, 50, 50);0.3;0.03;l1;1.00E-05;64;0.99;0.9;1.00E-08;0.025062357;-0.00084676;504;0.9
relu;(50, 50, 50);0;0.001;l1;1.00E-05;64;0.9;0.99;1.00E-08;0.02506248;-0.000851674;504;1.26
relu;(100, 100, 100, 50);0.3;0.01;none;1.00E-05;16;0.8;0.99;1.00E-08;0.025062521;-0.000853327;506;0.95
relu;(100, 100, 100, 50);0.3;0.01;l1;1.00E-05;64;0.9;0.9;1.00E-08;0.025062543;-0.000854182;504;1.07
relu;(50, 50, 50);0.3;0.01;l1;1.00E-05;16;0.99;0.9;1.00E-06;0.02506258;-0.000855662;506;0.67
relu;(50, 50, 50);0.3;0.03;l2;0.01;16;0.8;0.9;1.00E-08;0.025062684;-0.000859841;506;0.49
relu;(100, 100, 100, 50);0.3;0.001;l1;0.01;32;0.99;0.9;1.00E-06;0.025062842;-0.000866142;506;0.8
relu;(100, 100, 100, 50);0.1;0.03;l1;1.00E-05;16;0.99;0.99;1.00E-06;0.025062999;-0.000872417;506;2
relu;(100, 50, 25);0.3;0.03;l2;0.01;64;0.8;0.99;1.00E-08;0.025063093;-0.000876167;504;1.32
relu;(100, 100, 100, 50);0;0.01;l1;0.01;64;0.99;0.99;1.00E-06;0.025063148;-0.000878379;504;1.35
relu;(100, 50, 25);0.1;0.001;l1;0.01;32;0.99;0.99;1.00E-08;0.025063224;-0.000881379;506;1.06
relu;(100, 100, 100, 50);0.3;0.001;l1;1.00E-05;64;0.9;0.99;1.00E-08;0.025063265;-0.000883029;504;1
relu;(100, 100, 100, 50);0;0.01;l2;0.01;16;0.99;0.99;1.00E-06;0.025063331;-0.000885686;506;1.18
relu;(50, 50, 50);0.1;0.03;none;0.0001;16;0.99;0.9;1.00E-06;0.025063402;-0.000888522;506;0.68
relu;(100, 100, 100, 50);0.1;0.03;none;0.01;64;0.99;0.999;1.00E-08;0.025063407;-0.000888717;504;1.72
relu;(100, 100, 100, 50);0.3;0.03;l1;1.00E-05;16;0.9;0.9;1.00E-06;0.02506346;-0.000890834;506;1.29
relu;(50, 50, 50);0.3;0.03;l2;0.01;64;0.9;0.999;1.00E-06;0.02506346;-0.000890838;504;1.64
relu;(100, 50, 25);0.3;0.03;none;1.00E-05;32;0.99;0.999;1.00E-08;0.02506361;-0.000896816;506;1.1
relu;(50, 50, 50);0.3;0.01;none;1.00E-05;16;0.8;0.9;1.00E-08;0.025063622;-0.000897281;506;0.61
relu;(100, 50, 25);0;0.03;l1;0.01;32;0.8;0.9;1.00E-08;0.025063639;-0.000897959;506;0.37
relu;(100, 50, 25);0.3;0.01;l1;0.0001;16;0.99;0.9;1.00E-06;0.025063785;-0.000903799;506;0.39
relu;(50, 50, 50);0.1;0.03;none;0.01;64;0.99;0.99;1.00E-08;0.025063897;-0.000908277;504;0.59
relu;(100, 100, 100, 50);0.3;0.03;l1;0.01;64;0.99;0.9;1.00E-06;0.025064042;-0.000914079;504;2.11
relu;(50, 50, 50);0;0.01;l1;0.01;64;0.9;0.99;1.00E-08;0.025064087;-0.000915855;504;0.47
relu;(100, 100, 100, 50);0.3;0.03;l2;0.01;32;0.99;0.99;1.00E-06;0.025064095;-0.000916171;506;1.22
relu;(100, 100, 100, 50);0.3;0.03;l1;0.01;16;0.99;0.999;1.00E-08;0.025064191;-0.000920006;506;0.75
relu;(50, 50, 50);0.3;0.03;none;0.01;64;0.9;0.99;1.00E-08;0.025064202;-0.000920441;504;0.72
relu;(50, 50, 50);0;0.01;l1;0.01;64;0.8;0.999;1.00E-06;0.025064273;-0.0009233;504;0.45
relu;(50, 50, 50);0;0.001;l1;0.01;32;0.9;0.999;1.00E-08;0.025064286;-0.000923815;506;0.46
relu;(100, 50, 25);0.3;0.03;l1;0.0001;64;0.9;0.9;1.00E-08;0.025064355;-0.000926563;504;1.62
relu;(100, 100, 100, 50);0.3;0.03;l1;0.0001;32;0.8;0.999;1.00E-08;0.025064369;-0.000927119;506;1.79
relu;(50, 50, 50);0.3;0.03;none;1.00E-05;32;0.99;0.999;1.00E-06;0.025064436;-0.000929788;506;0.56
relu;(50, 50, 50);0;0.01;l1;0.01;64;0.99;0.999;1.00E-06;0.025064462;-0.000930843;504;0.45
relu;(100, 100, 100, 50);0.1;0.03;none;1.00E-05;64;0.99;0.99;1.00E-06;0.025064706;-0.000940561;504;1.73
relu;(50, 50, 50);0.3;0.001;l2;0.01;64;0.9;0.999;1.00E-06;0.025064925;-0.00094933;504;0.73
relu;(100, 50, 25);0.3;0.03;none;0.01;64;0.9;0.999;1.00E-06;0.025065566;-0.000974932;504;0.9
relu;(100, 50, 25);0.3;0.01;l2;0.01;64;0.99;0.9;1.00E-06;0.02506574;-0.000981875;504;1.14
relu;(50, 50, 50);0.1;0.01;l1;0.01;16;0.8;0.99;1.00E-06;0.025065751;-0.000982294;506;0.59
relu;(50, 50, 50);0.3;0.01;none;0.01;64;0.9;0.9;1.00E-06;0.02506605;-0.000994235;504;0.82
relu;(50, 50, 50);0;0.001;l1;0.01;32;0.99;0.9;1.00E-08;0.02506627;-0.001003041;506;0.43
relu;(100, 50, 25);0.1;0.01;l1;0.01;16;0.8;0.9;1.00E-06;0.025066373;-0.001007155;506;1.12
relu;(100, 50, 25);0.1;0.01;l1;0.01;64;0.99;0.999;1.00E-08;0.025066418;-0.001008955;504;1.19
relu;(100, 50, 25);0.1;0.001;l1;0.01;64;0.99;0.99;1.00E-06;0.025066529;-0.001013361;504;1.04
relu;(100, 50, 25);0.3;0.03;none;0.0001;64;0.99;0.9;1.00E-06;0.025066636;-0.001017647;504;0.9
relu;(100, 100, 100, 50);0;0.01;l1;0.01;16;0.8;0.999;1.00E-06;0.02506673;-0.0010214;506;1.32
relu;(100, 100, 100, 50);0.1;0.001;l2;1.00E-05;16;0.8;0.9;1.00E-06;0.025066815;-0.001024809;506;1.48
relu;(100, 100, 100, 50);0.1;0.03;l1;0.01;64;0.99;0.99;1.00E-06;0.025066974;-0.001031157;504;1.03
relu;(100, 50, 25);0.3;0.03;l2;0.0001;32;0.9;0.9;1.00E-08;0.025067093;-0.001035909;506;0.97
relu;(50, 50, 50);0;0.01;l1;0.01;16;0.9;0.99;1.00E-06;0.025067108;-0.001036497;506;0.36
relu;(100, 100, 100, 50);0.3;0.03;none;1.00E-05;16;0.9;0.99;1.00E-06;0.025067507;-0.001052416;506;0.71
relu;(100, 100, 100, 50);0.1;0.001;l1;1.00E-05;64;0.9;0.9;1.00E-08;0.025067532;-0.001053421;504;1.68
relu;(100, 100, 100, 50);0.3;0.03;l1;1.00E-05;32;0.9;0.9;1.00E-08;0.025067626;-0.001057198;506;1.35
relu;(100, 100, 100, 50);0.3;0.01;l1;1.00E-05;16;0.99;0.99;1.00E-06;0.025067709;-0.001060503;506;0.72
relu;(100, 100, 100, 50);0.1;0.03;none;0.01;32;0.9;0.999;1.00E-06;0.025067722;-0.001061014;506;1.46
relu;(50, 50, 50);0.3;0.01;l2;1.00E-05;64;0.99;0.999;1.00E-06;0.025067771;-0.001062973;504;0.77
relu;(100, 50, 25);0.1;0.01;l1;0.01;16;0.99;0.99;1.00E-08;0.025067933;-0.001069462;506;1.07
relu;(100, 50, 25);0.3;0.03;l1;0.0001;64;0.99;0.999;1.00E-08;0.025068048;-0.001074025;504;1.31
relu;(100, 50, 25);0.3;0.01;l1;0.01;64;0.9;0.9;1.00E-06;0.025068055;-0.001074325;504;0.7
relu;(100, 100, 100, 50);0.3;0.03;none;0.01;32;0.99;0.999;1.00E-08;0.025068115;-0.001076697;506;0.89
relu;(50, 50, 50);0.3;0.03;none;0.0001;64;0.9;0.99;1.00E-08;0.025068137;-0.00107758;504;0.7
relu;(100, 100, 100, 50);0.3;0.03;l2;1.00E-05;32;0.9;0.999;1.00E-06;0.025068298;-0.001084026;506;0.83
relu;(50, 50, 50);0.3;0.03;l1;0.0001;32;0.8;0.9;1.00E-08;0.025068578;-0.001095205;506;0.82
relu;(100, 100, 100, 50);0.3;0.01;none;1.00E-05;16;0.99;0.99;1.00E-06;0.025068605;-0.00109627;506;0.8
relu;(100, 100, 100, 50);0.3;0.03;l2;0.0001;32;0.9;0.99;1.00E-08;0.025068654;-0.001098241;506;1.19
relu;(50, 50, 50);0.3;0.03;l2;0.0001;32;0.9;0.999;1.00E-08;0.025068752;-0.001102139;506;0.96
relu;(100, 100, 100, 50);0;0.03;l2;0.01;16;0.8;0.99;1.00E-06;0.025068866;-0.001106703;506;1.1
relu;(100, 50, 25);0;0.03;l1;0.01;16;0.99;0.99;1.00E-06;0.02506902;-0.001112869;506;0.35
relu;(100, 100, 100, 50);0.3;0.03;none;0.01;32;0.9;0.9;1.00E-06;0.025069111;-0.001116498;506;0.69
relu;(100, 50, 25);0;0.01;l1;0.01;16;0.9;0.99;1.00E-08;0.025069166;-0.001118682;506;0.4
relu;(100, 100, 100, 50);0;0.01;l2;0.01;16;0.9;0.99;1.00E-08;0.025069268;-0.001122773;506;1.16
relu;(50, 50, 50);0;0.03;l2;0.0001;32;0.9;0.9;1.00E-06;0.025069295;-0.001123835;506;0.87
relu;(100, 100, 100, 50);0.3;0.01;none;0.01;64;0.99;0.9;1.00E-08;0.025069318;-0.001124752;504;1.03
relu;(50, 50, 50);0.3;0.01;l1;0.01;16;0.9;0.9;1.00E-08;0.025069407;-0.001128303;506;0.78
relu;(100, 100, 100, 50);0.1;0.001;l1;0.01;64;0.99;0.9;1.00E-08;0.025069486;-0.001131475;504;2.14
relu;(100, 100, 100, 50);0.3;0.03;l2;1.00E-05;32;0.99;0.99;1.00E-06;0.025069512;-0.001132487;506;1.12
relu;(100, 100, 100, 50);0.1;0.01;l1;0.01;16;0.99;0.99;1.00E-08;0.025069557;-0.001134293;506;2.84
relu;(50, 50, 50);0;0.03;l2;1.00E-05;64;0.99;0.9;1.00E-06;0.02506957;-0.001134822;504;1.22
relu;(50, 50, 50);0.3;0.03;l1;1.00E-05;64;0.9;0.99;1.00E-06;0.025069575;-0.001135024;504;0.65
relu;(100, 50, 25);0.3;0.03;none;1.00E-05;32;0.8;0.99;1.00E-08;0.025069584;-0.001135388;506;1.05
relu;(100, 100, 100, 50);0.3;0.01;l1;1.00E-05;32;0.8;0.99;1.00E-08;0.025069673;-0.001138917;506;0.9
relu;(100, 50, 25);0.3;0.001;l2;0.01;32;0.99;0.9;1.00E-08;0.02506969;-0.001139621;506;0.37
relu;(100, 100, 100, 50);0.3;0.03;none;0.01;64;0.9;0.9;1.00E-08;0.025069754;-0.00114218;504;1.95
relu;(100, 100, 100, 50);0.3;0.01;l2;1.00E-05;32;0.8;0.999;1.00E-06;0.025069843;-0.00114574;506;0.78
relu;(50, 50, 50);0.3;0.03;l2;0.0001;32;0.9;0.99;1.00E-08;0.025069874;-0.001146941;506;1.04
relu;(100, 100, 100, 50);0.3;0.03;none;1.00E-05;32;0.9;0.99;1.00E-08;0.025069948;-0.001149908;506;0.73
relu;(50, 50, 50);0;0.03;none;0.0001;64;0.9;0.9;1.00E-08;0.025070109;-0.001156362;504;0.39
relu;(100, 50, 25);0.3;0.01;none;0.0001;32;0.8;0.9;1.00E-08;0.025070202;-0.001160058;506;0.37
relu;(100, 100, 100, 50);0.1;0.03;l2;0.0001;32;0.99;0.9;1.00E-06;0.025070294;-0.001163749;506;0.81
relu;(50, 50, 50);0.3;0.01;l1;0.01;64;0.8;0.999;1.00E-06;0.025070466;-0.001170594;504;0.63
relu;(50, 50, 50);0;0.01;none;0.0001;64;0.8;0.9;1.00E-06;0.025070474;-0.001170914;504;0.38
relu;(100, 50, 25);0.3;0.03;none;1.00E-05;32;0.99;0.9;1.00E-08;0.025070512;-0.001172446;506;1.06
relu;(100, 50, 25);0.3;0.001;none;1.00E-05;16;0.9;0.99;1.00E-08;0.025070683;-0.001179262;506;0.49
relu;(100, 100, 100, 50);0.3;0.03;l1;1.00E-05;16;0.8;0.999;1.00E-06;0.025070737;-0.001181437;506;1.46
relu;(100, 100, 100, 50);0;0.01;l1;0.01;32;0.8;0.99;1.00E-08;0.025070854;-0.001186091;506;1.19
relu;(100, 100, 100, 50);0.3;0.01;l1;0.01;16;0.9;0.99;1.00E-08;0.025070866;-0.001186579;506;0.84
relu;(50, 50, 50);0.3;0.03;l2;1.00E-05;64;0.99;0.99;1.00E-08;0.025071125;-0.001196898;504;1.1
relu;(100, 100, 100, 50);0.1;0.01;l1;0.01;16;0.8;0.99;1.00E-08;0.025071263;-0.001202425;506;1.58
relu;(100, 100, 100, 50);0;0.03;none;0.01;64;0.99;0.9;1.00E-06;0.025071383;-0.001207224;504;1.51
relu;(100, 50, 25);0.3;0.01;l1;0.01;32;0.8;0.99;1.00E-06;0.025071477;-0.001210988;506;0.47
relu;(100, 50, 25);0.3;0.03;l1;0.01;32;0.9;0.9;1.00E-08;0.025071486;-0.001211334;506;1.47
relu;(100, 100, 100, 50);0.3;0.01;l1;0.01;32;0.9;0.9;1.00E-06;0.02507152;-0.001212708;506;0.78
relu;(100, 50, 25);0.3;0.01;none;0.0001;16;0.8;0.9;1.00E-08;0.025071585;-0.001215283;506;0.33
relu;(50, 50, 50);0.3;0.01;none;1.00E-05;32;0.9;0.9;1.00E-08;0.025071726;-0.001220936;506;0.54
relu;(100, 100, 100, 50);0.3;0.01;l1;0.01;32;0.99;0.99;1.00E-06;0.025071935;-0.001229281;506;0.91
relu;(100, 50, 25);0.3;0.03;none;1.00E-05;16;0.99;0.9;1.00E-08;0.025071985;-0.001231275;506;0.97
relu;(100, 50, 25);0.3;0.03;l1;0.01;32;0.8;0.99;1.00E-06;0.025072085;-0.001235264;506;1.3
relu;(100, 100, 100, 50);0.3;0.03;l2;1.00E-05;16;0.8;0.9;1.00E-06;0.025072131;-0.001237087;506;1.17
relu;(100, 50, 25);0.1;0.001;none;0.01;32;0.99;0.9;1.00E-06;0.025072133;-0.001237165;506;0.93
relu;(100, 50, 25);0.1;0.01;l1;0.01;32;0.8;0.99;1.00E-06;0.025072174;-0.001238799;506;1.34
relu;(50, 50, 50);0.3;0.03;l1;0.0001;16;0.8;0.99;1.00E-06;0.025072227;-0.001240935;506;0.66
relu;(100, 50, 25);0.3;0.03;l1;1.00E-05;32;0.9;0.9;1.00E-06;0.025072287;-0.001243323;506;1.36
relu;(100, 100, 100, 50);0.3;0.01;l2;1.00E-05;64;0.9;0.999;1.00E-08;0.025072504;-0.001252;504;1.1
relu;(100, 50, 25);0.1;0.001;none;0.01;64;0.99;0.9;1.00E-06;0.025073045;-0.001273577;504;1.05
relu;(100, 100, 100, 50);0.3;0.03;l1;1.00E-05;16;0.99;0.9;1.00E-08;0.025073101;-0.001275831;506;1.4
relu;(50, 50, 50);0.3;0.03;none;0.0001;64;0.99;0.99;1.00E-06;0.025073607;-0.001296051;504;0.82
relu;(100, 100, 100, 50);0.3;0.01;l2;1.00E-05;32;0.9;0.9;1.00E-08;0.025073647;-0.001297636;506;1.12
relu;(50, 50, 50);0.3;0.03;l2;1.00E-05;32;0.99;0.9;1.00E-06;0.025073689;-0.001299299;506;0.96
relu;(50, 50, 50);0.3;0.01;l1;0.01;32;0.8;0.9;1.00E-08;0.0250737;-0.001299728;506;0.62
relu;(50, 50, 50);0.1;0.001;none;0.01;32;0.8;0.9;1.00E-08;0.025073709;-0.001300104;506;0.41
relu;(100, 100, 100, 50);0.3;0.03;l1;1.00E-05;32;0.9;0.999;1.00E-06;0.025073938;-0.001309267;506;1.26
relu;(100, 100, 100, 50);0.1;0.01;l1;0.01;16;0.99;0.999;1.00E-06;0.025074056;-0.001313976;506;2.98
relu;(100, 50, 25);0.3;0.03;none;0.01;32;0.99;0.99;1.00E-06;0.025074126;-0.001316763;506;0.79
relu;(50, 50, 50);0;0.001;l1;0.01;16;0.8;0.9;1.00E-06;0.025074171;-0.001318553;506;0.82
relu;(100, 50, 25);0.3;0.001;l1;0.01;16;0.99;0.9;1.00E-08;0.025074258;-0.001322033;506;0.38
relu;(50, 50, 50);0.3;0.03;l2;0.01;32;0.9;0.99;1.00E-06;0.025074296;-0.001323529;506;1.03
relu;(100, 50, 25);0.1;0.03;none;0.01;32;0.99;0.9;1.00E-08;0.025074299;-0.001323669;506;0.83
relu;(100, 50, 25);0;0.001;none;1.00E-05;64;0.9;0.99;1.00E-06;0.025074309;-0.001324056;504;1.74
relu;(100, 50, 25);0.3;0.001;l2;0.01;32;0.9;0.9;1.00E-08;0.025074367;-0.001326402;506;0.38
relu;(50, 50, 50);0.1;0.03;l1;0.01;64;0.9;0.99;1.00E-08;0.025074466;-0.001330355;504;0.87
relu;(50, 50, 50);0;0.001;l1;0.01;64;0.99;0.9;1.00E-08;0.025074513;-0.001332205;504;0.44
relu;(100, 50, 25);0.3;0.01;l1;0.01;64;0.99;0.9;1.00E-08;0.025074579;-0.001334853;504;0.59
relu;(100, 100, 100, 50);0.3;0.03;l1;0.0001;16;0.99;0.99;1.00E-06;0.025074583;-0.001335019;506;1.09
relu;(100, 50, 25);0;0.001;l1;0.01;32;0.8;0.9;1.00E-08;0.025074608;-0.001336013;506;0.99
relu;(50, 50, 50);0.3;0.03;l2;1.00E-05;32;0.99;0.999;1.00E-08;0.025074782;-0.001342944;506;1.56
relu;(100, 100, 100, 50);0.3;0.01;l1;0.01;64;0.99;0.999;1.00E-06;0.025074836;-0.001345093;504;1.12
relu;(100, 100, 100, 50);0.3;0.01;l2;0.0001;64;0.8;0.999;1.00E-08;0.025075007;-0.00135196;504;0.95
relu;(100, 50, 25);0;0.03;l1;0.01;16;0.9;0.99;1.00E-06;0.025075291;-0.001363273;506;0.36
relu;(100, 50, 25);0.1;0.01;l2;0.0001;16;0.9;0.99;1.00E-06;0.025075299;-0.001363605;506;0.76
relu;(50, 50, 50);0.3;0.03;l1;1.00E-05;32;0.8;0.999;1.00E-06;0.025075299;-0.001363614;506;0.65
relu;(100, 100, 100, 50);0.1;0.03;l2;0.01;64;0.9;0.99;1.00E-08;0.025075456;-0.001369877;504;1.41
relu;(100, 100, 100, 50);0.3;0.03;l2;0.01;64;0.99;0.9;1.00E-08;0.025075486;-0.001371083;504;1.81
relu;(50, 50, 50);0.1;0.001;l2;0.0001;16;0.8;0.999;1.00E-08;0.025075609;-0.001375982;506;0.39
relu;(100, 100, 100, 50);0.1;0.001;l1;0.01;16;0.99;0.9;1.00E-08;0.025075995;-0.001391405;506;1.72
relu;(50, 50, 50);0.3;0.03;none;0.0001;16;0.99;0.999;1.00E-06;0.025075998;-0.001391528;506;0.67
relu;(100, 100, 100, 50);0.1;0.03;l1;1.00E-05;32;0.9;0.99;1.00E-08;0.025076035;-0.001392985;506;1.93
relu;(100, 50, 25);0.3;0.03;none;1.00E-05;16;0.8;0.99;1.00E-06;0.025076053;-0.001393719;506;0.87
relu;(100, 50, 25);0.3;0.01;l2;0.01;32;0.9;0.99;1.00E-06;0.025076116;-0.001396242;506;1
relu;(100, 100, 100, 50);0;0.03;l2;0.01;64;0.99;0.99;1.00E-08;0.025076586;-0.001414982;504;1.5
relu;(100, 50, 25);0.1;0.03;l2;1.00E-05;16;0.99;0.9;1.00E-08;0.025076629;-0.001416711;506;0.74
relu;(100, 50, 25);0.3;0.01;l1;1.00E-05;64;0.99;0.999;1.00E-06;0.025076716;-0.001420195;504;0.51
relu;(100, 50, 25);0.3;0.03;l1;1.00E-05;64;0.9;0.99;1.00E-08;0.025076949;-0.001429504;504;1.23
relu;(100, 100, 100, 50);0.1;0.03;l1;0.01;16;0.9;0.99;1.00E-08;0.025077127;-0.001436609;506;0.97
relu;(100, 100, 100, 50);0.3;0.01;l2;1.00E-05;32;0.9;0.999;1.00E-06;0.025077367;-0.001446192;506;0.64
relu;(100, 100, 100, 50);0.1;0.03;l1;0.01;64;0.9;0.9;1.00E-08;0.0250774;-0.001447498;504;1.05
relu;(100, 50, 25);0.3;0.03;none;0.0001;64;0.9;0.99;1.00E-06;0.02507742;-0.001448301;504;0.94
relu;(100, 100, 100, 50);0.3;0.01;l2;1.00E-05;32;0.8;0.99;1.00E-08;0.025077435;-0.001448896;506;0.68
relu;(100, 100, 100, 50);0.3;0.01;l2;0.0001;32;0.8;0.9;1.00E-08;0.025077475;-0.001450516;506;0.72
relu;(100, 100, 100, 50);0.3;0.03;none;1.00E-05;16;0.8;0.99;1.00E-06;0.025077635;-0.00145689;506;0.65
relu;(100, 100, 100, 50);0.3;0.01;l2;0.0001;32;0.99;0.9;1.00E-08;0.025077676;-0.001458535;506;0.77
relu;(50, 50, 50);0.3;0.01;none;1.00E-05;32;0.8;0.999;1.00E-06;0.025077823;-0.001464395;506;0.67
relu;(100, 100, 100, 50);0.3;0.01;none;1.00E-05;32;0.8;0.99;1.00E-06;0.025077973;-0.001470373;506;1.1
relu;(50, 50, 50);0.1;0.001;none;0.0001;64;0.99;0.9;1.00E-08;0.025078008;-0.001471796;504;0.53
relu;(100, 50, 25);0.3;0.001;l2;1.00E-05;32;0.8;0.999;1.00E-06;0.025078165;-0.00147806;506;0.36
relu;(50, 50, 50);0;0.03;l1;0.01;64;0.8;0.999;1.00E-08;0.0250783;-0.001483448;504;0.41
relu;(100, 100, 100, 50);0;0.01;l2;1.00E-05;32;0.99;0.9;1.00E-08;0.025078969;-0.00151018;506;1.24
relu;(100, 100, 100, 50);0.1;0.03;l2;0.01;64;0.99;0.999;1.00E-06;0.025079037;-0.001512894;504;1.25
relu;(100, 50, 25);0.3;0.03;none;1.00E-05;32;0.9;0.999;1.00E-08;0.025079144;-0.001517147;506;1.03
relu;(50, 50, 50);0.1;0.03;none;0.0001;64;0.9;0.9;1.00E-06;0.025079303;-0.001523512;504;0.72
relu;(100, 100, 100, 50);0;0.01;none;0.0001;32;0.99;0.9;1.00E-08;0.025079383;-0.00152671;506;1.23
relu;(50, 50, 50);0;0.01;l1;0.01;64;0.99;0.99;1.00E-08;0.025079502;-0.00153143;504;0.47
relu;(50, 50, 50);0.3;0.03;none;1.00E-05;16;0.8;0.99;1.00E-06;0.025079846;-0.001545178;506;0.63
relu;(50, 50, 50);0.3;0.03;none;1.00E-05;64;0.9;0.99;1.00E-06;0.025079857;-0.001545615;504;0.74
relu;(100, 100, 100, 50);0.3;0.03;l2;0.01;32;0.8;0.999;1.00E-06;0.025079878;-0.001546477;506;1.05
relu;(100, 100, 100, 50);0.1;0.01;l1;0.01;64;0.8;0.99;1.00E-06;0.02508002;-0.001552136;504;1.95
relu;(100, 100, 100, 50);0;0.03;l1;0.01;32;0.9;0.99;1.00E-08;0.025080306;-0.00156357;506;1.44
relu;(100, 100, 100, 50);0.3;0.01;l2;0.01;64;0.9;0.99;1.00E-06;0.025080358;-0.001565621;504;1.13
relu;(100, 100, 100, 50);0.3;0.03;l1;1.00E-05;64;0.8;0.99;1.00E-08;0.025080686;-0.001578721;504;1.48
relu;(50, 50, 50);0.3;0.01;l2;1.00E-05;32;0.9;0.99;1.00E-06;0.025080716;-0.001579931;506;0.67
relu;(100, 100, 100, 50);0.3;0.01;l2;1.00E-05;64;0.9;0.99;1.00E-08;0.025080757;-0.001581559;504;1.08
relu;(100, 100, 100, 50);0.3;0.03;l1;1.00E-05;16;0.9;0.9;1.00E-08;0.025080773;-0.001582205;506;1.46
relu;(50, 50, 50);0.3;0.03;l1;1.00E-05;16;0.8;0.99;1.00E-08;0.025080807;-0.00158356;506;0.62
relu;(100, 50, 25);0.3;0.03;none;0.01;16;0.9;0.9;1.00E-08;0.025080815;-0.001583873;506;0.74
relu;(100, 100, 100, 50);0.3;0.03;l1;1.00E-05;32;0.8;0.9;1.00E-08;0.025080858;-0.001585601;506;1.51
relu;(100, 100, 100, 50);0.3;0.03;l2;0.01;32;0.9;0.99;1.00E-08;0.025080879;-0.001586455;506;1.11
relu;(100, 100, 100, 50);0.1;0.001;l1;0.01;16;0.8;0.9;1.00E-06;0.025080904;-0.00158742;506;1.56
relu;(50, 50, 50);0.3;0.03;l1;0.0001;16;0.99;0.9;1.00E-08;0.025081235;-0.001600668;506;0.75
relu;(50, 50, 50);0;0.03;l1;0.01;16;0.99;0.99;1.00E-08;0.025081297;-0.001603115;506;0.5
relu;(100, 100, 100, 50);0.1;0.001;l2;1.00E-05;64;0.9;0.99;1.00E-08;0.025081317;-0.001603925;504;1.65
relu;(50, 50, 50);0.1;0.001;l1;1.00E-05;64;0.99;0.9;1.00E-08;0.025081418;-0.00160794;504;0.53
relu;(50, 50, 50);0.3;0.01;l2;1.00E-05;64;0.8;0.9;1.00E-08;0.025081512;-0.001611726;504;0.82
relu;(50, 50, 50);0.3;0.03;l1;1.00E-05;64;0.8;0.99;1.00E-06;0.025081593;-0.00161496;504;0.65
relu;(100, 50, 25);0.1;0.01;none;0.0001;32;0.99;0.9;1.00E-06;0.025081671;-0.001618047;506;1.05
relu;(100, 100, 100, 50);0.3;0.03;l2;0.0001;16;0.8;0.99;1.00E-08;0.025081778;-0.001622347;506;1.01
relu;(100, 100, 100, 50);0.3;0.01;l1;0.01;32;0.8;0.99;1.00E-08;0.025081898;-0.001627144;506;0.78
relu;(100, 50, 25);0.1;0.01;l1;1.00E-05;16;0.99;0.9;1.00E-06;0.025082157;-0.001637465;506;1.04
relu;(100, 100, 100, 50);0.1;0.03;none;0.0001;64;0.99;0.99;1.00E-06;0.025082159;-0.001637536;504;1.77
relu;(100, 50, 25);0.3;0.03;l1;0.01;16;0.99;0.9;1.00E-06;0.025082212;-0.001639649;506;1.45
relu;(100, 50, 25);0.3;0.03;l1;1.00E-05;64;0.8;0.9;1.00E-06;0.025082267;-0.001641855;504;1.12
relu;(100, 100, 100, 50);0.3;0.01;l2;0.01;64;0.9;0.999;1.00E-06;0.025082576;-0.001654202;504;1.01
relu;(100, 50, 25);0.3;0.01;l2;1.00E-05;16;0.99;0.999;1.00E-08;0.02508262;-0.001655947;506;0.34
relu;(50, 50, 50);0.3;0.03;l2;1.00E-05;16;0.99;0.99;1.00E-06;0.025082658;-0.001657464;506;1.04
relu;(100, 100, 100, 50);0.3;0.03;l2;1.00E-05;16;0.8;0.9;1.00E-08;0.025082913;-0.001667655;506;1.3
relu;(100, 100, 100, 50);0.1;0.03;l1;0.01;32;0.99;0.9;1.00E-08;0.025083029;-0.001672298;506;0.76
relu;(100, 100, 100, 50);0.1;0.001;l2;0.01;32;0.8;0.99;1.00E-06;0.025083435;-0.001688507;506;1.71
relu;(100, 100, 100, 50);0.3;0.03;l2;0.0001;16;0.8;0.999;1.00E-06;0.02508344;-0.001688705;506;0.69
relu;(100, 100, 100, 50);0;0.01;l1;1.00E-05;16;0.99;0.9;1.00E-06;0.025083507;-0.001691379;506;1.13
relu;(100, 50, 25);0;0.01;l1;0.01;16;0.8;0.99;1.00E-06;0.025083536;-0.001692535;506;0.42
relu;(100, 50, 25);0.1;0.03;l2;0.0001;16;0.99;0.9;1.00E-06;0.025083546;-0.001692935;506;0.74
relu;(50, 50, 50);0;0.001;l1;0.0001;16;0.8;0.999;1.00E-08;0.025083553;-0.001693237;506;1.04
relu;(100, 100, 100, 50);0;0.03;l1;0.01;64;0.8;0.99;1.00E-08;0.025083757;-0.001701374;504;1.69
relu;(50, 50, 50);0.3;0.03;l1;0.0001;32;0.9;0.9;1.00E-06;0.025083857;-0.00170535;506;0.76
relu;(100, 100, 100, 50);0.1;0.01;l1;0.01;64;0.8;0.999;1.00E-06;0.025083871;-0.001705927;504;1.92
relu;(50, 50, 50);0.3;0.03;none;0.01;32;0.9;0.999;1.00E-06;0.025083927;-0.001708168;506;0.5
relu;(100, 50, 25);0.1;0.03;l1;0.01;64;0.99;0.9;1.00E-06;0.02508395;-0.001709063;504;1.27
relu;(100, 100, 100, 50);0.1;0.03;l1;1.00E-05;16;0.99;0.9;1.00E-06;0.025084081;-0.001714306;506;1.8
relu;(100, 100, 100, 50);0.1;0.001;none;0.01;64;0.8;0.99;1.00E-08;0.025084308;-0.001723359;504;1.92
relu;(100, 50, 25);0.3;0.03;l1;0.0001;32;0.8;0.999;1.00E-08;0.025084342;-0.001724707;506;1.34
relu;(100, 50, 25);0.3;0.03;l2;1.00E-05;64;0.9;0.99;1.00E-06;0.025084368;-0.001725773;504;0.88
relu;(50, 50, 50);0.3;0.01;none;0.0001;16;0.9;0.9;1.00E-08;0.025084388;-0.001726566;506;0.72
relu;(100, 100, 100, 50);0.3;0.01;l1;1.00E-05;64;0.8;0.999;1.00E-08;0.025084408;-0.001727355;504;1.2
relu;(100, 100, 100, 50);0.3;0.01;l1;0.01;16;0.9;0.9;1.00E-06;0.025084468;-0.001729775;506;0.97
relu;(100, 100, 100, 50);0.1;0.03;l1;0.01;32;0.99;0.9;1.00E-06;0.025084553;-0.001733137;506;1
relu;(100, 50, 25);0.3;0.001;none;0.0001;32;0.99;0.9;1.00E-06;0.025084581;-0.001734254;506;0.43
relu;(100, 100, 100, 50);0.3;0.01;l2;0.01;16;0.9;0.99;1.00E-08;0.025084619;-0.0017358;506;0.6
relu;(100, 100, 100, 50);0;0.01;l1;0.01;32;0.8;0.9;1.00E-08;0.025084647;-0.001736909;506;1.25
relu;(100, 100, 100, 50);0.3;0.01;l2;0.0001;16;0.99;0.999;1.00E-08;0.025084828;-0.001744125;506;0.63
relu;(100, 50, 25);0.3;0.03;l1;0.01;64;0.8;0.9;1.00E-08;0.02508485;-0.00174501;504;1.35
relu;(50, 50, 50);0.3;0.03;l1;0.01;64;0.9;0.999;1.00E-06;0.025084886;-0.001746454;504;1.31
relu;(100, 50, 25);0.3;0.01;none;1.00E-05;32;0.99;0.9;1.00E-06;0.025084914;-0.001747573;506;0.36
relu;(100, 50, 25);0.3;0.01;l2;0.01;64;0.99;0.99;1.00E-06;0.025084944;-0.001748752;504;1.27
relu;(100, 50, 25);0.3;0.01;none;0.0001;16;0.9;0.9;1.00E-06;0.025085091;-0.001754636;506;0.35
relu;(100, 100, 100, 50);0.1;0.01;l2;0.01;16;0.99;0.9;1.00E-06;0.025085107;-0.001755278;506;1.38
relu;(50, 50, 50);0.3;0.03;l2;1.00E-05;64;0.9;0.99;1.00E-06;0.025085153;-0.00175713;504;1.14
relu;(100, 100, 100, 50);0.3;0.01;none;0.01;32;0.9;0.9;1.00E-06;0.025085156;-0.001757227;506;0.68
relu;(100, 50, 25);0.1;0.03;l2;0.01;32;0.9;0.99;1.00E-08;0.025085249;-0.001760943;506;0.89
relu;(100, 100, 100, 50);0.1;0.03;l2;0.0001;16;0.99;0.999;1.00E-06;0.025085353;-0.001765083;506;0.69
relu;(100, 100, 100, 50);0;0.03;none;0.0001;32;0.99;0.99;1.00E-08;0.025085445;-0.001768769;506;1.26
relu;(100, 100, 100, 50);0.3;0.01;none;0.0001;32;0.8;0.9;1.00E-06;0.025085573;-0.001773905;506;0.66
relu;(100, 100, 100, 50);0.3;0.01;l2;1.00E-05;16;0.9;0.99;1.00E-06;0.025085776;-0.001782005;506;0.82
relu;(100, 50, 25);0.3;0.001;none;1.00E-05;64;0.99;0.9;1.00E-06;0.025085799;-0.001782897;504;0.53
relu;(100, 100, 100, 50);0.3;0.01;none;0.0001;64;0.9;0.99;1.00E-08;0.025085832;-0.001784212;504;1.07
relu;(50, 50, 50);0.3;0.01;none;1.00E-05;16;0.9;0.99;1.00E-06;0.025086253;-0.001801047;506;0.64
relu;(100, 50, 25);0.3;0.01;l1;0.0001;16;0.9;0.9;1.00E-06;0.025086349;-0.001804869;506;0.39
relu;(100, 50, 25);0.1;0.03;none;0.0001;32;0.99;0.9;1.00E-08;0.025086352;-0.001804991;506;1.01
relu;(100, 50, 25);0.3;0.01;l2;0.0001;32;0.99;0.99;1.00E-08;0.02508637;-0.001805734;506;1.16
relu;(50, 50, 50);0.1;0.03;l1;0.01;64;0.9;0.999;1.00E-08;0.025086422;-0.001807773;504;0.84
relu;(100, 100, 100, 50);0;0.01;none;0.0001;64;0.8;0.9;1.00E-06;0.025086574;-0.001813849;504;1.4
relu;(100, 100, 100, 50);0.1;0.03;l1;0.01;32;0.8;0.9;1.00E-06;0.025086595;-0.001814714;506;0.83
relu;(100, 50, 25);0.3;0.01;none;0.0001;16;0.9;0.99;1.00E-06;0.025086648;-0.001816799;506;0.36
relu;(100, 100, 100, 50);0.3;0.001;l1;0.01;16;0.99;0.9;1.00E-06;0.02508679;-0.001822501;506;0.91
relu;(100, 100, 100, 50);0.3;0.001;none;1.00E-05;64;0.9;0.9;1.00E-08;0.025086993;-0.001830604;504;0.96
relu;(100, 50, 25);0;0.03;l1;0.01;16;0.8;0.999;1.00E-08;0.025087082;-0.001834166;506;0.32
relu;(50, 50, 50);0.3;0.01;none;1.00E-05;16;0.8;0.999;1.00E-06;0.025087205;-0.001839042;506;0.66
relu;(100, 50, 25);0.3;0.03;l2;0.0001;32;0.99;0.99;1.00E-06;0.025087308;-0.001843163;506;1.03
relu;(100, 100, 100, 50);0.3;0.01;l2;0.01;32;0.8;0.99;1.00E-08;0.025087335;-0.001844247;506;0.68
relu;(50, 50, 50);0.3;0.01;none;0.01;32;0.99;0.999;1.00E-06;0.025087483;-0.001850149;506;0.77
relu;(100, 100, 100, 50);0.3;0.03;l1;1.00E-05;16;0.99;0.9;1.00E-06;0.025087845;-0.001864618;506;1.18
relu;(100, 50, 25);0.3;0.001;l2;0.0001;32;0.9;0.99;1.00E-06;0.025088235;-0.001880185;506;0.41
relu;(50, 50, 50);0.3;0.01;none;0.0001;16;0.9;0.9;1.00E-06;0.025088296;-0.001882634;506;0.72
relu;(100, 100, 100, 50);0.3;0.01;l1;1.00E-05;32;0.8;0.999;1.00E-08;0.02508837;-0.001885599;506;0.79
relu;(100, 100, 100, 50);0.1;0.03;l2;0.0001;32;0.9;0.99;1.00E-08;0.0250884;-0.001886778;506;0.88
relu;(100, 50, 25);0.3;0.03;l1;0.01;64;0.9;0.9;1.00E-06;0.025088409;-0.001887128;504;1.02
relu;(100, 100, 100, 50);0.1;0.03;l1;0.01;64;0.9;0.99;1.00E-08;0.025088481;-0.001889999;504;1.06
relu;(100, 100, 100, 50);0;0.001;l1;0.01;32;0.9;0.999;1.00E-06;0.025088636;-0.001896198;506;1.4
relu;(100, 50, 25);0.3;0.03;none;1.00E-05;64;0.99;0.999;1.00E-08;0.025088877;-0.001905824;504;1.21
relu;(100, 100, 100, 50);0.3;0.001;l1;0.01;64;0.99;0.999;1.00E-06;0.025088924;-0.0019077;504;1.05
relu;(100, 100, 100, 50);0.3;0.01;none;0.01;64;0.9;0.999;1.00E-08;0.025088964;-0.001909299;504;0.98
relu;(50, 50, 50);0.1;0.03;l2;0.0001;64;0.99;0.99;1.00E-08;0.02508915;-0.00191673;504;0.83
relu;(100, 50, 25);0.3;0.01;none;0.01;16;0.8;0.999;1.00E-06;0.025089303;-0.001922837;506;0.35
relu;(100, 100, 100, 50);0.3;0.03;l2;0.0001;32;0.8;0.999;1.00E-06;0.025089653;-0.0019368;506;1.31
relu;(50, 50, 50);0.3;0.01;l1;0.01;32;0.9;0.99;1.00E-08;0.025089903;-0.001946782;506;0.63
relu;(50, 50, 50);0.3;0.001;l2;0.01;32;0.99;0.99;1.00E-08;0.025090077;-0.001953758;506;0.68
relu;(100, 100, 100, 50);0.3;0.03;none;0.0001;16;0.8;0.99;1.00E-08;0.025090192;-0.001958349;506;0.68
relu;(100, 100, 100, 50);0.3;0.001;l2;0.01;64;0.99;0.99;1.00E-06;0.025090255;-0.001960868;504;1.04
relu;(100, 100, 100, 50);0.3;0.03;none;1.00E-05;32;0.99;0.99;1.00E-06;0.02509027;-0.001961458;506;0.69
relu;(100, 50, 25);0.3;0.03;l2;1.00E-05;32;0.99;0.9;1.00E-08;0.025090273;-0.001961562;506;0.9
relu;(100, 50, 25);0.3;0.01;l2;0.01;64;0.9;0.999;1.00E-08;0.02509029;-0.001962275;504;1.22
relu;(50, 50, 50);0.3;0.01;none;0.0001;16;0.99;0.9;1.00E-06;0.025090549;-0.001972613;506;0.67
relu;(50, 50, 50);0;0.001;l2;1.00E-05;16;0.8;0.9;1.00E-08;0.025090631;-0.001975856;506;0.32
relu;(50, 50, 50);0.3;0.03;none;0.01;32;0.9;0.9;1.00E-08;0.025091011;-0.001991067;506;0.6
relu;(100, 100, 100, 50);0.3;0.03;l2;0.0001;64;0.9;0.99;1.00E-08;0.025091098;-0.001994526;504;1.29
relu;(100, 100, 100, 50);0.3;0.01;none;0.01;32;0.9;0.99;1.00E-08;0.025091101;-0.001994631;506;0.68
relu;(100, 50, 25);0.1;0.01;l1;0.01;16;0.99;0.999;1.00E-06;0.025091476;-0.002009636;506;1.05
relu;(50, 50, 50);0.3;0.01;none;0.01;16;0.8;0.9;1.00E-08;0.025091506;-0.002010805;506;0.62
relu;(100, 100, 100, 50);0;0.03;none;1.00E-05;32;0.99;0.99;1.00E-06;0.025091593;-0.002014272;506;1.04
relu;(50, 50, 50);0.3;0.03;l1;0.01;16;0.9;0.9;1.00E-08;0.025091816;-0.002023197;506;1.56
relu;(50, 50, 50);0.1;0.03;none;0.0001;16;0.99;0.999;1.00E-08;0.025091898;-0.002026475;506;0.56
relu;(100, 50, 25);0;0.01;l1;0.01;64;0.8;0.9;1.00E-06;0.025092038;-0.002032046;504;0.43
relu;(50, 50, 50);0.1;0.01;none;1.00E-05;16;0.8;0.9;1.00E-06;0.025092355;-0.002044725;506;0.4
relu;(100, 100, 100, 50);0.3;0.03;none;0.01;16;0.99;0.99;1.00E-06;0.025092414;-0.00204706;506;0.64
relu;(100, 100, 100, 50);0.1;0.01;l1;0.01;64;0.99;0.99;1.00E-08;0.025092858;-0.002064797;504;2.12
relu;(50, 50, 50);0.3;0.01;l1;0.01;64;0.9;0.99;1.00E-08;0.025093284;-0.002081823;504;0.93
relu;(100, 100, 100, 50);0.1;0.03;l1;0.01;32;0.9;0.9;1.00E-06;0.025093296;-0.002082286;506;0.77
relu;(100, 100, 100, 50);0.3;0.03;none;0.0001;64;0.9;0.99;1.00E-06;0.025093342;-0.002084154;504;1.03
relu;(50, 50, 50);0.3;0.01;l2;1.00E-05;16;0.99;0.999;1.00E-08;0.0250934;-0.002086458;506;0.73
relu;(100, 50, 25);0.3;0.01;l1;0.01;32;0.9;0.9;1.00E-08;0.025093417;-0.002087128;506;0.42
relu;(100, 100, 100, 50);0.1;0.001;l2;1.00E-05;16;0.9;0.999;1.00E-06;0.025094099;-0.002114362;506;1.42
relu;(100, 100, 100, 50);0.1;0.03;l2;1.00E-05;64;0.9;0.99;1.00E-08;0.025094116;-0.002115026;504;1.01
relu;(100, 100, 100, 50);0.3;0.001;l1;1.00E-05;32;0.9;0.9;1.00E-06;0.025094131;-0.002115645;506;1.07
relu;(100, 50, 25);0.3;0.01;l2;1.00E-05;16;0.99;0.99;1.00E-06;0.025094206;-0.002118622;506;0.36
relu;(50, 50, 50);0;0.01;l1;0.01;32;0.9;0.99;1.00E-06;0.025094528;-0.002131485;506;0.4
relu;(100, 100, 100, 50);0.3;0.03;none;0.0001;32;0.8;0.9;1.00E-06;0.025094549;-0.002132355;506;0.74
relu;(50, 50, 50);0.1;0.03;l2;0.01;32;0.8;0.99;1.00E-08;0.025094552;-0.002132437;506;0.51
relu;(100, 50, 25);0.3;0.03;none;0.0001;32;0.9;0.9;1.00E-08;0.025094621;-0.002135215;506;0.78
relu;(50, 50, 50);0.3;0.03;none;1.00E-05;16;0.9;0.99;1.00E-08;0.02509464;-0.002135972;506;0.61
relu;(100, 100, 100, 50);0.3;0.03;none;0.0001;32;0.8;0.99;1.00E-08;0.025094657;-0.002136645;506;0.67
relu;(100, 50, 25);0.1;0.03;l1;0.01;64;0.99;0.999;1.00E-06;0.025094728;-0.00213948;504;1.13
relu;(100, 100, 100, 50);0.3;0.01;l2;0.0001;64;0.8;0.99;1.00E-06;0.025094774;-0.002141337;504;1.2
relu;(100, 100, 100, 50);0;0.001;l2;0.0001;16;0.99;0.99;1.00E-06;0.025094787;-0.002141836;506;1.06
relu;(50, 50, 50);0.3;0.03;l1;1.00E-05;16;0.8;0.9;1.00E-06;0.025094789;-0.002141934;506;0.55
relu;(50, 50, 50);0;0.001;l1;1.00E-05;32;0.9;0.999;1.00E-06;0.02509494;-0.002147949;506;1.44
relu;(100, 50, 25);0.3;0.03;l1;1.00E-05;32;0.99;0.9;1.00E-06;0.025095158;-0.002156665;506;1.16
relu;(100, 50, 25);0.1;0.03;l1;0.01;32;0.9;0.999;1.00E-08;0.025095451;-0.002168354;506;1.2
relu;(100, 100, 100, 50);0;0.001;l1;1.00E-05;64;0.99;0.999;1.00E-06;0.025095503;-0.002170434;504;1.5
relu;(100, 100, 100, 50);0.3;0.001;l2;0.0001;64;0.8;0.9;1.00E-08;0.025095647;-0.002176192;504;0.97
relu;(100, 100, 100, 50);0.1;0.03;l1;0.01;16;0.8;0.999;1.00E-08;0.025095752;-0.00218036;506;0.81
relu;(50, 50, 50);0.1;0.03;none;1.00E-05;64;0.99;0.999;1.00E-06;0.025095768;-0.002181028;504;0.7
relu;(100, 100, 100, 50);0.1;0.01;l2;0.01;32;0.99;0.99;1.00E-06;0.02509579;-0.002181902;506;1.58
relu;(100, 100, 100, 50);0.3;0.01;none;1.00E-05;64;0.8;0.99;1.00E-06;0.025095926;-0.002187323;504;0.99
relu;(100, 50, 25);0.3;0.01;l1;0.0001;32;0.99;0.999;1.00E-08;0.025096017;-0.002190972;506;0.42
relu;(50, 50, 50);0;0.01;l1;0.01;32;0.99;0.999;1.00E-08;0.025096243;-0.0022;506;0.45
relu;(50, 50, 50);0.3;0.01;l1;0.0001;16;0.99;0.999;1.00E-08;0.025096292;-0.002201936;506;0.52
relu;(100, 50, 25);0.3;0.03;l2;0.01;64;0.9;0.999;1.00E-08;0.025096337;-0.002203734;504;1.28
relu;(50, 50, 50);0.1;0.01;l2;1.00E-05;16;0.99;0.999;1.00E-08;0.025096359;-0.002204613;506;0.76
relu;(50, 50, 50);0.3;0.03;none;0.01;32;0.99;0.9;1.00E-06;0.02509643;-0.002207448;506;0.54
relu;(100, 100, 100, 50);0.3;0.01;l2;1.00E-05;64;0.8;0.99;1.00E-06;0.025096608;-0.002214563;504;1.03
relu;(100, 100, 100, 50);0.3;0.01;none;0.0001;64;0.8;0.999;1.00E-08;0.025096772;-0.002221121;504;0.96
relu;(100, 50, 25);0;0.001;none;0.0001;16;0.9;0.9;1.00E-08;0.0250968;-0.002222225;506;1.38
relu;(100, 100, 100, 50);0.3;0.001;l2;0.01;32;0.99;0.999;1.00E-06;0.0250971;-0.00223422;506;0.76
relu;(100, 100, 100, 50);0.3;0.01;none;0.0001;16;0.9;0.99;1.00E-06;0.025097166;-0.002236838;506;0.58
relu;(100, 100, 100, 50);0;0.001;none;0.01;16;0.99;0.999;1.00E-08;0.025097717;-0.002258829;506;1.28
relu;(100, 100, 100, 50);0.1;0.001;none;0.0001;64;0.99;0.9;1.00E-08;0.025098276;-0.002281175;504;1.76
relu;(100, 100, 100, 50);0.3;0.01;l2;0.0001;32;0.99;0.999;1.00E-08;0.02509841;-0.002286528;506;0.72
relu;(100, 100, 100, 50);0.3;0.03;l2;0.0001;32;0.8;0.99;1.00E-08;0.025098455;-0.002288329;506;1.09
relu;(50, 50, 50);0.3;0.03;l2;0.01;16;0.8;0.9;1.00E-06;0.025098463;-0.002288649;506;0.5
relu;(100, 50, 25);0.3;0.01;l2;0.0001;16;0.8;0.99;1.00E-06;0.025098507;-0.002290404;506;0.35
relu;(100, 100, 100, 50);0.1;0.03;none;0.01;32;0.9;0.9;1.00E-08;0.025098523;-0.00229105;506;1.48
relu;(100, 100, 100, 50);0.3;0.03;l1;0.0001;32;0.9;0.99;1.00E-06;0.025098728;-0.002299207;506;1.6
relu;(100, 100, 100, 50);0.3;0.01;l2;0.01;32;0.99;0.9;1.00E-08;0.025098969;-0.002308853;506;0.71
relu;(100, 100, 100, 50);0.3;0.03;l2;0.0001;16;0.9;0.999;1.00E-06;0.025099018;-0.002310806;506;1.27
relu;(100, 50, 25);0.3;0.03;l1;0.0001;32;0.99;0.9;1.00E-08;0.025099025;-0.002311075;506;1.36
relu;(50, 50, 50);0.3;0.03;none;1.00E-05;32;0.9;0.999;1.00E-08;0.025099068;-0.002312811;506;0.54
relu;(100, 50, 25);0.3;0.03;l1;1.00E-05;64;0.8;0.999;1.00E-08;0.025099089;-0.002313647;504;1.35
relu;(100, 100, 100, 50);0.3;0.03;none;0.0001;16;0.99;0.999;1.00E-08;0.025099461;-0.002328477;506;0.6
relu;(100, 50, 25);0.1;0.01;none;0.01;64;0.99;0.9;1.00E-06;0.025099617;-0.002334721;504;0.92
relu;(50, 50, 50);0.3;0.01;l1;0.0001;16;0.99;0.99;1.00E-08;0.025099703;-0.002338138;506;0.59
relu;(50, 50, 50);0.3;0.03;none;0.01;16;0.9;0.99;1.00E-06;0.025099726;-0.002339072;506;0.64
relu;(100, 100, 100, 50);0.1;0.03;l1;0.01;16;0.9;0.99;1.00E-06;0.025099865;-0.002344646;506;0.91
relu;(100, 100, 100, 50);0.1;0.001;l1;0.01;32;0.8;0.999;1.00E-08;0.025099891;-0.002345671;506;1.91
relu;(100, 100, 100, 50);0.3;0.03;l1;1.00E-05;32;0.99;0.99;1.00E-08;0.025099918;-0.002346755;506;1.22
relu;(100, 50, 25);0.1;0.001;l1;0.01;64;0.9;0.9;1.00E-08;0.02510063;-0.002375172;504;1.23
relu;(100, 100, 100, 50);0.1;0.03;l1;0.0001;16;0.99;0.999;1.00E-08;0.025100689;-0.002377517;506;1.3
relu;(100, 50, 25);0.3;0.01;l1;0.01;32;0.9;0.99;1.00E-06;0.025100773;-0.002380873;506;0.43
relu;(50, 50, 50);0.3;0.01;l1;0.01;16;0.8;0.999;1.00E-08;0.025100842;-0.002383661;506;0.69
relu;(50, 50, 50);0;0.001;none;0.0001;16;0.99;0.9;1.00E-06;0.025100974;-0.002388928;506;0.33
relu;(50, 50, 50);0.3;0.03;l2;1.00E-05;16;0.99;0.999;1.00E-06;0.025101288;-0.002401445;506;1.08
relu;(100, 50, 25);0.3;0.03;l2;1.00E-05;64;0.8;0.999;1.00E-06;0.025101418;-0.002406658;504;1.15
relu;(50, 50, 50);0.1;0.03;none;0.01;32;0.9;0.99;1.00E-08;0.025101482;-0.002409191;506;0.65
relu;(50, 50, 50);0.3;0.03;none;0.01;32;0.9;0.9;1.00E-06;0.025101482;-0.002409215;506;0.58
relu;(50, 50, 50);0.3;0.01;none;0.01;16;0.9;0.99;1.00E-08;0.025101557;-0.00241219;506;0.55
relu;(50, 50, 50);0;0.03;l1;0.01;16;0.9;0.9;1.00E-06;0.025101662;-0.002416383;506;0.39
relu;(100, 50, 25);0.3;0.03;l1;0.01;32;0.8;0.999;1.00E-06;0.02510168;-0.002417103;506;1.34
relu;(50, 50, 50);0;0.03;none;0.0001;64;0.99;0.99;1.00E-08;0.025101815;-0.002422513;504;0.37
relu;(100, 100, 100, 50);0.3;0.03;none;0.0001;32;0.99;0.9;1.00E-08;0.025101879;-0.002425066;506;0.71
relu;(100, 50, 25);0.3;0.01;l1;1.00E-05;16;0.99;0.9;1.00E-08;0.025101917;-0.002426563;506;0.47
relu;(100, 50, 25);0;0.001;none;0.01;64;0.8;0.999;1.00E-08;0.025101985;-0.002429297;504;0.78
relu;(100, 100, 100, 50);0;0.01;l1;0.01;16;0.9;0.9;1.00E-08;0.025102171;-0.002436698;506;1.27
relu;(100, 100, 100, 50);0.3;0.03;l1;0.01;32;0.9;0.9;1.00E-06;0.025102256;-0.00244011;506;0.92
relu;(100, 100, 100, 50);0.3;0.03;l2;0.0001;64;0.99;0.99;1.00E-06;0.025102267;-0.002440531;504;1.48
relu;(50, 50, 50);0.3;0.03;none;1.00E-05;16;0.8;0.999;1.00E-06;0.025102331;-0.002443107;506;0.63
relu;(50, 50, 50);0;0.03;l2;1.00E-05;32;0.99;0.99;1.00E-08;0.025102339;-0.002443425;506;1.03
relu;(100, 100, 100, 50);0.1;0.01;l1;0.01;64;0.9;0.9;1.00E-06;0.025102354;-0.002444014;504;1.97
relu;(100, 100, 100, 50);0.3;0.03;none;1.00E-05;16;0.9;0.999;1.00E-06;0.025102459;-0.002448235;506;0.62
relu;(100, 50, 25);0.3;0.03;none;0.0001;32;0.99;0.999;1.00E-06;0.025102711;-0.002458283;506;1.08
relu;(50, 50, 50);0.3;0.01;l1;0.01;64;0.9;0.999;1.00E-08;0.025102761;-0.00246029;504;0.77
relu;(100, 100, 100, 50);0.3;0.01;l2;0.0001;32;0.9;0.99;1.00E-06;0.025103045;-0.002471607;506;0.94
relu;(50, 50, 50);0.3;0.03;none;0.01;64;0.99;0.99;1.00E-08;0.025103169;-0.002476551;504;0.64
relu;(100, 100, 100, 50);0;0.03;l2;1.00E-05;16;0.99;0.9;1.00E-08;0.025103344;-0.002483569;506;1.16
relu;(100, 100, 100, 50);0.3;0.001;l2;0.01;32;0.9;0.999;1.00E-08;0.025103499;-0.002489756;506;0.74
relu;(100, 50, 25);0.1;0.03;l2;0.0001;64;0.99;0.999;1.00E-06;0.025103571;-0.002492605;504;1.02
relu;(100, 100, 100, 50);0.3;0.001;l2;0.01;32;0.8;0.99;1.00E-06;0.02510361;-0.002494182;506;1.19
relu;(100, 50, 25);0.3;0.03;none;0.01;32;0.8;0.999;1.00E-08;0.025103697;-0.002497663;506;0.9
relu;(100, 50, 25);0.3;0.03;l2;0.01;32;0.99;0.9;1.00E-06;0.025103753;-0.002499903;506;1.46
relu;(100, 50, 25);0.1;0.03;none;0.0001;32;0.8;0.9;1.00E-08;0.02510388;-0.002504976;506;0.95
relu;(100, 100, 100, 50);0.3;0.03;none;0.0001;16;0.8;0.999;1.00E-08;0.025104035;-0.002511159;506;0.57
relu;(100, 50, 25);0.3;0.03;l1;0.01;64;0.8;0.999;1.00E-08;0.025104102;-0.002513832;504;1.16
relu;(100, 100, 100, 50);0.3;0.01;none;0.01;16;0.9;0.99;1.00E-06;0.025104469;-0.002528484;506;0.6
relu;(100, 50, 25);0.3;0.03;l1;0.0001;64;0.8;0.9;1.00E-06;0.02510461;-0.002534123;504;1.34
relu;(100, 100, 100, 50);0.3;0.01;l1;1.00E-05;32;0.99;0.9;1.00E-06;0.025104632;-0.002534997;506;0.81
relu;(100, 50, 25);0.3;0.03;l1;0.01;32;0.99;0.9;1.00E-06;0.025104636;-0.00253515;506;1.16
relu;(100, 50, 25);0.3;0.03;none;0.0001;32;0.99;0.999;1.00E-08;0.025104714;-0.00253826;506;0.96
relu;(100, 100, 100, 50);0;0.03;l1;0.01;64;0.8;0.999;1.00E-06;0.02510518;-0.002556885;504;1.7
relu;(100, 50, 25);0.3;0.03;l2;1.00E-05;32;0.8;0.999;1.00E-08;0.02510525;-0.002559678;506;0.9
relu;(100, 50, 25);0.3;0.01;none;0.0001;16;0.9;0.99;1.00E-08;0.025105346;-0.002563512;506;0.34
relu;(100, 50, 25);0.1;0.03;none;1.00E-05;16;0.9;0.9;1.00E-06;0.025105369;-0.002564414;506;0.89
relu;(100, 100, 100, 50);0.1;0.001;l1;0.01;32;0.99;0.9;1.00E-06;0.025105409;-0.002566039;506;2.03
relu;(50, 50, 50);0;0.03;l2;0.0001;16;0.99;0.9;1.00E-06;0.025105646;-0.002575469;506;0.84
relu;(50, 50, 50);0.3;0.01;l1;0.01;32;0.9;0.9;1.00E-06;0.025105799;-0.002581581;506;0.76
relu;(50, 50, 50);0.3;0.03;none;1.00E-05;32;0.9;0.999;1.00E-06;0.025105867;-0.002584315;506;0.61
relu;(100, 100, 100, 50);0.3;0.03;none;0.01;64;0.99;0.99;1.00E-06;0.025105879;-0.002584782;504;1.3
relu;(100, 100, 100, 50);0.3;0.01;l1;0.01;32;0.8;0.999;1.00E-08;0.025105897;-0.0025855;506;0.75
relu;(100, 50, 25);0.3;0.03;l1;0.01;16;0.99;0.99;1.00E-06;0.02510602;-0.002590406;506;1.07
relu;(100, 100, 100, 50);0.3;0.03;none;0.0001;16;0.8;0.99;1.00E-06;0.02510602;-0.002590421;506;0.58
relu;(50, 50, 50);0.3;0.03;none;0.01;16;0.8;0.999;1.00E-08;0.025106058;-0.002591936;506;0.54
relu;(50, 50, 50);0.1;0.001;l1;0.01;32;0.8;0.99;1.00E-06;0.025106165;-0.002596202;506;0.47
relu;(100, 50, 25);0.1;0.01;none;0.01;64;0.99;0.9;1.00E-08;0.025106194;-0.002597376;504;0.97
relu;(50, 50, 50);0.3;0.03;l2;1.00E-05;32;0.9;0.999;1.00E-08;0.025106198;-0.002597541;506;1.07
relu;(100, 50, 25);0.3;0.01;l1;1.00E-05;32;0.99;0.9;1.00E-08;0.025106347;-0.002603493;506;0.6
relu;(50, 50, 50);0.3;0.03;l1;1.00E-05;64;0.8;0.99;1.00E-08;0.025106352;-0.002603693;504;0.78
relu;(100, 100, 100, 50);0.3;0.03;l2;1.00E-05;16;0.9;0.9;1.00E-08;0.025106519;-0.002610363;506;1.27
relu;(100, 100, 100, 50);0.3;0.03;l2;1.00E-05;16;0.99;0.999;1.00E-06;0.025107068;-0.002632279;506;1.25
relu;(100, 50, 25);0.1;0.01;l1;0.01;64;0.9;0.999;1.00E-08;0.0251071;-0.00263356;504;1.15
relu;(100, 100, 100, 50);0.3;0.01;none;1.00E-05;32;0.9;0.99;1.00E-08;0.025107121;-0.002634402;506;0.96
relu;(100, 50, 25);0.1;0.03;l2;0.01;32;0.8;0.9;1.00E-08;0.025107242;-0.002639206;506;0.93
relu;(100, 50, 25);0.3;0.03;l1;1.00E-05;64;0.9;0.99;1.00E-06;0.025107317;-0.002642222;504;1.2
relu;(100, 100, 100, 50);0.3;0.01;l1;1.00E-05;16;0.8;0.99;1.00E-08;0.02510741;-0.002645946;506;0.85
relu;(50, 50, 50);0;0.03;l1;0.01;64;0.9;0.99;1.00E-08;0.025107935;-0.002666888;504;0.42
relu;(100, 100, 100, 50);0;0.03;none;0.01;16;0.99;0.99;1.00E-06;0.025107976;-0.002668523;506;1.15
relu;(100, 50, 25);0.3;0.03;l1;0.01;64;0.8;0.99;1.00E-08;0.025108038;-0.00267099;504;1.09
relu;(100, 50, 25);0.3;0.01;l2;0.0001;16;0.9;0.99;1.00E-08;0.025108056;-0.002671747;506;0.37
relu;(50, 50, 50);0.1;0.01;l1;0.01;32;0.99;0.99;1.00E-08;0.025108078;-0.002672613;506;0.82
relu;(100, 50, 25);0.3;0.03;l1;0.01;64;0.8;0.99;1.00E-06;0.025108106;-0.00267373;504;0.98
relu;(50, 50, 50);0.3;0.01;l1;0.01;16;0.99;0.9;1.00E-06;0.025108809;-0.002701787;506;0.58
relu;(100, 50, 25);0.3;0.03;l2;1.00E-05;64;0.99;0.999;1.00E-06;0.02510887;-0.002704231;504;1.2
relu;(100, 100, 100, 50);0.3;0.01;l1;1.00E-05;16;0.9;0.99;1.00E-06;0.025109373;-0.00272434;506;0.73
relu;(100, 100, 100, 50);0;0.03;l1;0.01;64;0.8;0.9;1.00E-06;0.025109392;-0.0027251;504;1.72
relu;(100, 50, 25);0.3;0.01;l2;0.0001;16;0.99;0.999;1.00E-06;0.025109466;-0.002728027;506;0.4
relu;(100, 100, 100, 50);0.3;0.01;none;0.0001;32;0.8;0.9;1.00E-08;0.025109678;-0.002736489;506;0.83
relu;(100, 100, 100, 50);0.3;0.01;l1;0.01;64;0.9;0.99;1.00E-06;0.025110109;-0.002753728;504;1.3
relu;(100, 100, 100, 50);0.1;0.01;l1;0.01;64;0.9;0.999;1.00E-06;0.02511027;-0.002760159;504;2.47
relu;(100, 100, 100, 50);0.3;0.03;none;0.01;16;0.9;0.999;1.00E-06;0.025110476;-0.002768386;506;0.87
relu;(50, 50, 50);0.1;0.03;l1;0.01;32;0.8;0.999;1.00E-08;0.025110668;-0.002776042;506;0.76
relu;(100, 50, 25);0;0.01;none;0.01;64;0.8;0.9;1.00E-08;0.025110692;-0.002776992;504;0.85
relu;(100, 100, 100, 50);0.3;0.03;l2;1.00E-05;16;0.99;0.99;1.00E-08;0.025110736;-0.002778743;506;1.03
relu;(100, 100, 100, 50);0.3;0.01;none;0.0001;16;0.9;0.999;1.00E-06;0.025110789;-0.002780875;506;0.66
relu;(50, 50, 50);0.3;0.03;l2;1.00E-05;32;0.9;0.99;1.00E-06;0.025110863;-0.002783833;506;1.15
relu;(50, 50, 50);0.3;0.01;l1;1.00E-05;16;0.8;0.99;1.00E-08;0.025110902;-0.002785374;506;0.77
relu;(100, 50, 25);0.3;0.01;none;0.0001;32;0.8;0.999;1.00E-06;0.025111007;-0.002789569;506;0.38
relu;(100, 50, 25);0.3;0.03;l1;0.0001;16;0.99;0.99;1.00E-06;0.025111041;-0.002790924;506;1.11
relu;(100, 50, 25);0.1;0.03;l1;0.0001;32;0.99;0.9;1.00E-06;0.025111088;-0.002792806;506;1.12
relu;(100, 50, 25);0.3;0.03;none;0.0001;64;0.9;0.9;1.00E-06;0.025111107;-0.002793556;504;1.19
relu;(100, 100, 100, 50);0.1;0.03;l1;0.01;32;0.99;0.999;1.00E-06;0.025111248;-0.002799208;506;0.77
relu;(100, 50, 25);0.3;0.01;l2;0.0001;16;0.9;0.99;1.00E-06;0.02511145;-0.002807254;506;0.36
relu;(100, 50, 25);0.3;0.01;l2;1.00E-05;16;0.8;0.99;1.00E-06;0.025111682;-0.002816545;506;0.33
relu;(100, 100, 100, 50);0.3;0.03;none;0.0001;32;0.8;0.9;1.00E-08;0.025112255;-0.002839422;506;0.64
relu;(100, 100, 100, 50);0.3;0.03;l2;0.01;32;0.9;0.999;1.00E-08;0.025112275;-0.002840201;506;1.25
relu;(100, 100, 100, 50);0.3;0.03;none;1.00E-05;32;0.9;0.99;1.00E-06;0.025112364;-0.002843775;506;0.73
relu;(100, 50, 25);0.3;0.03;none;0.0001;64;0.8;0.999;1.00E-08;0.025112615;-0.002853782;504;1.15
relu;(100, 50, 25);0.3;0.01;l2;1.00E-05;16;0.8;0.9;1.00E-08;0.025112694;-0.002856934;506;0.34
relu;(100, 50, 25);0;0.03;none;0.01;64;0.99;0.999;1.00E-06;0.025112864;-0.002863737;504;0.35
relu;(50, 50, 50);0;0.03;l2;0.01;16;0.8;0.99;1.00E-06;0.025113025;-0.002870162;506;1.12
relu;(100, 50, 25);0.3;0.03;none;0.0001;32;0.9;0.999;1.00E-08;0.025113168;-0.002875875;506;0.92
relu;(50, 50, 50);0;0.03;l1;0.01;32;0.8;0.999;1.00E-08;0.025113292;-0.00288082;506;0.5
relu;(100, 100, 100, 50);0.1;0.03;l1;0.0001;64;0.99;0.99;1.00E-08;0.025113367;-0.002883837;504;1.35
relu;(100, 100, 100, 50);0.1;0.03;none;0.0001;16;0.99;0.9;1.00E-06;0.025113418;-0.002885842;506;1.31
relu;(100, 100, 100, 50);0;0.01;none;1.00E-05;64;0.8;0.999;1.00E-08;0.025113708;-0.002897456;504;1.5
relu;(50, 50, 50);0.3;0.01;l1;0.01;64;0.99;0.9;1.00E-06;0.025113844;-0.002902873;504;0.95
relu;(100, 100, 100, 50);0.1;0.03;l2;0.01;16;0.8;0.999;1.00E-08;0.025113932;-0.002906363;506;0.8
relu;(50, 50, 50);0.3;0.01;none;1.00E-05;32;0.8;0.999;1.00E-08;0.025113939;-0.002906647;506;0.56
relu;(100, 100, 100, 50);0.3;0.001;l2;0.01;64;0.99;0.999;1.00E-06;0.02511412;-0.002913875;504;1.31
relu;(100, 50, 25);0;0.01;l1;0.01;32;0.99;0.999;1.00E-08;0.025114233;-0.002918388;506;0.37
relu;(50, 50, 50);0.1;0.01;l1;0.01;64;0.99;0.9;1.00E-08;0.025114336;-0.002922521;504;0.64
relu;(100, 100, 100, 50);0.3;0.03;l2;1.00E-05;16;0.9;0.9;1.00E-06;0.02511446;-0.002927481;506;1.1
relu;(50, 50, 50);0;0.01;none;0.0001;16;0.9;0.9;1.00E-08;0.025114468;-0.002927795;506;0.31
relu;(100, 50, 25);0;0.01;l1;0.01;64;0.9;0.99;1.00E-06;0.025114826;-0.002942101;504;0.42
relu;(100, 100, 100, 50);0.3;0.03;l2;0.01;16;0.99;0.999;1.00E-08;0.025115259;-0.002959388;506;1.21
relu;(100, 100, 100, 50);0.1;0.03;l1;0.01;16;0.99;0.9;1.00E-06;0.025115355;-0.002963192;506;0.76
relu;(100, 100, 100, 50);0.3;0.03;none;0.0001;32;0.9;0.999;1.00E-08;0.025115372;-0.002963904;506;0.98
relu;(50, 50, 50);0.3;0.01;l2;0.01;64;0.99;0.99;1.00E-08;0.025115386;-0.002964444;504;0.69
relu;(100, 100, 100, 50);0.3;0.03;none;1.00E-05;16;0.99;0.999;1.00E-06;0.02511543;-0.002966218;506;0.89
relu;(50, 50, 50);0.1;0.01;l1;0.01;16;0.99;0.9;1.00E-06;0.025115707;-0.002977277;506;0.62
relu;(50, 50, 50);0;0.03;l1;0.01;64;0.8;0.99;1.00E-06;0.02511572;-0.0029778;504;0.5
relu;(100, 100, 100, 50);0.1;0.01;l1;0.01;32;0.8;0.999;1.00E-08;0.025115843;-0.002982688;506;2.64
relu;(100, 50, 25);0.3;0.03;l1;0.0001;16;0.8;0.999;1.00E-06;0.025116294;-0.00300072;506;1.23
relu;(50, 50, 50);0.1;0.03;l1;0.01;16;0.9;0.999;1.00E-06;0.025116353;-0.003003074;506;0.81
relu;(100, 50, 25);0.3;0.03;l2;1.00E-05;16;0.8;0.99;1.00E-06;0.025116518;-0.003009662;506;0.79
relu;(100, 50, 25);0.1;0.03;l1;0.01;32;0.99;0.9;1.00E-08;0.02511659;-0.00301251;506;1.09
relu;(100, 50, 25);0;0.01;l1;0.01;32;0.8;0.999;1.00E-06;0.025116606;-0.003013149;506;0.35
relu;(100, 50, 25);0.3;0.001;l2;0.0001;64;0.8;0.99;1.00E-06;0.025116716;-0.003017577;504;0.54
relu;(50, 50, 50);0.3;0.03;l1;0.0001;64;0.99;0.999;1.00E-08;0.025116723;-0.00301783;504;1.34
relu;(100, 100, 100, 50);0.3;0.03;l1;1.00E-05;64;0.9;0.9;1.00E-06;0.025116741;-0.003018576;504;1.64
relu;(50, 50, 50);0.3;0.03;l2;0.0001;64;0.99;0.9;1.00E-06;0.025116895;-0.003024703;504;1.05
relu;(100, 100, 100, 50);0.1;0.03;none;1.00E-05;32;0.99;0.999;1.00E-08;0.025117004;-0.003029045;506;1.49
relu;(50, 50, 50);0.3;0.03;l2;0.01;64;0.9;0.9;1.00E-06;0.025117095;-0.003032677;504;1.69
relu;(100, 100, 100, 50);0.3;0.03;l1;0.0001;32;0.8;0.9;1.00E-08;0.025117178;-0.003036015;506;36.6
relu;(100, 50, 25);0;0.03;l1;0.01;64;0.8;0.99;1.00E-06;0.025117255;-0.003039073;504;0.48
relu;(50, 50, 50);0.1;0.03;l1;1.00E-05;32;0.99;0.9;1.00E-08;0.025117507;-0.003049145;506;0.47
relu;(50, 50, 50);0.3;0.01;l1;0.0001;32;0.99;0.9;1.00E-08;0.025117719;-0.003057629;506;0.61
relu;(100, 100, 100, 50);0.3;0.01;l1;0.01;64;0.9;0.9;1.00E-06;0.025117778;-0.003059954;504;1.22
relu;(50, 50, 50);0.3;0.03;none;0.01;64;0.99;0.999;1.00E-06;0.025118253;-0.003078934;504;0.88
relu;(100, 50, 25);0.3;0.03;l1;0.0001;16;0.8;0.999;1.00E-08;0.025118359;-0.003083187;506;1.01
relu;(100, 50, 25);0.1;0.03;none;1.00E-05;16;0.9;0.99;1.00E-08;0.025118469;-0.003087561;506;1.04
relu;(100, 50, 25);0.1;0.03;l1;0.01;32;0.8;0.999;1.00E-06;0.025118798;-0.003100699;506;1.17
relu;(100, 50, 25);0.3;0.03;l1;1.00E-05;32;0.8;0.9;1.00E-06;0.025118871;-0.003103632;506;1.24
relu;(50, 50, 50);0.3;0.01;l2;0.0001;16;0.99;0.999;1.00E-08;0.025118892;-0.003104466;506;0.71
relu;(100, 100, 100, 50);0.3;0.01;l2;0.0001;16;0.9;0.99;1.00E-06;0.02511913;-0.003113966;506;0.65
relu;(100, 100, 100, 50);0.3;0.03;l1;0.0001;32;0.9;0.9;1.00E-08;0.025119188;-0.003116264;506;1.8
relu;(50, 50, 50);0.1;0.01;l1;0.0001;32;0.99;0.9;1.00E-06;0.025119424;-0.003125719;506;0.68
relu;(50, 50, 50);0.1;0.03;l2;1.00E-05;16;0.99;0.9;1.00E-08;0.025119806;-0.003140937;506;0.81
relu;(100, 100, 100, 50);0.3;0.01;l2;1.00E-05;64;0.9;0.9;1.00E-06;0.025119817;-0.003141389;504;1.2
relu;(100, 100, 100, 50);0.3;0.01;l2;0.01;64;0.9;0.99;1.00E-08;0.025119845;-0.00314253;504;1.29
relu;(100, 100, 100, 50);0.1;0.01;l2;0.01;16;0.99;0.999;1.00E-08;0.025119985;-0.003148091;506;1.36
relu;(100, 100, 100, 50);0.3;0.03;none;0.01;64;0.8;0.999;1.00E-06;0.025120132;-0.003153963;504;1.29
relu;(100, 100, 100, 50);0.3;0.03;l2;1.00E-05;64;0.9;0.99;1.00E-06;0.025120391;-0.003164313;504;1.54
relu;(50, 50, 50);0.3;0.01;l1;1.00E-05;16;0.9;0.9;1.00E-06;0.025120694;-0.003176399;506;0.61
relu;(100, 50, 25);0.1;0.01;l1;0.01;32;0.8;0.9;1.00E-08;0.025120779;-0.003179801;506;1.4
relu;(50, 50, 50);0.3;0.001;l1;1.00E-05;64;0.9;0.999;1.00E-08;0.025120818;-0.003181358;504;0.76
relu;(100, 100, 100, 50);0;0.03;l1;0.01;16;0.9;0.999;1.00E-06;0.025121022;-0.003189531;506;1.3
relu;(100, 100, 100, 50);0.1;0.03;none;0.01;16;0.99;0.9;1.00E-08;0.025121275;-0.003199636;506;1.37
relu;(100, 100, 100, 50);0.3;0.03;l2;0.0001;64;0.9;0.9;1.00E-06;0.025121279;-0.003199765;504;1.75
relu;(100, 100, 100, 50);0.1;0.03;l1;1.00E-05;64;0.99;0.99;1.00E-06;0.025121399;-0.003204553;504;1.86
relu;(100, 50, 25);0.3;0.03;none;0.0001;32;0.8;0.99;1.00E-06;0.025121493;-0.003208338;506;0.97
relu;(100, 100, 100, 50);0.3;0.01;l1;1.00E-05;16;0.99;0.999;1.00E-06;0.025121577;-0.003211694;506;0.76
relu;(100, 50, 25);0.3;0.03;none;1.00E-05;32;0.99;0.999;1.00E-06;0.025121639;-0.003214146;506;1
relu;(100, 50, 25);0.3;0.03;none;0.01;16;0.99;0.999;1.00E-08;0.025121706;-0.003216813;506;0.91
relu;(100, 100, 100, 50);0.3;0.001;l1;0.01;32;0.9;0.999;1.00E-06;0.025121752;-0.003218665;506;0.75
relu;(100, 50, 25);0;0.001;l2;1.00E-05;32;0.99;0.9;1.00E-06;0.025121992;-0.003228235;506;0.85
relu;(100, 50, 25);0.3;0.03;none;0.0001;64;0.8;0.99;1.00E-06;0.02512205;-0.003230561;504;1.09
relu;(50, 50, 50);0.3;0.03;l2;0.01;32;0.9;0.9;1.00E-06;0.025122065;-0.003231178;506;0.83
relu;(100, 100, 100, 50);0.3;0.001;l2;0.01;32;0.99;0.9;1.00E-08;0.025122345;-0.003242348;506;0.87
relu;(50, 50, 50);0.3;0.03;none;0.01;16;0.8;0.99;1.00E-08;0.025122534;-0.003249887;506;0.49
relu;(50, 50, 50);0.3;0.001;l1;0.01;32;0.9;0.9;1.00E-06;0.025122567;-0.003251229;506;0.83
relu;(100, 100, 100, 50);0.1;0.03;l2;0.01;32;0.8;0.9;1.00E-06;0.025122662;-0.003255;506;1.1
relu;(100, 50, 25);0.3;0.01;none;0.0001;64;0.9;0.99;1.00E-06;0.025122697;-0.003256419;504;0.45
relu;(100, 50, 25);0.3;0.03;l1;0.01;16;0.8;0.999;1.00E-08;0.025122778;-0.003259633;506;1.6
relu;(100, 100, 100, 50);0.3;0.01;none;1.00E-05;32;0.8;0.99;1.00E-08;0.025122784;-0.003259866;506;0.84
relu;(100, 50, 25);0.3;0.01;l1;1.00E-05;16;0.9;0.99;1.00E-08;0.02512314;-0.003274103;506;0.59
relu;(50, 50, 50);0.3;0.01;l1;1.00E-05;64;0.99;0.9;1.00E-06;0.025123447;-0.003286339;504;0.85
relu;(100, 100, 100, 50);0.3;0.03;l2;1.00E-05;16;0.99;0.99;1.00E-06;0.025123508;-0.003288776;506;1.17
relu;(100, 50, 25);0.1;0.01;l1;0.01;32;0.99;0.9;1.00E-06;0.025123635;-0.003293871;506;1.31
relu;(100, 100, 100, 50);0.3;0.03;l2;0.01;16;0.8;0.9;1.00E-08;0.025123838;-0.003301969;506;0.92
relu;(50, 50, 50);0.3;0.01;l2;1.00E-05;32;0.8;0.99;1.00E-06;0.025123843;-0.003302151;506;0.63
relu;(50, 50, 50);0.3;0.01;l1;0.0001;64;0.99;0.9;1.00E-06;0.025123915;-0.003305065;504;0.81
relu;(100, 50, 25);0.3;0.01;none;1.00E-05;64;0.9;0.99;1.00E-06;0.02512393;-0.003305632;504;0.54
relu;(100, 100, 100, 50);0.3;0.03;none;0.01;32;0.8;0.9;1.00E-08;0.025123999;-0.0033084;506;0.68
relu;(100, 50, 25);0.1;0.03;l2;1.00E-05;16;0.99;0.99;1.00E-08;0.025124422;-0.003325312;506;0.79
relu;(100, 50, 25);0;0.03;l1;0.01;16;0.8;0.99;1.00E-08;0.025124504;-0.003328551;506;0.33
relu;(100, 100, 100, 50);0.3;0.03;none;0.01;32;0.99;0.9;1.00E-06;0.025124713;-0.003336919;506;0.71
relu;(100, 50, 25);0.3;0.03;l2;0.0001;16;0.8;0.9;1.00E-06;0.02512494;-0.003345987;506;0.89
relu;(50, 50, 50);0.3;0.03;l1;1.00E-05;16;0.9;0.99;1.00E-08;0.025125;-0.003348364;506;0.79
relu;(100, 100, 100, 50);0.1;0.03;l1;0.0001;16;0.9;0.9;1.00E-08;0.025125127;-0.003353429;506;1.6
relu;(100, 100, 100, 50);0.3;0.03;none;0.01;64;0.9;0.999;1.00E-08;0.025125195;-0.003356152;504;1.94
relu;(100, 50, 25);0.1;0.001;l2;0.0001;64;0.9;0.99;1.00E-06;0.025125301;-0.003360408;504;1.05
relu;(100, 100, 100, 50);0.3;0.001;l1;0.01;64;0.9;0.99;1.00E-08;0.025125422;-0.003365244;504;1.23
relu;(100, 100, 100, 50);0.1;0.001;l1;0.01;16;0.9;0.9;1.00E-08;0.025125543;-0.003370077;506;1.69
relu;(100, 50, 25);0.3;0.01;l2;0.0001;64;0.99;0.9;1.00E-06;0.025125859;-0.003382682;504;0.99
relu;(100, 100, 100, 50);0.3;0.03;l2;0.0001;32;0.9;0.9;1.00E-06;0.025125959;-0.003386669;506;1.26
relu;(50, 50, 50);0.3;0.01;l2;0.01;64;0.99;0.9;1.00E-06;0.025126034;-0.003389672;504;0.67
relu;(100, 50, 25);0.3;0.03;none;1.00E-05;32;0.9;0.999;1.00E-06;0.025126379;-0.00340343;506;1.08
relu;(100, 50, 25);0;0.03;l1;0.01;64;0.99;0.99;1.00E-06;0.025126719;-0.00341703;504;0.78
relu;(100, 50, 25);0.3;0.03;l2;1.00E-05;64;0.8;0.9;1.00E-08;0.025126848;-0.003422178;504;1
relu;(50, 50, 50);0.1;0.03;l2;0.01;32;0.99;0.999;1.00E-06;0.025126863;-0.003422774;506;0.81
relu;(50, 50, 50);0.3;0.03;none;0.0001;32;0.9;0.999;1.00E-08;0.025127049;-0.003430182;506;0.6
relu;(100, 100, 100, 50);0.3;0.01;l2;0.0001;32;0.9;0.9;1.00E-08;0.025127115;-0.003432818;506;0.67
relu;(100, 100, 100, 50);0.3;0.03;l1;0.01;16;0.99;0.999;1.00E-06;0.025127192;-0.003435928;506;0.78
relu;(100, 50, 25);0.3;0.01;l1;1.00E-05;16;0.8;0.999;1.00E-06;0.02512729;-0.003439829;506;0.53
relu;(100, 50, 25);0.3;0.03;l1;0.01;32;0.9;0.999;1.00E-08;0.025127313;-0.003440752;506;1.47
relu;(50, 50, 50);0.1;0.01;none;0.0001;64;0.8;0.99;1.00E-08;0.025127691;-0.003455852;504;1.15
relu;(100, 50, 25);0.3;0.03;none;0.01;32;0.99;0.99;1.00E-08;0.025128084;-0.00347155;506;0.84
relu;(100, 100, 100, 50);0.1;0.01;l2;0.01;64;0.99;0.999;1.00E-08;0.025128097;-0.003472048;504;2.11
relu;(50, 50, 50);0.1;0.01;l1;0.01;32;0.99;0.99;1.00E-06;0.025128505;-0.003488336;506;0.61
relu;(100, 100, 100, 50);0;0.01;none;0.01;64;0.8;0.9;1.00E-06;0.025128634;-0.003493484;504;1.38
relu;(50, 50, 50);0.1;0.001;l1;0.0001;32;0.8;0.99;1.00E-08;0.025128636;-0.003493583;506;0.46
relu;(50, 50, 50);0.3;0.01;l2;1.00E-05;64;0.9;0.999;1.00E-06;0.025128843;-0.003501828;504;0.82
relu;(100, 50, 25);0.3;0.03;none;0.0001;32;0.8;0.999;1.00E-08;0.025129163;-0.003514604;506;0.94
relu;(100, 50, 25);0.3;0.01;l2;0.01;32;0.8;0.999;1.00E-06;0.025129289;-0.003519647;506;0.99
relu;(50, 50, 50);0.1;0.01;l1;0.01;16;0.9;0.9;1.00E-06;0.025129291;-0.003519727;506;0.51
relu;(100, 100, 100, 50);0.1;0.03;l1;0.01;16;0.99;0.9;1.00E-08;0.025129371;-0.003522918;506;0.72
relu;(100, 100, 100, 50);0.1;0.03;l2;0.01;64;0.8;0.999;1.00E-06;0.025129834;-0.003541407;504;0.9
relu;(100, 50, 25);0;0.001;l1;0.01;32;0.8;0.99;1.00E-08;0.025130361;-0.003562479;506;0.85
relu;(100, 50, 25);0.3;0.01;l1;1.00E-05;32;0.8;0.999;1.00E-08;0.025130496;-0.003567848;506;0.53
relu;(100, 50, 25);0.1;0.03;l1;0.01;64;0.8;0.9;1.00E-06;0.025131182;-0.00359524;504;1.27
relu;(100, 100, 100, 50);0.3;0.01;none;0.0001;16;0.8;0.99;1.00E-06;0.02513128;-0.003599173;506;0.62
relu;(100, 50, 25);0.3;0.001;l1;0.0001;16;0.99;0.999;1.00E-08;0.025131423;-0.00360488;506;0.44
relu;(50, 50, 50);0;0.03;l1;0.01;64;0.99;0.999;1.00E-08;0.025131499;-0.003607913;504;0.46
relu;(100, 50, 25);0.3;0.03;none;1.00E-05;16;0.99;0.99;1.00E-06;0.025131594;-0.003611693;506;0.96
relu;(100, 50, 25);0.3;0.03;none;0.01;32;0.8;0.99;1.00E-06;0.025131645;-0.003613722;506;0.83
relu;(100, 50, 25);0.1;0.03;none;1.00E-05;16;0.99;0.9;1.00E-08;0.025131689;-0.003615479;506;1.01
relu;(100, 50, 25);0.3;0.03;l2;1.00E-05;64;0.9;0.999;1.00E-08;0.025131894;-0.003623687;504;0.93
relu;(50, 50, 50);0.3;0.03;l1;1.00E-05;32;0.99;0.999;1.00E-06;0.025132029;-0.003629057;506;0.51
relu;(100, 50, 25);0.3;0.03;none;0.01;64;0.8;0.9;1.00E-08;0.025132217;-0.003636579;504;0.89
relu;(50, 50, 50);0.3;0.03;none;1.00E-05;64;0.8;0.999;1.00E-06;0.025132254;-0.003638075;504;0.79
relu;(100, 100, 100, 50);0.3;0.03;l1;0.0001;32;0.9;0.9;1.00E-06;0.025132513;-0.003648395;506;1.84
relu;(50, 50, 50);0.3;0.03;none;1.00E-05;64;0.99;0.99;1.00E-06;0.025132645;-0.003653672;504;0.69
relu;(50, 50, 50);0;0.03;l1;0.01;64;0.99;0.99;1.00E-06;0.025132788;-0.003659397;504;0.48
relu;(100, 100, 100, 50);0.3;0.01;l1;1.00E-05;16;0.99;0.9;1.00E-08;0.025132964;-0.003666422;506;0.76
relu;(100, 100, 100, 50);0.1;0.03;none;1.00E-05;32;0.99;0.999;1.00E-06;0.025133105;-0.003672038;506;1.45
relu;(100, 100, 100, 50);0.3;0.03;l2;1.00E-05;16;0.8;0.999;1.00E-08;0.025133301;-0.003679884;506;1.02
relu;(100, 100, 100, 50);0.3;0.03;l2;1.00E-05;64;0.99;0.99;1.00E-06;0.025133489;-0.003687359;504;1.47
relu;(50, 50, 50);0.3;0.01;none;0.01;64;0.9;0.9;1.00E-08;0.025134265;-0.003718379;504;0.85
relu;(100, 100, 100, 50);0.3;0.01;none;1.00E-05;32;0.99;0.999;1.00E-06;0.025134288;-0.003719285;506;0.89
relu;(100, 100, 100, 50);0.3;0.03;l1;0.01;16;0.8;0.999;1.00E-06;0.025134537;-0.003729244;506;2.07
relu;(50, 50, 50);0.1;0.001;l1;0.01;16;0.99;0.999;1.00E-06;0.025134866;-0.003742382;506;0.46
relu;(100, 50, 25);0.3;0.03;none;0.0001;32;0.9;0.99;1.00E-08;0.025134907;-0.003743987;506;0.93
relu;(100, 50, 25);0.3;0.01;l1;1.00E-05;64;0.9;0.99;1.00E-06;0.025135029;-0.003748862;504;0.67
relu;(100, 100, 100, 50);0.3;0.03;l2;1.00E-05;16;0.99;0.9;1.00E-06;0.025135088;-0.003751235;506;1.02
relu;(50, 50, 50);0.3;0.001;l1;0.01;64;0.9;0.99;1.00E-08;0.025135186;-0.003755151;504;0.92
relu;(100, 100, 100, 50);0.3;0.001;l1;1.00E-05;32;0.8;0.9;1.00E-06;0.025135231;-0.003756933;506;0.96
relu;(100, 50, 25);0.1;0.03;l2;1.00E-05;32;0.99;0.99;1.00E-08;0.025135244;-0.003757446;506;0.85
relu;(100, 50, 25);0.1;0.03;l2;0.0001;16;0.99;0.99;1.00E-06;0.025135315;-0.003760288;506;0.75
relu;(100, 50, 25);0.3;0.03;l2;1.00E-05;32;0.8;0.99;1.00E-08;0.025136066;-0.003790278;506;0.8
relu;(100, 100, 100, 50);0.3;0.01;l2;0.0001;16;0.9;0.999;1.00E-08;0.025136286;-0.003799073;506;0.62
relu;(100, 100, 100, 50);0.3;0.01;l2;1.00E-05;64;0.99;0.9;1.00E-08;0.025136324;-0.003800583;504;1.31
relu;(100, 50, 25);0;0.01;l1;0.01;64;0.8;0.99;1.00E-08;0.025136371;-0.003802478;504;0.42
relu;(100, 100, 100, 50);0.1;0.03;none;1.00E-05;16;0.99;0.9;1.00E-08;0.025136372;-0.003802504;506;1.33
relu;(100, 100, 100, 50);0.3;0.01;l1;0.0001;16;0.9;0.999;1.00E-08;0.025136873;-0.003822508;506;0.73
relu;(100, 50, 25);0.3;0.03;l2;0.0001;32;0.9;0.999;1.00E-08;0.025136883;-0.0038229;506;1.11
relu;(50, 50, 50);0.1;0.03;l2;0.01;16;0.8;0.9;1.00E-08;0.025136988;-0.003827097;506;0.65
relu;(50, 50, 50);0.3;0.03;l2;0.0001;32;0.99;0.99;1.00E-06;0.025136991;-0.003827236;506;0.88
relu;(50, 50, 50);0;0.001;l2;0.0001;64;0.9;0.99;1.00E-06;0.025136996;-0.00382744;504;0.4
relu;(50, 50, 50);0.3;0.01;none;0.0001;32;0.8;0.999;1.00E-06;0.025137019;-0.003828364;506;0.64
relu;(50, 50, 50);0.3;0.03;l2;1.00E-05;16;0.9;0.9;1.00E-06;0.02513716;-0.003833989;506;1.15
relu;(50, 50, 50);0.3;0.03;l2;0.01;16;0.9;0.9;1.00E-08;0.025137185;-0.003834974;506;0.48
relu;(100, 100, 100, 50);0.3;0.03;l2;0.01;64;0.9;0.99;1.00E-08;0.025137459;-0.003845913;504;1.54
relu;(50, 50, 50);0;0.01;l1;0.01;16;0.9;0.9;1.00E-06;0.025137864;-0.003862081;506;0.37
relu;(100, 50, 25);0.3;0.01;l1;0.01;16;0.9;0.999;1.00E-08;0.025137977;-0.003866599;506;0.41
relu;(50, 50, 50);0.3;0.03;none;0.01;32;0.99;0.999;1.00E-06;0.025137991;-0.003867154;506;0.52
relu;(50, 50, 50);0.3;0.03;l1;1.00E-05;64;0.99;0.999;1.00E-06;0.025138016;-0.003868142;504;0.81
relu;(100, 100, 100, 50);0.1;0.01;none;0.01;32;0.99;0.9;1.00E-08;0.025138057;-0.003869811;506;1.67
relu;(100, 100, 100, 50);0.3;0.03;none;0.0001;64;0.8;0.9;1.00E-08;0.025138109;-0.003871878;504;0.96
relu;(100, 100, 100, 50);0;0.001;l1;0.01;16;0.9;0.999;1.00E-08;0.025138413;-0.003884024;506;1.21
relu;(100, 100, 100, 50);0.3;0.03;none;0.01;32;0.9;0.999;1.00E-08;0.025138538;-0.003889019;506;0.8
relu;(100, 100, 100, 50);0.1;0.01;l2;0.01;64;0.99;0.9;1.00E-06;0.025138571;-0.003890307;504;2.17
relu;(100, 100, 100, 50);0.3;0.01;l2;0.01;32;0.9;0.99;1.00E-06;0.025138599;-0.003891458;506;0.77
relu;(100, 100, 100, 50);0.3;0.01;none;0.0001;64;0.8;0.99;1.00E-06;0.025138726;-0.003896524;504;1.01
relu;(100, 100, 100, 50);0.3;0.01;l2;1.00E-05;32;0.8;0.999;1.00E-08;0.025138959;-0.003905806;506;0.66
relu;(50, 50, 50);0.3;0.03;none;0.01;64;0.99;0.99;1.00E-06;0.02513927;-0.003918238;504;0.65
relu;(100, 100, 100, 50);0.1;0.03;l1;0.01;32;0.99;0.999;1.00E-08;0.025139322;-0.003920332;506;0.82
relu;(100, 100, 100, 50);0.3;0.01;l2;1.00E-05;32;0.99;0.9;1.00E-08;0.025139387;-0.003922896;506;0.71
relu;(100, 50, 25);0.3;0.03;l2;0.01;32;0.8;0.99;1.00E-06;0.025139444;-0.003925189;506;1.12
relu;(50, 50, 50);0.3;0.01;l2;0.01;32;0.8;0.9;1.00E-08;0.025139712;-0.003935875;506;0.7
relu;(50, 50, 50);0.3;0.01;none;1.00E-05;64;0.8;0.9;1.00E-06;0.025139736;-0.003936847;504;0.64
relu;(50, 50, 50);0.3;0.03;none;1.00E-05;32;0.9;0.9;1.00E-08;0.025140187;-0.003954838;506;0.66
relu;(100, 50, 25);0.1;0.01;l1;0.0001;16;0.99;0.999;1.00E-06;0.025140214;-0.003955948;506;1.09
relu;(100, 100, 100, 50);0.1;0.03;l1;1.00E-05;64;0.9;0.9;1.00E-06;0.025140386;-0.003962805;504;2.15
relu;(100, 100, 100, 50);0.3;0.01;l2;1.00E-05;16;0.9;0.9;1.00E-06;0.025140591;-0.003970978;506;0.61
relu;(100, 100, 100, 50);0.3;0.01;none;0.01;16;0.99;0.99;1.00E-06;0.025141085;-0.003990731;506;0.6
relu;(50, 50, 50);0.3;0.03;l2;0.0001;64;0.8;0.99;1.00E-08;0.025141359;-0.004001657;504;0.94
relu;(100, 50, 25);0;0.03;l1;0.01;32;0.9;0.9;1.00E-08;0.025141408;-0.004003634;506;0.39
relu;(100, 50, 25);0.3;0.03;none;0.0001;16;0.8;0.999;1.00E-06;0.025141411;-0.004003721;506;0.94
relu;(50, 50, 50);0.3;0.03;l1;0.01;32;0.8;0.999;1.00E-06;0.025141751;-0.00401733;506;1.68
relu;(100, 100, 100, 50);0.1;0.03;none;1.00E-05;16;0.99;0.999;1.00E-06;0.025142101;-0.004031272;506;1.31
relu;(50, 50, 50);0.1;0.01;l1;0.01;64;0.99;0.9;1.00E-06;0.025142138;-0.004032757;504;0.71
relu;(100, 50, 25);0.3;0.03;l2;1.00E-05;16;0.99;0.999;1.00E-06;0.025142241;-0.00403687;506;0.76
relu;(100, 100, 100, 50);0.1;0.01;l2;0.01;32;0.99;0.999;1.00E-06;0.02514265;-0.004053208;506;1.49
relu;(100, 50, 25);0;0.001;l1;0.01;64;0.9;0.99;1.00E-08;0.025142716;-0.004055866;504;1.02
relu;(100, 100, 100, 50);0;0.01;l1;0.01;64;0.99;0.999;1.00E-06;0.02514302;-0.004067995;504;1.41
relu;(50, 50, 50);0.1;0.01;l1;0.01;16;0.99;0.999;1.00E-08;0.025143199;-0.00407514;506;0.71
relu;(100, 50, 25);0.3;0.03;none;0.01;16;0.9;0.9;1.00E-06;0.025143288;-0.004078704;506;0.64
relu;(100, 50, 25);0.3;0.01;l1;0.01;64;0.9;0.99;1.00E-06;0.025143426;-0.004084197;504;0.71
relu;(100, 100, 100, 50);0.1;0.01;l1;0.01;16;0.8;0.999;1.00E-06;0.02514352;-0.004087968;506;1.67
relu;(100, 50, 25);0.3;0.03;none;0.01;32;0.9;0.999;1.00E-08;0.025143724;-0.00409609;506;0.77
relu;(50, 50, 50);0.3;0.01;l2;0.0001;16;0.99;0.999;1.00E-06;0.025143852;-0.004101218;506;0.66
relu;(100, 100, 100, 50);0.3;0.01;none;0.0001;32;0.9;0.9;1.00E-08;0.025143854;-0.004101276;506;0.71
relu;(100, 100, 100, 50);0.3;0.03;none;0.01;64;0.99;0.999;1.00E-08;0.025144316;-0.004119732;504;1.38
relu;(50, 50, 50);0.3;0.03;l1;0.0001;64;0.9;0.99;1.00E-06;0.025144387;-0.004122583;504;0.98
relu;(100, 100, 100, 50);0.1;0.01;l1;0.01;64;0.8;0.9;1.00E-06;0.025144484;-0.004126451;504;2.01
relu;(100, 100, 100, 50);0.3;0.01;none;0.01;32;0.9;0.999;1.00E-06;0.025144762;-0.004137573;506;0.82
relu;(100, 100, 100, 50);0.1;0.01;l1;0.01;32;0.99;0.99;1.00E-08;0.025144994;-0.00414682;506;1.67
relu;(100, 100, 100, 50);0.3;0.03;l1;0.01;32;0.9;0.999;1.00E-06;0.025145068;-0.004149767;506;2.2
relu;(50, 50, 50);0.3;0.01;l2;0.01;64;0.9;0.9;1.00E-08;0.025145131;-0.004152284;504;0.61
relu;(50, 50, 50);0.3;0.03;l1;1.00E-05;32;0.9;0.999;1.00E-06;0.02514526;-0.004157455;506;0.76
relu;(50, 50, 50);0.3;0.001;l2;1.00E-05;64;0.99;0.999;1.00E-08;0.025145465;-0.004165617;504;0.83
relu;(100, 100, 100, 50);0.1;0.03;none;1.00E-05;16;0.99;0.999;1.00E-08;0.025145601;-0.004171069;506;1.34
relu;(50, 50, 50);0.3;0.01;none;0.0001;16;0.99;0.99;1.00E-08;0.025145691;-0.004174635;506;0.66
relu;(50, 50, 50);0.1;0.001;l1;0.01;64;0.99;0.99;1.00E-08;0.025145734;-0.004176358;504;0.59
relu;(50, 50, 50);0.1;0.03;l2;0.01;32;0.99;0.9;1.00E-08;0.025145852;-0.004181076;506;0.65
relu;(100, 50, 25);0.3;0.03;l2;1.00E-05;16;0.8;0.99;1.00E-08;0.025145958;-0.004185302;506;0.78
relu;(100, 100, 100, 50);0.3;0.01;none;0.01;64;0.99;0.999;1.00E-06;0.025145966;-0.004185637;504;1.03
relu;(100, 100, 100, 50);0.3;0.01;l1;0.0001;32;0.8;0.9;1.00E-08;0.02514601;-0.004187401;506;0.82
relu;(100, 100, 100, 50);0.1;0.001;l1;1.00E-05;32;0.9;0.999;1.00E-06;0.025146018;-0.004187718;506;1.81
relu;(100, 100, 100, 50);0;0.03;l2;0.01;32;0.9;0.9;1.00E-08;0.025146079;-0.004190139;506;1.26
relu;(50, 50, 50);0.3;0.001;l1;0.01;64;0.9;0.9;1.00E-08;0.025146753;-0.004217083;504;0.82
relu;(50, 50, 50);0.3;0.01;l1;0.01;32;0.9;0.99;1.00E-06;0.025146838;-0.004220473;506;0.52
relu;(50, 50, 50);0.3;0.03;none;0.0001;32;0.8;0.999;1.00E-08;0.025146855;-0.00422113;506;0.44
relu;(50, 50, 50);0;0.03;none;0.01;32;0.9;0.999;1.00E-08;0.025147039;-0.004228489;506;0.34
relu;(100, 50, 25);0;0.001;none;1.00E-05;16;0.9;0.9;1.00E-08;0.025147503;-0.004247024;506;1.25
relu;(100, 50, 25);0;0.01;l1;0.01;16;0.9;0.9;1.00E-08;0.02514799;-0.004266472;506;0.45
relu;(100, 50, 25);0;0.001;l1;0.01;16;0.8;0.99;1.00E-08;0.0251481;-0.004270867;506;0.74
relu;(50, 50, 50);0;0.001;none;1.00E-05;64;0.99;0.999;1.00E-08;0.025148132;-0.004272119;504;0.37
relu;(100, 50, 25);0.3;0.01;none;1.00E-05;32;0.9;0.9;1.00E-08;0.025148244;-0.004276598;506;0.39
relu;(100, 50, 25);0.1;0.03;l1;1.00E-05;16;0.99;0.999;1.00E-06;0.025148411;-0.004283282;506;0.88
relu;(100, 100, 100, 50);0.3;0.03;none;1.00E-05;32;0.9;0.999;1.00E-08;0.025148456;-0.004285087;506;0.67
relu;(100, 50, 25);0.3;0.03;l1;1.00E-05;16;0.99;0.999;1.00E-06;0.025148632;-0.004292086;506;0.99
relu;(100, 50, 25);0.3;0.03;none;0.01;64;0.99;0.9;1.00E-06;0.025148893;-0.004302505;504;0.93
relu;(50, 50, 50);0.3;0.01;l1;0.01;16;0.8;0.999;1.00E-06;0.02514899;-0.004306393;506;0.61
relu;(100, 100, 100, 50);0;0.01;none;0.0001;16;0.99;0.9;1.00E-08;0.025149089;-0.004310333;506;1.2
relu;(50, 50, 50);0.3;0.03;none;0.0001;64;0.8;0.99;1.00E-08;0.025149097;-0.004310677;504;0.55
relu;(50, 50, 50);0.1;0.03;l2;0.0001;32;0.99;0.9;1.00E-06;0.025149105;-0.004310981;506;0.67
relu;(100, 100, 100, 50);0.1;0.001;l1;0.01;64;0.99;0.9;1.00E-06;0.025149196;-0.004314612;504;2.08
relu;(100, 100, 100, 50);0;0.03;l1;0.01;16;0.8;0.999;1.00E-06;0.025149339;-0.004320329;506;1.25
relu;(50, 50, 50);0.1;0.01;l2;0.01;64;0.99;0.999;1.00E-08;0.025149403;-0.0043229;504;0.81
relu;(100, 100, 100, 50);0.3;0.001;none;0.01;32;0.99;0.9;1.00E-06;0.025149592;-0.004330427;506;0.7
relu;(100, 50, 25);0.1;0.01;l2;0.01;32;0.9;0.999;1.00E-08;0.025149895;-0.004342551;506;0.97
relu;(50, 50, 50);0;0.01;l1;0.01;16;0.99;0.99;1.00E-08;0.0251499;-0.00434273;506;0.37
relu;(100, 50, 25);0.3;0.03;l2;0.01;16;0.99;0.9;1.00E-06;0.025150101;-0.004350751;506;0.98
relu;(100, 50, 25);0.3;0.001;l1;0.01;32;0.9;0.99;1.00E-06;0.025150173;-0.00435364;506;0.44
relu;(100, 50, 25);0.3;0.01;l1;1.00E-05;16;0.99;0.99;1.00E-06;0.025150285;-0.004358119;506;0.58
relu;(100, 50, 25);0.3;0.01;l1;0.01;64;0.8;0.9;1.00E-06;0.025150475;-0.004365693;504;0.52
relu;(100, 100, 100, 50);0.3;0.01;l1;1.00E-05;32;0.8;0.9;1.00E-06;0.02515094;-0.004384267;506;0.74
relu;(100, 50, 25);0.1;0.03;l1;0.01;16;0.99;0.999;1.00E-06;0.025151137;-0.00439213;506;1.07
relu;(50, 50, 50);0.3;0.03;none;0.0001;32;0.9;0.9;1.00E-06;0.025151206;-0.004394903;506;0.5
relu;(100, 50, 25);0.3;0.03;l2;0.01;16;0.8;0.999;1.00E-06;0.025151539;-0.004408179;506;1.42
relu;(100, 100, 100, 50);0.3;0.01;none;0.01;64;0.9;0.9;1.00E-06;0.025151654;-0.004412802;504;1.12
relu;(100, 100, 100, 50);0.3;0.01;l1;1.00E-05;64;0.99;0.99;1.00E-06;0.025151695;-0.004414416;504;1.06
relu;(100, 50, 25);0.1;0.03;l1;0.01;64;0.9;0.999;1.00E-08;0.025151798;-0.004418531;504;1.1
relu;(100, 50, 25);0.3;0.03;l1;0.0001;32;0.99;0.9;1.00E-06;0.025151818;-0.004419339;506;1.84
relu;(50, 50, 50);0.1;0.03;l1;0.01;64;0.99;0.9;1.00E-06;0.025152096;-0.004430451;504;0.86
relu;(100, 100, 100, 50);0.3;0.001;l1;0.01;16;0.99;0.999;1.00E-08;0.025152332;-0.004439874;506;0.68
relu;(100, 100, 100, 50);0.3;0.03;l2;0.0001;32;0.8;0.9;1.00E-06;0.025152591;-0.004450208;506;1.12
relu;(100, 50, 25);0.3;0.03;l1;1.00E-05;32;0.8;0.9;1.00E-08;0.025152743;-0.004456266;506;1.25
relu;(100, 100, 100, 50);0.3;0.01;l1;1.00E-05;32;0.9;0.9;1.00E-06;0.025153012;-0.004467027;506;0.82
relu;(100, 100, 100, 50);0.3;0.03;none;0.01;16;0.9;0.99;1.00E-06;0.025153376;-0.004481546;506;0.63
relu;(50, 50, 50);0.1;0.03;none;0.01;64;0.99;0.999;1.00E-06;0.025153498;-0.004486417;504;0.59
relu;(100, 50, 25);0.3;0.01;l2;0.0001;16;0.8;0.9;1.00E-08;0.025153618;-0.004491198;506;0.34
relu;(100, 50, 25);0.3;0.03;none;0.0001;64;0.99;0.99;1.00E-08;0.025153627;-0.004491579;504;0.89
relu;(50, 50, 50);0.3;0.01;l2;0.01;16;0.8;0.9;1.00E-08;0.025154367;-0.004521123;506;0.58
relu;(50, 50, 50);0.3;0.01;l1;0.01;32;0.9;0.999;1.00E-08;0.025154386;-0.004521878;506;0.86
relu;(100, 50, 25);0.1;0.01;l1;0.01;32;0.99;0.99;1.00E-06;0.025154509;-0.004526803;506;1.11
relu;(50, 50, 50);0.3;0.03;none;0.01;64;0.9;0.9;1.00E-06;0.025154523;-0.004527368;504;0.71
relu;(100, 100, 100, 50);0.1;0.01;l1;0.01;16;0.9;0.999;1.00E-06;0.025155265;-0.004556975;506;1.76
relu;(100, 100, 100, 50);0.3;0.001;l2;0.01;64;0.99;0.9;1.00E-06;0.025156032;-0.004587604;504;1.08
relu;(100, 100, 100, 50);0.1;0.01;l2;0.01;32;0.9;0.999;1.00E-06;0.025156052;-0.004588397;506;1.55
relu;(100, 100, 100, 50);0;0.01;l1;0.01;32;0.9;0.99;1.00E-08;0.025156116;-0.004590959;506;1.14
relu;(50, 50, 50);0.3;0.03;l2;0.0001;64;0.99;0.999;1.00E-06;0.02515631;-0.004598717;504;0.67
relu;(100, 100, 100, 50);0.3;0.03;none;1.00E-05;64;0.9;0.999;1.00E-06;0.025156483;-0.004605605;504;1.18
relu;(100, 100, 100, 50);0.3;0.01;l2;0.0001;64;0.99;0.99;1.00E-08;0.025156545;-0.004608093;504;1.31
relu;(100, 50, 25);0.3;0.03;l2;1.00E-05;64;0.99;0.999;1.00E-08;0.025156877;-0.004621369;504;1.13
relu;(100, 50, 25);0;0.001;l1;0.01;32;0.8;0.999;1.00E-06;0.025156921;-0.004623121;506;0.96
relu;(100, 100, 100, 50);0.3;0.01;l1;0.01;32;0.9;0.9;1.00E-08;0.025156969;-0.004625037;506;1.02
relu;(100, 50, 25);0.3;0.03;l2;0.01;32;0.99;0.99;1.00E-06;0.025157074;-0.004629241;506;1.19
relu;(100, 50, 25);0.3;0.03;none;0.0001;64;0.99;0.999;1.00E-06;0.025157329;-0.004639408;504;1.09
relu;(100, 100, 100, 50);0.1;0.03;l1;0.0001;64;0.99;0.9;1.00E-06;0.025157433;-0.004643569;504;1.37
relu;(100, 50, 25);0.3;0.03;l1;0.0001;16;0.9;0.9;1.00E-06;0.025157453;-0.004644362;506;1.3
relu;(50, 50, 50);0.3;0.03;l2;0.01;16;0.8;0.999;1.00E-08;0.025157492;-0.004645903;506;0.5
relu;(100, 100, 100, 50);0.3;0.001;none;0.01;32;0.8;0.99;1.00E-06;0.025157708;-0.004654544;506;0.69
relu;(100, 100, 100, 50);0.3;0.03;l2;1.00E-05;64;0.9;0.999;1.00E-06;0.025157755;-0.004656412;504;1.72
relu;(100, 100, 100, 50);0.3;0.01;none;0.01;64;0.99;0.99;1.00E-06;0.025157797;-0.004658116;504;0.94
relu;(100, 100, 100, 50);0.3;0.01;none;0.0001;64;0.8;0.99;1.00E-08;0.025157973;-0.004665129;504;0.96
relu;(100, 100, 100, 50);0;0.03;l1;0.01;16;0.9;0.999;1.00E-08;0.025158095;-0.004669989;506;1.27
relu;(100, 50, 25);0.3;0.03;l1;1.00E-05;64;0.99;0.999;1.00E-06;0.025158223;-0.0046751;504;1.26
relu;(100, 100, 100, 50);0.1;0.01;l1;0.01;16;0.99;0.9;1.00E-08;0.025158374;-0.004681157;506;2.17
relu;(100, 100, 100, 50);0.3;0.01;l1;1.00E-05;32;0.99;0.999;1.00E-08;0.025158451;-0.004684226;506;0.77
relu;(100, 100, 100, 50);0;0.03;none;0.0001;64;0.99;0.9;1.00E-06;0.02515864;-0.004691759;504;1.46
relu;(100, 100, 100, 50);0.3;0.01;l1;0.01;64;0.99;0.9;1.00E-06;0.025158704;-0.004694309;504;1.21
relu;(100, 100, 100, 50);0.3;0.03;l2;0.01;64;0.8;0.9;1.00E-06;0.025158961;-0.004704577;504;1.64
relu;(100, 100, 100, 50);0.3;0.03;l1;0.01;32;0.8;0.999;1.00E-06;0.025159003;-0.004706242;506;1.06
relu;(50, 50, 50);0.1;0.01;l1;0.01;64;0.9;0.9;1.00E-08;0.025159171;-0.004712953;504;0.71
relu;(100, 50, 25);0.3;0.03;l1;0.0001;16;0.9;0.999;1.00E-08;0.025159218;-0.004714837;506;1.3
relu;(100, 50, 25);0;0.001;l1;0.01;64;0.8;0.99;1.00E-06;0.025159266;-0.004716782;504;0.96
relu;(50, 50, 50);0.3;0.03;l1;1.00E-05;64;0.9;0.999;1.00E-06;0.025159431;-0.004723365;504;0.81
relu;(50, 50, 50);0;0.01;none;0.01;16;0.9;0.9;1.00E-06;0.02515957;-0.004728906;506;0.31
relu;(100, 100, 100, 50);0.3;0.01;l1;1.00E-05;16;0.9;0.9;1.00E-06;0.02515965;-0.00473209;506;0.72
relu;(100, 100, 100, 50);0.3;0.01;l1;0.0001;32;0.99;0.9;1.00E-08;0.025159835;-0.004739503;506;0.76
relu;(100, 100, 100, 50);0.1;0.03;l1;0.01;64;0.9;0.999;1.00E-06;0.025159874;-0.004741058;504;1.07
relu;(50, 50, 50);0.3;0.03;none;1.00E-05;64;0.99;0.999;1.00E-08;0.025159884;-0.00474146;504;0.87
relu;(100, 50, 25);0.3;0.01;none;0.0001;64;0.99;0.999;1.00E-06;0.025159899;-0.004742023;504;0.5
relu;(50, 50, 50);0.1;0.03;l1;0.0001;64;0.99;0.999;1.00E-08;0.02515998;-0.004745256;504;0.88
relu;(50, 50, 50);0.3;0.03;l2;1.00E-05;16;0.8;0.9;1.00E-06;0.025160275;-0.004757072;506;1.03
relu;(100, 100, 100, 50);0.3;0.03;l1;1.00E-05;64;0.9;0.999;1.00E-08;0.025160471;-0.004764864;504;1.66
relu;(50, 50, 50);0.1;0.01;none;0.01;16;0.99;0.9;1.00E-06;0.025160617;-0.004770697;506;0.69
relu;(100, 100, 100, 50);0.3;0.01;none;0.01;16;0.99;0.9;1.00E-08;0.025160808;-0.004778357;506;0.91
relu;(100, 50, 25);0.3;0.01;none;1.00E-05;16;0.8;0.99;1.00E-08;0.025161154;-0.004792158;506;0.34
relu;(50, 50, 50);0.1;0.01;l1;0.01;64;0.8;0.99;1.00E-08;0.025161174;-0.004792965;504;0.73
relu;(100, 100, 100, 50);0.3;0.03;l2;1.00E-05;32;0.9;0.999;1.00E-08;0.025161201;-0.004794049;506;0.97
relu;(100, 50, 25);0.3;0.01;none;0.0001;32;0.99;0.99;1.00E-06;0.025161286;-0.004797433;506;0.37
relu;(100, 50, 25);0;0.01;l1;0.01;64;0.8;0.99;1.00E-06;0.025161346;-0.004799843;504;0.44
relu;(100, 50, 25);0.1;0.03;none;1.00E-05;16;0.99;0.999;1.00E-08;0.025161425;-0.004802965;506;1.15
relu;(100, 100, 100, 50);0.3;0.03;none;0.0001;32;0.99;0.99;1.00E-08;0.025161503;-0.004806088;506;0.67
relu;(50, 50, 50);0.3;0.01;l1;0.01;32;0.99;0.99;1.00E-08;0.025161577;-0.004809059;506;0.61
relu;(100, 50, 25);0.3;0.03;none;1.00E-05;64;0.9;0.999;1.00E-06;0.025161658;-0.004812295;504;1.19
relu;(100, 100, 100, 50);0.1;0.001;l1;0.01;16;0.99;0.99;1.00E-08;0.025162241;-0.004835576;506;1.66
relu;(50, 50, 50);0.3;0.03;l2;0.0001;16;0.9;0.9;1.00E-08;0.025162414;-0.004842481;506;0.89
relu;(100, 100, 100, 50);0.1;0.03;l1;1.00E-05;64;0.99;0.9;1.00E-06;0.02516242;-0.004842723;504;1.97
relu;(100, 50, 25);0.3;0.01;none;0.0001;16;0.99;0.99;1.00E-08;0.025162478;-0.004845029;506;0.34
relu;(100, 50, 25);0.3;0.03;l1;1.00E-05;32;0.99;0.99;1.00E-08;0.025162758;-0.004856213;506;1.2
relu;(100, 50, 25);0;0.001;none;1.00E-05;16;0.8;0.9;1.00E-08;0.025162794;-0.004857632;506;1.33
relu;(100, 100, 100, 50);0.3;0.01;none;0.0001;16;0.8;0.9;1.00E-08;0.025162809;-0.004858234;506;0.74
relu;(100, 100, 100, 50);0.1;0.001;l1;0.0001;64;0.9;0.999;1.00E-08;0.025162953;-0.004864002;504;2.11
relu;(100, 50, 25);0.3;0.03;l1;0.0001;64;0.9;0.999;1.00E-08;0.025163209;-0.004874224;504;1.62
relu;(50, 50, 50);0.3;0.01;none;1.00E-05;16;0.9;0.9;1.00E-08;0.025164021;-0.004906658;506;0.72
relu;(50, 50, 50);0.3;0.03;none;1.00E-05;32;0.8;0.99;1.00E-08;0.025164688;-0.004933294;506;0.63
relu;(100, 100, 100, 50);0.3;0.01;l1;0.01;64;0.8;0.9;1.00E-06;0.025164855;-0.004939953;504;1.15
relu;(100, 100, 100, 50);0.1;0.01;l2;0.0001;16;0.99;0.9;1.00E-08;0.025164916;-0.004942394;506;1.33
relu;(100, 100, 100, 50);0.3;0.03;l1;1.00E-05;16;0.9;0.999;1.00E-06;0.025165024;-0.004946694;506;1.4
relu;(100, 50, 25);0.1;0.01;l1;0.01;64;0.9;0.999;1.00E-06;0.025165028;-0.004946875;504;1.18
relu;(100, 100, 100, 50);0;0.01;l2;1.00E-05;64;0.99;0.9;1.00E-06;0.025165269;-0.004956473;504;1.46
relu;(100, 100, 100, 50);0.3;0.03;none;0.0001;64;0.8;0.999;1.00E-08;0.025165554;-0.004967872;504;1
relu;(50, 50, 50);0.3;0.03;l1;0.01;32;0.8;0.999;1.00E-08;0.025165862;-0.004980182;506;1.63
relu;(50, 50, 50);0.3;0.001;l1;0.0001;64;0.99;0.99;1.00E-08;0.025165935;-0.004983078;504;0.96
relu;(100, 100, 100, 50);0;0.03;l1;0.01;32;0.99;0.999;1.00E-08;0.025166107;-0.004989942;506;1.51
relu;(100, 100, 100, 50);0.1;0.03;l2;0.01;64;0.99;0.9;1.00E-08;0.02516627;-0.004996442;504;1.26
relu;(100, 50, 25);0.3;0.01;l1;0.01;64;0.9;0.999;1.00E-08;0.025166463;-0.00500415;504;0.62
relu;(100, 50, 25);0.3;0.01;l2;1.00E-05;64;0.99;0.9;1.00E-08;0.025167089;-0.005029172;504;0.44
relu;(100, 50, 25);0.3;0.01;none;1.00E-05;32;0.8;0.99;1.00E-08;0.025167339;-0.005039168;506;0.41
relu;(50, 50, 50);0.3;0.01;none;0.0001;32;0.8;0.99;1.00E-06;0.025167384;-0.005040938;506;0.77
relu;(50, 50, 50);0.3;0.01;l2;0.0001;32;0.99;0.999;1.00E-06;0.025167673;-0.005052499;506;0.77
relu;(50, 50, 50);0.1;0.03;l1;0.01;64;0.99;0.99;1.00E-06;0.025167715;-0.005054163;504;0.83
relu;(100, 50, 25);0.3;0.01;l1;0.01;32;0.9;0.999;1.00E-06;0.025168076;-0.005068588;506;0.45
relu;(100, 100, 100, 50);0.3;0.03;none;0.0001;32;0.8;0.999;1.00E-06;0.02516812;-0.005070333;506;0.91
relu;(100, 100, 100, 50);0.1;0.01;l2;1.00E-05;64;0.99;0.99;1.00E-08;0.025168287;-0.005077011;504;1.82
relu;(50, 50, 50);0.3;0.03;none;0.0001;32;0.8;0.9;1.00E-08;0.025168453;-0.005083649;506;0.58
relu;(50, 50, 50);0.3;0.03;l1;1.00E-05;32;0.99;0.999;1.00E-08;0.025168499;-0.005085467;506;0.61
relu;(100, 50, 25);0.3;0.03;none;1.00E-05;64;0.8;0.999;1.00E-08;0.025168705;-0.005093706;504;1.16
relu;(100, 50, 25);0.3;0.03;l1;0.01;16;0.99;0.999;1.00E-08;0.025168723;-0.005094425;506;1.09
relu;(50, 50, 50);0.3;0.03;l1;0.01;16;0.9;0.99;1.00E-08;0.025168869;-0.005100255;506;1.61
relu;(50, 50, 50);0.1;0.03;l1;0.01;64;0.8;0.999;1.00E-06;0.025168878;-0.005100608;504;0.93
relu;(100, 100, 100, 50);0.3;0.03;l2;0.0001;64;0.9;0.999;1.00E-06;0.025168894;-0.005101265;504;1.58
relu;(100, 100, 100, 50);0.3;0.01;l1;1.00E-05;32;0.9;0.99;1.00E-06;0.025169058;-0.005107791;506;0.81
relu;(100, 50, 25);0.3;0.03;l1;1.00E-05;64;0.99;0.999;1.00E-08;0.025169248;-0.005115387;504;1.24
relu;(100, 50, 25);0.3;0.03;l1;1.00E-05;32;0.9;0.999;1.00E-08;0.025169385;-0.00512085;506;1.08
relu;(100, 50, 25);0.3;0.01;none;1.00E-05;32;0.99;0.99;1.00E-06;0.025169668;-0.005132172;506;0.37
relu;(100, 50, 25);0.1;0.01;l1;0.0001;64;0.99;0.999;1.00E-06;0.025169801;-0.005137485;504;1.33
relu;(50, 50, 50);0.1;0.03;l1;0.01;16;0.9;0.99;1.00E-08;0.025170066;-0.005148048;506;0.6
relu;(100, 50, 25);0.3;0.03;l1;0.0001;32;0.9;0.9;1.00E-06;0.025170082;-0.00514868;506;1.38
relu;(100, 50, 25);0.3;0.03;l2;0.0001;16;0.99;0.99;1.00E-06;0.025170196;-0.005153253;506;0.94
relu;(100, 50, 25);0.1;0.03;l1;0.0001;32;0.99;0.99;1.00E-08;0.025170276;-0.005156426;506;1.11
relu;(100, 100, 100, 50);0.1;0.03;l1;0.01;16;0.8;0.999;1.00E-06;0.025170283;-0.005156732;506;0.8
relu;(100, 100, 100, 50);0.3;0.03;none;0.0001;64;0.99;0.99;1.00E-08;0.025170389;-0.005160941;504;1.05
relu;(50, 50, 50);0.1;0.01;l1;0.01;32;0.9;0.999;1.00E-08;0.025170537;-0.005166849;506;0.66
relu;(100, 50, 25);0.3;0.03;l2;0.01;16;0.99;0.999;1.00E-08;0.025170673;-0.005172275;506;1.13
relu;(100, 50, 25);0.1;0.03;l2;1.00E-05;64;0.99;0.99;1.00E-06;0.025170673;-0.00517231;504;0.98
relu;(50, 50, 50);0.3;0.03;l1;0.0001;32;0.9;0.9;1.00E-08;0.025170999;-0.005185298;506;0.87
relu;(50, 50, 50);0.1;0.01;l2;0.01;64;0.99;0.999;1.00E-06;0.025171;-0.005185354;504;0.73
relu;(100, 100, 100, 50);0.1;0.01;l1;0.01;32;0.9;0.9;1.00E-06;0.02517101;-0.005185753;506;2.34
relu;(50, 50, 50);0;0.001;l2;0.0001;64;0.99;0.99;1.00E-06;0.025171102;-0.005189441;504;0.38
relu;(100, 50, 25);0.3;0.01;none;0.01;32;0.8;0.99;1.00E-06;0.025171275;-0.005196321;506;0.55
relu;(100, 100, 100, 50);0.3;0.01;none;1.00E-05;64;0.99;0.999;1.00E-06;0.02517158;-0.005208518;504;1.2
relu;(50, 50, 50);0.3;0.01;none;0.01;16;0.8;0.999;1.00E-08;0.025171864;-0.005219845;506;0.7
relu;(100, 50, 25);0.3;0.001;none;0.0001;16;0.8;0.999;1.00E-08;0.025171889;-0.005220867;506;0.37
relu;(50, 50, 50);0.1;0.001;l1;0.01;32;0.8;0.9;1.00E-08;0.02517201;-0.00522568;506;0.46
relu;(100, 100, 100, 50);0.3;0.03;l2;1.00E-05;64;0.99;0.999;1.00E-08;0.025172428;-0.005242379;504;1.5
relu;(100, 100, 100, 50);0.3;0.01;l1;0.01;64;0.8;0.9;1.00E-08;0.025172852;-0.005259319;504;1.32
relu;(100, 100, 100, 50);0.1;0.03;l1;1.00E-05;16;0.99;0.99;1.00E-08;0.025172909;-0.005261598;506;1.93
relu;(50, 50, 50);0;0.01;l1;0.01;32;0.99;0.99;1.00E-06;0.025172943;-0.005262943;506;0.54
relu;(50, 50, 50);0.1;0.03;l2;1.00E-05;32;0.9;0.9;1.00E-08;0.0251731;-0.005269204;506;0.84
relu;(100, 100, 100, 50);0.1;0.03;none;0.0001;64;0.9;0.999;1.00E-08;0.025173569;-0.005287939;504;1.79
relu;(100, 100, 100, 50);0.1;0.01;l1;0.01;64;0.99;0.9;1.00E-08;0.02517365;-0.005291191;504;2.45
relu;(50, 50, 50);0;0.03;l1;0.01;16;0.9;0.999;1.00E-08;0.025174105;-0.005309359;506;0.43
relu;(100, 50, 25);0.3;0.03;l2;0.0001;16;0.99;0.99;1.00E-08;0.025174188;-0.005312665;506;0.96
relu;(100, 50, 25);0.3;0.03;l2;0.01;16;0.8;0.9;1.00E-06;0.025174254;-0.005315306;506;0.98
relu;(100, 50, 25);0;0.03;l1;0.01;64;0.8;0.9;1.00E-08;0.025174527;-0.005326202;504;0.47
relu;(100, 50, 25);0.1;0.03;l1;1.00E-05;16;0.99;0.9;1.00E-08;0.025174831;-0.005338331;506;0.91
relu;(100, 100, 100, 50);0.3;0.01;l2;0.0001;32;0.99;0.9;1.00E-06;0.025175573;-0.005367972;506;0.86
relu;(50, 50, 50);0.3;0.03;none;0.0001;32;0.9;0.9;1.00E-08;0.025175597;-0.005368947;506;0.48
relu;(100, 50, 25);0;0.001;l1;0.01;64;0.99;0.99;1.00E-08;0.025175716;-0.005373666;504;0.97
relu;(100, 100, 100, 50);0.3;0.001;l1;0.01;32;0.9;0.99;1.00E-08;0.02517592;-0.005381808;506;0.81
relu;(100, 50, 25);0.3;0.03;l2;0.0001;64;0.99;0.99;1.00E-06;0.025176012;-0.005385517;504;1.17
relu;(50, 50, 50);0;0.03;l2;0.01;32;0.8;0.999;1.00E-08;0.025176075;-0.005388;506;0.97
relu;(100, 100, 100, 50);0.1;0.03;none;1.00E-05;32;0.99;0.9;1.00E-08;0.025176371;-0.005399829;506;1.46
relu;(100, 100, 100, 50);0.3;0.03;l1;0.01;16;0.9;0.999;1.00E-06;0.025176413;-0.005401508;506;0.92
relu;(50, 50, 50);0.3;0.03;l1;0.0001;64;0.99;0.99;1.00E-08;0.025176437;-0.005402465;504;0.83
relu;(100, 100, 100, 50);0.1;0.001;l2;0.01;16;0.9;0.9;1.00E-06;0.025176577;-0.005408074;506;1.54
relu;(100, 100, 100, 50);0.1;0.03;none;0.01;64;0.9;0.999;1.00E-06;0.0251766;-0.005409;504;1.81
relu;(100, 100, 100, 50);0.1;0.001;l1;0.01;32;0.99;0.99;1.00E-08;0.025176916;-0.005421594;506;2.1
relu;(100, 100, 100, 50);0.1;0.01;l1;0.01;32;0.9;0.999;1.00E-08;0.025177124;-0.00542991;506;2.39
relu;(50, 50, 50);0.1;0.01;l1;0.01;16;0.9;0.999;1.00E-06;0.025177287;-0.005436401;506;0.84
relu;(100, 50, 25);0.1;0.01;l1;0.01;32;0.99;0.99;1.00E-08;0.025177721;-0.005453741;506;1.2
relu;(50, 50, 50);0.1;0.03;none;0.01;64;0.9;0.99;1.00E-06;0.025177849;-0.00545887;504;0.67
relu;(100, 50, 25);0.3;0.03;l1;0.0001;16;0.99;0.99;1.00E-08;0.025177899;-0.005460856;506;1.11
relu;(100, 100, 100, 50);0.3;0.03;l1;0.0001;32;0.99;0.9;1.00E-06;0.025177967;-0.005463588;506;1.42
relu;(50, 50, 50);0.3;0.03;l1;1.00E-05;16;0.99;0.999;1.00E-08;0.025177997;-0.005464765;506;0.81
relu;(100, 50, 25);0.3;0.03;none;0.01;16;0.9;0.99;1.00E-08;0.025178192;-0.00547254;506;0.8
relu;(100, 100, 100, 50);0.3;0.01;l1;1.00E-05;64;0.99;0.999;1.00E-08;0.025178494;-0.005484634;504;1.13
relu;(100, 50, 25);0.3;0.03;l1;1.00E-05;16;0.99;0.999;1.00E-08;0.025178803;-0.005496943;506;1.09
relu;(100, 100, 100, 50);0.3;0.03;l1;1.00E-05;16;0.99;0.99;1.00E-06;0.025179002;-0.005504894;506;1.44
relu;(100, 100, 100, 50);0;0.03;l2;0.01;64;0.9;0.999;1.00E-06;0.025179009;-0.005505189;504;1.48
relu;(100, 100, 100, 50);0.3;0.03;l2;0.0001;64;0.8;0.9;1.00E-08;0.025179058;-0.005507152;504;1.95
relu;(100, 100, 100, 50);0.3;0.03;l2;0.01;16;0.9;0.999;1.00E-06;0.02517916;-0.005511207;506;1.28
relu;(100, 100, 100, 50);0.3;0.03;l1;0.0001;32;0.8;0.999;1.00E-06;0.025179375;-0.005519792;506;1.54
relu;(50, 50, 50);0.3;0.01;l1;0.01;16;0.99;0.99;1.00E-08;0.025179447;-0.005522693;506;0.68
relu;(100, 50, 25);0.3;0.03;l2;0.01;64;0.99;0.9;1.00E-08;0.025179645;-0.005530588;504;1.31
relu;(100, 100, 100, 50);0.1;0.03;l2;0.0001;16;0.9;0.999;1.00E-06;0.025179671;-0.005531611;506;0.77
relu;(50, 50, 50);0.3;0.03;l1;1.00E-05;64;0.99;0.9;1.00E-06;0.02517975;-0.005534763;504;0.73
relu;(100, 50, 25);0.3;0.01;l1;0.0001;32;0.8;0.9;1.00E-08;0.025180121;-0.00554959;506;0.43
relu;(50, 50, 50);0.1;0.001;l1;0.01;64;0.9;0.99;1.00E-08;0.025180205;-0.005552951;504;0.55
relu;(100, 50, 25);0.3;0.01;l1;1.00E-05;64;0.8;0.999;1.00E-06;0.025180661;-0.005571163;504;0.56
relu;(100, 50, 25);0.3;0.03;none;0.0001;16;0.99;0.999;1.00E-06;0.025180828;-0.005577841;506;0.83
relu;(100, 100, 100, 50);0.1;0.001;none;0.01;16;0.8;0.9;1.00E-06;0.025181775;-0.005615646;506;1.26
relu;(100, 100, 100, 50);0.3;0.03;l2;0.0001;32;0.9;0.999;1.00E-06;0.025181853;-0.005618772;506;1.18
relu;(100, 100, 100, 50);0.1;0.01;l2;1.00E-05;64;0.9;0.999;1.00E-06;0.025181975;-0.005623639;504;1.81
relu;(100, 100, 100, 50);0.3;0.01;l2;0.0001;64;0.9;0.99;1.00E-08;0.025182072;-0.005627512;504;1.05
relu;(100, 50, 25);0.3;0.03;none;0.01;64;0.99;0.99;1.00E-06;0.025182541;-0.005646239;504;1.08
relu;(100, 100, 100, 50);0.3;0.03;none;0.0001;32;0.9;0.999;1.00E-06;0.025182557;-0.005646874;506;0.8
relu;(100, 100, 100, 50);0.3;0.01;l2;0.0001;64;0.9;0.9;1.00E-08;0.025182912;-0.005661054;504;1.01
relu;(100, 100, 100, 50);0.1;0.03;l2;0.0001;32;0.99;0.99;1.00E-06;0.025183142;-0.005670246;506;0.77
relu;(50, 50, 50);0;0.01;l1;0.01;16;0.99;0.9;1.00E-08;0.025183172;-0.005671429;506;0.35
relu;(100, 100, 100, 50);0.3;0.01;l1;1.00E-05;16;0.9;0.9;1.00E-08;0.025183492;-0.005684198;506;0.69
relu;(100, 100, 100, 50);0.1;0.03;none;1.00E-05;64;0.99;0.999;1.00E-08;0.025183527;-0.005685593;504;1.75
relu;(100, 100, 100, 50);0.3;0.03;none;1.00E-05;64;0.8;0.9;1.00E-06;0.025183657;-0.0056908;504;1.14
relu;(100, 50, 25);0.3;0.03;l1;1.00E-05;32;0.9;0.9;1.00E-08;0.025183811;-0.005696957;506;1.23
relu;(100, 50, 25);0.3;0.01;l1;0.0001;16;0.99;0.999;1.00E-08;0.025184101;-0.005708532;506;0.44
relu;(50, 50, 50);0.1;0.03;l1;1.00E-05;16;0.99;0.9;1.00E-06;0.025184107;-0.005708784;506;0.45
relu;(100, 50, 25);0.3;0.01;l2;0.0001;32;0.99;0.9;1.00E-06;0.025184162;-0.005710959;506;1.03
relu;(100, 50, 25);0.1;0.03;l2;0.0001;32;0.99;0.9;1.00E-06;0.025184273;-0.005715397;506;1
relu;(100, 50, 25);0.3;0.01;none;1.00E-05;64;0.99;0.999;1.00E-06;0.025184431;-0.00572171;504;0.46
relu;(50, 50, 50);0.3;0.03;none;0.01;16;0.8;0.999;1.00E-06;0.025184508;-0.005724798;506;0.59
relu;(100, 100, 100, 50);0.1;0.03;l2;0.0001;64;0.99;0.99;1.00E-08;0.025185088;-0.005747947;504;0.93
relu;(100, 50, 25);0.3;0.01;l2;1.00E-05;16;0.99;0.9;1.00E-08;0.025185365;-0.005758998;506;0.34
relu;(100, 100, 100, 50);0.3;0.01;none;0.01;64;0.8;0.9;1.00E-08;0.025185625;-0.005769398;504;0.97
relu;(50, 50, 50);0.3;0.03;l1;0.0001;16;0.9;0.99;1.00E-08;0.025185658;-0.005770695;506;0.72
relu;(100, 100, 100, 50);0.3;0.001;l2;0.0001;16;0.99;0.9;1.00E-08;0.025185819;-0.005777121;506;0.66
relu;(100, 50, 25);0.3;0.01;l2;1.00E-05;64;0.8;0.9;1.00E-08;0.025186038;-0.005785871;504;0.47
relu;(100, 100, 100, 50);0.3;0.01;none;0.0001;64;0.8;0.9;1.00E-08;0.025186087;-0.005787825;504;1.12
relu;(100, 50, 25);0.3;0.01;none;1.00E-05;64;0.9;0.999;1.00E-06;0.025186108;-0.005788659;504;0.57
relu;(100, 50, 25);0;0.03;l2;0.01;32;0.8;0.99;1.00E-06;0.025186185;-0.005791765;506;0.37
relu;(100, 100, 100, 50);0.3;0.03;none;1.00E-05;64;0.8;0.999;1.00E-08;0.025186817;-0.005816991;504;1.03
relu;(100, 50, 25);0.3;0.03;none;0.01;16;0.8;0.999;1.00E-06;0.025186871;-0.005819163;506;0.79
relu;(50, 50, 50);0.3;0.03;l2;0.0001;16;0.9;0.9;1.00E-06;0.025186896;-0.005820147;506;0.89
relu;(50, 50, 50);0.3;0.001;l2;0.01;32;0.8;0.999;1.00E-06;0.025186931;-0.005821561;506;0.52
relu;(100, 50, 25);0.3;0.001;l2;0.0001;16;0.99;0.9;1.00E-08;0.025186935;-0.00582169;506;0.42
relu;(100, 100, 100, 50);0;0.001;none;1.00E-05;32;0.9;0.99;1.00E-08;0.025187369;-0.005839029;506;1.53
relu;(100, 100, 100, 50);0.3;0.01;none;1.00E-05;64;0.8;0.9;1.00E-06;0.02518754;-0.005845883;504;1.25
relu;(50, 50, 50);0.3;0.03;none;0.0001;64;0.9;0.9;1.00E-08;0.025187734;-0.005853592;504;0.66
relu;(100, 50, 25);0.3;0.03;none;0.01;32;0.9;0.9;1.00E-06;0.025187738;-0.005853788;506;0.87
relu;(100, 100, 100, 50);0.3;0.03;none;1.00E-05;32;0.8;0.999;1.00E-06;0.025187788;-0.005855785;506;0.67
relu;(100, 50, 25);0.1;0.01;l2;0.01;64;0.8;0.999;1.00E-08;0.025187995;-0.005864048;504;1.21
relu;(100, 50, 25);0.3;0.03;l2;1.00E-05;16;0.9;0.9;1.00E-08;0.025188385;-0.005879609;506;0.73
relu;(50, 50, 50);0.1;0.001;l2;0.0001;16;0.99;0.999;1.00E-08;0.025188484;-0.005883578;506;0.43
relu;(100, 100, 100, 50);0.1;0.001;l2;0.01;64;0.9;0.999;1.00E-06;0.025188642;-0.005889856;504;1.83
relu;(100, 100, 100, 50);0;0.01;l2;0.0001;16;0.99;0.9;1.00E-08;0.025188792;-0.005895856;506;1.19
relu;(100, 100, 100, 50);0.3;0.01;none;1.00E-05;32;0.8;0.9;1.00E-08;0.025189109;-0.005908504;506;0.72
relu;(50, 50, 50);0.1;0.01;l1;0.01;32;0.9;0.99;1.00E-06;0.025189146;-0.005909979;506;0.87
relu;(100, 50, 25);0.3;0.01;l1;0.01;16;0.99;0.999;1.00E-08;0.025189229;-0.0059133;506;0.39
relu;(100, 100, 100, 50);0.3;0.001;l2;0.01;64;0.99;0.9;1.00E-08;0.025189529;-0.005925309;504;1.23
relu;(50, 50, 50);0.3;0.03;l1;1.00E-05;16;0.99;0.99;1.00E-08;0.025189757;-0.00593438;506;0.77
relu;(50, 50, 50);0.1;0.03;l1;0.01;64;0.99;0.99;1.00E-08;0.025189999;-0.005944069;504;0.81
relu;(50, 50, 50);0.1;0.01;l1;0.01;64;0.9;0.99;1.00E-08;0.025190032;-0.005945373;504;0.54
relu;(50, 50, 50);0.3;0.001;l1;0.0001;64;0.9;0.999;1.00E-06;0.02519011;-0.005948502;504;0.87
relu;(100, 100, 100, 50);0.3;0.03;none;0.0001;16;0.9;0.9;1.00E-06;0.025190145;-0.005949901;506;0.58
relu;(100, 50, 25);0;0.03;l1;0.01;16;0.99;0.9;1.00E-08;0.025190431;-0.005961319;506;0.34
relu;(100, 100, 100, 50);0.3;0.03;l2;0.0001;64;0.99;0.99;1.00E-08;0.025190516;-0.00596471;504;1.56
relu;(50, 50, 50);0.3;0.01;none;1.00E-05;64;0.9;0.99;1.00E-06;0.025190602;-0.005968143;504;0.87
relu;(100, 100, 100, 50);0.3;0.001;none;0.0001;64;0.99;0.99;1.00E-06;0.025190693;-0.005971778;504;0.95
relu;(100, 50, 25);0.3;0.03;l2;0.0001;64;0.99;0.999;1.00E-08;0.025190976;-0.005983061;504;1.19
relu;(100, 50, 25);0.3;0.03;l2;0.0001;32;0.8;0.99;1.00E-06;0.025191349;-0.005997966;506;1.09
relu;(100, 100, 100, 50);0.1;0.01;l1;0.01;16;0.8;0.9;1.00E-08;0.025191381;-0.005999268;506;1.6
relu;(100, 50, 25);0.3;0.03;none;1.00E-05;32;0.9;0.9;1.00E-08;0.025191444;-0.006001759;506;1.04
relu;(100, 100, 100, 50);0.1;0.03;l1;1.00E-05;32;0.99;0.99;1.00E-06;0.025191883;-0.006019312;506;1.86
relu;(100, 50, 25);0.1;0.001;l1;0.01;16;0.9;0.99;1.00E-08;0.025192031;-0.006025226;506;1.12
relu;(100, 50, 25);0.1;0.001;l2;1.00E-05;16;0.99;0.999;1.00E-08;0.02519221;-0.00603234;506;0.73
relu;(100, 50, 25);0.3;0.001;l1;0.01;64;0.99;0.9;1.00E-06;0.025192422;-0.006040808;504;0.63
relu;(100, 50, 25);0.1;0.03;l1;0.01;16;0.8;0.9;1.00E-08;0.025192534;-0.0060453;506;1.05
relu;(100, 50, 25);0.3;0.03;l2;0.01;64;0.9;0.999;1.00E-06;0.02519271;-0.006052318;504;1.78
relu;(100, 50, 25);0.3;0.03;l1;0.01;32;0.8;0.99;1.00E-08;0.025192959;-0.006062279;506;1.22
relu;(100, 50, 25);0.3;0.03;l2;0.0001;16;0.9;0.9;1.00E-06;0.025193458;-0.006082201;506;0.97
relu;(50, 50, 50);0.3;0.01;none;0.01;16;0.99;0.999;1.00E-06;0.025193601;-0.00608789;506;0.58
relu;(100, 100, 100, 50);0.3;0.03;l1;0.0001;64;0.8;0.99;1.00E-06;0.025193629;-0.006089039;504;2.29
relu;(100, 50, 25);0.1;0.03;none;0.0001;64;0.99;0.999;1.00E-06;0.025194243;-0.006113536;504;0.89
relu;(50, 50, 50);0.3;0.03;none;1.00E-05;32;0.8;0.9;1.00E-06;0.025194469;-0.006122557;506;0.74
relu;(100, 100, 100, 50);0.3;0.03;none;0.0001;16;0.8;0.999;1.00E-06;0.025194751;-0.006133841;506;0.79
relu;(50, 50, 50);0.1;0.01;l1;0.01;64;0.8;0.999;1.00E-06;0.025194917;-0.006140454;504;0.66
relu;(100, 50, 25);0.3;0.03;none;0.01;64;0.9;0.99;1.00E-08;0.025195035;-0.006145155;504;0.91
relu;(100, 50, 25);0.3;0.001;l1;0.01;16;0.9;0.99;1.00E-08;0.025195089;-0.006147347;506;0.43
relu;(100, 100, 100, 50);0.3;0.03;none;0.0001;64;0.8;0.99;1.00E-06;0.025195296;-0.006155607;504;0.97
relu;(100, 100, 100, 50);0.3;0.01;none;0.0001;64;0.99;0.999;1.00E-08;0.025195513;-0.006164244;504;1.2
relu;(50, 50, 50);0.3;0.03;l2;1.00E-05;32;0.8;0.9;1.00E-08;0.025195534;-0.006165114;506;1.04
relu;(100, 100, 100, 50);0.3;0.01;none;0.0001;32;0.9;0.999;1.00E-06;0.025195728;-0.006172857;506;0.82
relu;(100, 100, 100, 50);0.3;0.03;none;0.01;16;0.9;0.9;1.00E-06;0.025195911;-0.006180164;506;0.62
relu;(50, 50, 50);0;0.03;l1;0.01;64;0.8;0.999;1.00E-06;0.025196377;-0.006198764;504;0.43
relu;(50, 50, 50);0.1;0.03;l1;0.01;16;0.99;0.9;1.00E-08;0.025196493;-0.006203405;506;0.66
relu;(50, 50, 50);0.3;0.03;none;0.0001;64;0.99;0.9;1.00E-08;0.025196752;-0.006213757;504;0.68
relu;(50, 50, 50);0.3;0.01;l2;0.01;64;0.99;0.99;1.00E-06;0.025196902;-0.006219737;504;0.7
relu;(100, 100, 100, 50);0.3;0.01;l1;0.01;64;0.99;0.999;1.00E-08;0.02519693;-0.006220835;504;1.21
relu;(100, 50, 25);0.1;0.03;l1;0.01;64;0.99;0.999;1.00E-08;0.025197001;-0.006223693;504;1.09
relu;(50, 50, 50);0.3;0.03;l1;1.00E-05;32;0.9;0.999;1.00E-08;0.025197303;-0.00623574;506;0.87
relu;(100, 100, 100, 50);0.1;0.03;l2;1.00E-05;32;0.9;0.9;1.00E-08;0.025197605;-0.006247809;506;1.08
relu;(100, 100, 100, 50);0.3;0.001;l1;0.01;16;0.99;0.9;1.00E-08;0.025197692;-0.006251262;506;0.74
relu;(100, 100, 100, 50);0.1;0.01;l2;0.01;64;0.99;0.9;1.00E-08;0.025197771;-0.006254447;504;2.04
relu;(100, 100, 100, 50);0.3;0.03;l1;0.01;16;0.9;0.999;1.00E-08;0.025197948;-0.006261499;506;0.72
relu;(100, 50, 25);0.1;0.01;l1;0.01;32;0.8;0.999;1.00E-08;0.025198081;-0.006266805;506;1.31
relu;(100, 100, 100, 50);0.1;0.001;l1;0.01;16;0.99;0.99;1.00E-06;0.025198108;-0.006267884;506;1.68
relu;(100, 100, 100, 50);0.3;0.03;l2;1.00E-05;64;0.9;0.99;1.00E-08;0.02519822;-0.00627238;504;1.69
relu;(100, 100, 100, 50);0.1;0.03;l1;1.00E-05;32;0.99;0.99;1.00E-08;0.025198298;-0.006275473;506;1.82
relu;(100, 100, 100, 50);0.3;0.01;l2;0.0001;32;0.99;0.99;1.00E-06;0.025198499;-0.006283496;506;1.11
relu;(50, 50, 50);0.1;0.03;l1;0.01;64;0.8;0.9;1.00E-08;0.025198518;-0.006284254;504;0.72
relu;(100, 100, 100, 50);0.3;0.03;l1;1.00E-05;16;0.8;0.9;1.00E-06;0.02519853;-0.006284721;506;7625.48
relu;(100, 100, 100, 50);0.3;0.01;l2;0.0001;32;0.9;0.9;1.00E-06;0.025198637;-0.006288998;506;0.77
relu;(50, 50, 50);0;0.01;l1;0.01;64;0.9;0.99;1.00E-06;0.025198649;-0.006289497;504;0.45
relu;(100, 100, 100, 50);0.3;0.01;l2;0.0001;16;0.8;0.9;1.00E-06;0.025198711;-0.006291977;506;0.7
relu;(100, 50, 25);0.3;0.03;l2;0.0001;64;0.8;0.999;1.00E-06;0.025199114;-0.006308051;504;1.46
relu;(100, 100, 100, 50);0;0.001;l1;0.0001;64;0.8;0.999;1.00E-08;0.025199243;-0.006313207;504;1.51
relu;(100, 50, 25);0.3;0.01;l2;0.01;32;0.99;0.99;1.00E-06;0.025199252;-0.006313576;506;0.82
relu;(50, 50, 50);0.1;0.03;l1;0.01;64;0.99;0.9;1.00E-08;0.02519935;-0.006317504;504;0.91
relu;(50, 50, 50);0.1;0.001;l2;0.0001;32;0.8;0.99;1.00E-06;0.025199486;-0.006322901;506;0.41
relu;(100, 100, 100, 50);0.1;0.03;l1;0.01;64;0.99;0.9;1.00E-06;0.025199592;-0.006327137;504;1.02
relu;(100, 50, 25);0;0.03;none;0.0001;16;0.99;0.999;1.00E-06;0.025199906;-0.006339683;506;0.31
relu;(100, 50, 25);0.1;0.001;l1;0.01;16;0.8;0.999;1.00E-08;0.025200059;-0.006345781;506;1.13
relu;(100, 100, 100, 50);0.3;0.01;l2;1.00E-05;32;0.9;0.999;1.00E-08;0.025200151;-0.006349461;506;0.65
relu;(50, 50, 50);0.1;0.03;l2;1.00E-05;64;0.8;0.99;1.00E-08;0.025200201;-0.006351465;504;0.64
relu;(100, 50, 25);0;0.01;l1;0.01;16;0.99;0.999;1.00E-08;0.025200354;-0.006357597;506;0.35
relu;(50, 50, 50);0.1;0.01;none;1.00E-05;64;0.8;0.9;1.00E-06;0.025200356;-0.006357677;504;0.5
relu;(50, 50, 50);0.1;0.03;l2;0.0001;16;0.99;0.999;1.00E-08;0.02520079;-0.006375005;506;0.63
relu;(100, 50, 25);0;0.001;l2;0.0001;32;0.9;0.99;1.00E-08;0.025200953;-0.006381491;506;0.88
relu;(50, 50, 50);0.1;0.03;l2;0.01;32;0.9;0.999;1.00E-08;0.025201026;-0.006384418;506;0.62
relu;(100, 100, 100, 50);0.3;0.01;l2;1.00E-05;64;0.8;0.9;1.00E-08;0.025201069;-0.006386123;504;0.97
relu;(100, 100, 100, 50);0.3;0.01;none;0.0001;64;0.99;0.99;1.00E-08;0.025201524;-0.006404319;504;1.03
relu;(50, 50, 50);0.3;0.03;none;0.0001;32;0.8;0.999;1.00E-06;0.02520154;-0.006404944;506;0.7
relu;(100, 100, 100, 50);0.1;0.01;l1;0.01;64;0.9;0.999;1.00E-08;0.025201619;-0.006408112;504;1.94
relu;(100, 100, 100, 50);0.1;0.001;l1;1.00E-05;16;0.8;0.99;1.00E-06;0.025201958;-0.006421651;506;1.76
relu;(100, 50, 25);0.3;0.03;none;1.00E-05;16;0.9;0.999;1.00E-08;0.025202006;-0.006423535;506;0.98
relu;(100, 100, 100, 50);0.3;0.03;none;1.00E-05;16;0.8;0.999;1.00E-08;0.025202079;-0.006426463;506;0.62
relu;(100, 50, 25);0.3;0.03;l1;0.01;64;0.8;0.9;1.00E-06;0.025202175;-0.006430316;504;1.29
relu;(100, 100, 100, 50);0.1;0.03;l2;0.01;64;0.8;0.99;1.00E-08;0.025202358;-0.006437615;504;1.17
relu;(100, 100, 100, 50);0.3;0.03;l1;0.0001;32;0.8;0.9;1.00E-06;0.025202752;-0.006453329;506;1.84
relu;(100, 50, 25);0.3;0.03;l2;0.01;32;0.8;0.99;1.00E-08;0.025202975;-0.006462238;506;1.27
relu;(50, 50, 50);0.1;0.03;l2;0.01;64;0.9;0.99;1.00E-06;0.025203092;-0.006466906;504;0.79
relu;(50, 50, 50);0;0.001;l1;0.01;32;0.8;0.9;1.00E-08;0.025203236;-0.00647267;506;0.95
relu;(100, 100, 100, 50);0.1;0.03;none;1.00E-05;64;0.99;0.99;1.00E-08;0.025203297;-0.006475093;504;1.81
relu;(100, 100, 100, 50);0.3;0.01;l2;0.0001;16;0.99;0.999;1.00E-06;0.025203662;-0.006489687;506;0.65
relu;(50, 50, 50);0.1;0.001;l1;0.01;16;0.99;0.999;1.00E-08;0.025203747;-0.006493066;506;0.45
relu;(100, 100, 100, 50);0.3;0.001;l1;0.01;16;0.8;0.99;1.00E-06;0.025203792;-0.006494864;506;0.88
relu;(50, 50, 50);0.3;0.03;none;0.01;16;0.99;0.999;1.00E-06;0.025203957;-0.006501481;506;0.59
relu;(100, 100, 100, 50);0.3;0.03;none;0.0001;16;0.9;0.99;1.00E-08;0.025204186;-0.006510592;506;0.63
relu;(50, 50, 50);0.3;0.03;none;1.00E-05;64;0.99;0.9;1.00E-08;0.025204196;-0.006511007;504;0.78
relu;(50, 50, 50);0.3;0.03;l2;0.0001;16;0.8;0.99;1.00E-06;0.025204237;-0.006512652;506;0.98
relu;(50, 50, 50);0.3;0.03;l1;0.0001;16;0.99;0.999;1.00E-06;0.025204557;-0.006525415;506;0.69
relu;(100, 50, 25);0.3;0.01;l2;0.0001;64;0.99;0.99;1.00E-08;0.025204641;-0.006528793;504;0.99
relu;(100, 100, 100, 50);0.3;0.01;l1;0.01;16;0.99;0.99;1.00E-08;0.025204698;-0.006531038;506;0.71
relu;(100, 50, 25);0.3;0.03;none;1.00E-05;64;0.99;0.9;1.00E-06;0.025204765;-0.00653372;504;1.23
relu;(100, 100, 100, 50);0.3;0.01;l2;0.01;16;0.9;0.999;1.00E-06;0.025204826;-0.006536167;506;0.88
relu;(100, 100, 100, 50);0.3;0.03;l2;1.00E-05;64;0.8;0.9;1.00E-08;0.025204956;-0.006541365;504;1.26
relu;(50, 50, 50);0.3;0.03;l1;0.01;64;0.8;0.9;1.00E-08;0.025204998;-0.006543044;504;1.7
relu;(100, 100, 100, 50);0.3;0.001;l1;0.01;16;0.9;0.9;1.00E-08;0.025205162;-0.006549574;506;0.95
relu;(100, 50, 25);0.3;0.001;l2;1.00E-05;64;0.9;0.9;1.00E-06;0.025205172;-0.006549984;504;0.56
relu;(100, 100, 100, 50);0.3;0.03;l1;1.00E-05;32;0.9;0.99;1.00E-08;0.025205393;-0.006558796;506;1.17
relu;(100, 50, 25);0.3;0.01;none;0.0001;64;0.8;0.9;1.00E-08;0.025205435;-0.006560506;504;0.48
relu;(100, 50, 25);0;0.01;l2;1.00E-05;32;0.99;0.9;1.00E-08;0.02520546;-0.006561494;506;0.3
relu;(100, 50, 25);0.1;0.03;l2;0.01;64;0.8;0.99;1.00E-06;0.02520581;-0.006575455;504;0.55
relu;(100, 50, 25);0.3;0.001;none;0.01;64;0.8;0.9;1.00E-08;0.025206037;-0.006584518;504;0.5
relu;(50, 50, 50);0;0.001;none;0.01;64;0.99;0.99;1.00E-06;0.025206128;-0.006588167;504;1.37
relu;(50, 50, 50);0.3;0.01;l1;0.01;32;0.99;0.9;1.00E-08;0.02520633;-0.006596227;506;0.63
relu;(100, 50, 25);0.3;0.03;l2;0.0001;64;0.9;0.99;1.00E-08;0.025206408;-0.006599323;504;1.26
relu;(100, 50, 25);0;0.03;l1;0.01;64;0.8;0.999;1.00E-08;0.025206614;-0.006607585;504;0.45
relu;(100, 100, 100, 50);0.1;0.001;none;0.0001;32;0.9;0.99;1.00E-08;0.025206689;-0.006610574;506;1.31
relu;(100, 50, 25);0.3;0.01;l2;0.01;32;0.9;0.999;1.00E-06;0.025206869;-0.006617748;506;0.93
relu;(50, 50, 50);0.3;0.001;none;0.01;64;0.9;0.9;1.00E-08;0.025206871;-0.006617847;504;0.87
relu;(100, 50, 25);0.3;0.01;none;0.01;16;0.9;0.99;1.00E-08;0.02520695;-0.006620974;506;0.42
relu;(100, 100, 100, 50);0.1;0.03;l2;0.01;32;0.9;0.9;1.00E-06;0.025207273;-0.006633902;506;0.89
relu;(100, 100, 100, 50);0.3;0.03;none;1.00E-05;64;0.99;0.99;1.00E-06;0.025207294;-0.006634733;504;1.02
relu;(100, 100, 100, 50);0.1;0.03;none;1.00E-05;16;0.9;0.999;1.00E-08;0.02520767;-0.006649727;506;1.29
relu;(100, 100, 100, 50);0.3;0.03;l2;0.0001;32;0.9;0.9;1.00E-08;0.025208048;-0.006664844;506;1.43
relu;(100, 100, 100, 50);0;0.001;l1;0.01;32;0.8;0.9;1.00E-06;0.025208083;-0.006666237;506;1.38
relu;(100, 100, 100, 50);0.3;0.001;none;0.0001;64;0.99;0.99;1.00E-08;0.025208087;-0.006666399;504;1.13
relu;(100, 50, 25);0.3;0.03;l2;0.01;64;0.99;0.99;1.00E-08;0.025208276;-0.006673956;504;1.24
relu;(100, 50, 25);0.3;0.03;l2;1.00E-05;16;0.9;0.99;1.00E-06;0.025208964;-0.00670142;506;0.74
relu;(100, 50, 25);0.3;0.01;none;0.0001;32;0.99;0.999;1.00E-08;0.025209159;-0.006709211;506;0.39
relu;(100, 100, 100, 50);0.1;0.03;none;0.0001;16;0.9;0.9;1.00E-06;0.025209489;-0.006722368;506;1.31
relu;(50, 50, 50);0.3;0.03;none;1.00E-05;32;0.99;0.999;1.00E-08;0.025209788;-0.00673432;506;0.56
relu;(100, 100, 100, 50);0.3;0.01;l2;1.00E-05;64;0.99;0.9;1.00E-06;0.02520987;-0.00673761;504;1.13
relu;(100, 100, 100, 50);0.3;0.01;l2;0.0001;64;0.99;0.99;1.00E-06;0.025209928;-0.006739897;504;1.32
relu;(100, 100, 100, 50);0.1;0.03;none;0.01;32;0.99;0.99;1.00E-08;0.025210158;-0.006749106;506;1.47
relu;(100, 100, 100, 50);0.3;0.03;l2;1.00E-05;64;0.9;0.999;1.00E-08;0.025210538;-0.006764259;504;1.18
relu;(100, 50, 25);0.3;0.03;l2;0.0001;16;0.99;0.999;1.00E-08;0.025210543;-0.006764483;506;0.98
relu;(100, 50, 25);0.1;0.01;l1;0.01;16;0.9;0.999;1.00E-06;0.025210745;-0.006772551;506;1.14
relu;(100, 100, 100, 50);0.1;0.01;none;0.0001;64;0.99;0.9;1.00E-08;0.025210856;-0.006776961;504;2.09
relu;(100, 50, 25);0.3;0.03;none;0.0001;16;0.9;0.99;1.00E-06;0.02521091;-0.006779124;506;0.82
relu;(100, 50, 25);0.3;0.03;none;0.01;16;0.9;0.999;1.00E-06;0.025210954;-0.006780873;506;0.68
relu;(50, 50, 50);0.1;0.03;l1;1.00E-05;32;0.9;0.9;1.00E-08;0.025211189;-0.006790275;506;0.98
relu;(100, 50, 25);0.1;0.03;none;0.0001;32;0.99;0.9;1.00E-06;0.025211504;-0.006802866;506;0.91
relu;(100, 100, 100, 50);0.3;0.03;none;0.0001;64;0.8;0.999;1.00E-06;0.025211574;-0.006805641;504;1.22
relu;(100, 100, 100, 50);0.1;0.01;l2;0.01;64;0.9;0.9;1.00E-08;0.025211673;-0.006809603;504;1.82
relu;(50, 50, 50);0.1;0.03;l1;0.01;16;0.8;0.99;1.00E-08;0.025211781;-0.006813894;506;0.63
relu;(50, 50, 50);0.3;0.03;l2;0.0001;64;0.9;0.9;1.00E-06;0.025211835;-0.006816057;504;1
relu;(100, 50, 25);0.3;0.03;none;0.01;16;0.8;0.999;1.00E-08;0.025212101;-0.006826689;506;0.67
relu;(100, 50, 25);0.3;0.03;l2;0.01;32;0.99;0.999;1.00E-08;0.025212151;-0.006828672;506;1.2
relu;(50, 50, 50);0.3;0.03;none;0.0001;16;0.8;0.99;1.00E-06;0.025212773;-0.006853524;506;0.58
relu;(100, 100, 100, 50);0;0.01;l2;0.01;32;0.8;0.99;1.00E-06;0.025212802;-0.006854694;506;1.34
relu;(50, 50, 50);0.3;0.03;l1;0.01;32;0.9;0.999;1.00E-08;0.025213045;-0.006864375;506;1.64
relu;(50, 50, 50);0.1;0.01;l1;0.01;32;0.99;0.9;1.00E-06;0.025213155;-0.006868773;506;0.81
relu;(50, 50, 50);0;0.01;none;1.00E-05;32;0.99;0.99;1.00E-06;0.025213451;-0.006880592;506;0.33
relu;(100, 100, 100, 50);0.3;0.03;l1;0.01;64;0.99;0.999;1.00E-06;0.025213453;-0.006880686;504;2.08
relu;(100, 100, 100, 50);0.3;0.03;l1;0.01;32;0.99;0.99;1.00E-08;0.025213471;-0.006881418;506;2.06
relu;(50, 50, 50);0.1;0.001;l1;0.01;32;0.9;0.999;1.00E-06;0.025213525;-0.006883543;506;0.47
relu;(100, 50, 25);0.3;0.01;none;0.0001;16;0.8;0.999;1.00E-08;0.025213551;-0.006884596;506;0.34
relu;(50, 50, 50);0;0.01;l1;0.01;64;0.9;0.999;1.00E-08;0.025213739;-0.00689212;504;0.49
relu;(100, 100, 100, 50);0.1;0.001;l1;1.00E-05;64;0.99;0.9;1.00E-08;0.025213788;-0.006894049;504;1.7
relu;(100, 100, 100, 50);0.3;0.001;l2;0.01;64;0.9;0.9;1.00E-08;0.025213841;-0.006896158;504;1.09
relu;(100, 50, 25);0.1;0.03;l1;0.01;32;0.8;0.999;1.00E-08;0.025214029;-0.006903667;506;1.15
relu;(100, 50, 25);0.3;0.03;none;0.01;32;0.8;0.99;1.00E-08;0.02521405;-0.006904508;506;0.72
relu;(100, 100, 100, 50);0.3;0.001;l1;0.01;16;0.9;0.999;1.00E-08;0.025214188;-0.006910023;506;0.77
relu;(50, 50, 50);0.1;0.001;l1;0.01;16;0.99;0.9;1.00E-08;0.025214369;-0.006917258;506;0.41
relu;(100, 50, 25);0.3;0.03;none;0.0001;16;0.99;0.999;1.00E-08;0.0252145;-0.006922478;506;0.82
relu;(100, 100, 100, 50);0.3;0.01;l1;0.0001;64;0.9;0.9;1.00E-06;0.025214601;-0.006926525;504;1.28
relu;(100, 100, 100, 50);0.1;0.03;none;1.00E-05;16;0.99;0.99;1.00E-08;0.025214626;-0.006927535;506;1.31
relu;(100, 50, 25);0;0.001;l1;0.01;32;0.8;0.9;1.00E-06;0.025214744;-0.006932224;506;0.88
relu;(100, 100, 100, 50);0;0.03;l1;0.01;64;0.9;0.999;1.00E-08;0.025214761;-0.006932909;504;1.62
relu;(100, 50, 25);0.3;0.03;l1;0.01;16;0.99;0.999;1.00E-06;0.025214772;-0.006933373;506;1.21
relu;(100, 50, 25);0.1;0.001;l1;0.01;64;0.99;0.9;1.00E-06;0.025214776;-0.0069335;504;1.2
relu;(100, 100, 100, 50);0.3;0.03;l2;0.0001;64;0.9;0.999;1.00E-08;0.025214892;-0.006938128;504;1.4
relu;(100, 100, 100, 50);0.3;0.03;none;0.01;32;0.8;0.9;1.00E-06;0.025215835;-0.006975787;506;0.93
relu;(50, 50, 50);0.3;0.03;l1;1.00E-05;16;0.9;0.9;1.00E-08;0.025215953;-0.006980502;506;0.57
relu;(50, 50, 50);0.3;0.01;l1;0.0001;32;0.99;0.99;1.00E-08;0.025215994;-0.006982141;506;0.57
relu;(100, 50, 25);0.3;0.01;l1;0.01;32;0.9;0.999;1.00E-08;0.025216074;-0.006985332;506;0.44
relu;(100, 100, 100, 50);0.3;0.01;l1;1.00E-05;32;0.9;0.999;1.00E-08;0.025216237;-0.00699184;506;0.77
relu;(100, 100, 100, 50);0.3;0.01;l1;0.01;64;0.9;0.9;1.00E-08;0.025216672;-0.007009227;504;1.38
relu;(100, 50, 25);0.1;0.001;l1;0.01;16;0.99;0.999;1.00E-06;0.025216956;-0.007020566;506;1.1
relu;(50, 50, 50);0.3;0.03;l1;1.00E-05;32;0.9;0.9;1.00E-08;0.025217034;-0.007023665;506;0.65
relu;(50, 50, 50);0.1;0.01;l1;1.00E-05;16;0.99;0.9;1.00E-08;0.025217081;-0.007025564;506;0.67
relu;(100, 100, 100, 50);0.3;0.03;none;1.00E-05;32;0.99;0.999;1.00E-08;0.025217405;-0.007038482;506;0.73
relu;(100, 100, 100, 50);0.3;0.01;l2;0.01;64;0.99;0.999;1.00E-06;0.025217642;-0.007047971;504;1.17
relu;(100, 50, 25);0.1;0.03;l1;1.00E-05;32;0.99;0.9;1.00E-08;0.025217777;-0.007053343;506;0.88
relu;(100, 100, 100, 50);0.3;0.03;l1;0.01;64;0.8;0.999;1.00E-06;0.025218334;-0.007075599;504;2.47
relu;(50, 50, 50);0;0.001;l2;1.00E-05;32;0.99;0.9;1.00E-08;0.025218503;-0.007082352;506;0.34
relu;(100, 100, 100, 50);0;0.001;l1;0.01;64;0.9;0.9;1.00E-06;0.025218505;-0.007082425;504;1.69
relu;(100, 50, 25);0.3;0.03;l1;0.01;64;0.99;0.999;1.00E-06;0.025218807;-0.007094483;504;1.02
relu;(100, 100, 100, 50);0.1;0.03;none;0.0001;32;0.99;0.999;1.00E-06;0.025218864;-0.007096775;506;1.54
relu;(100, 100, 100, 50);0.3;0.01;l2;0.0001;16;0.99;0.99;1.00E-06;0.025218875;-0.007097186;506;0.66
relu;(50, 50, 50);0.3;0.01;l2;0.01;16;0.8;0.9;1.00E-06;0.025218914;-0.007098747;506;0.4
relu;(100, 50, 25);0.3;0.03;l2;0.0001;16;0.9;0.999;1.00E-06;0.025219248;-0.007112082;506;0.84
relu;(100, 50, 25);0.1;0.01;l1;0.01;64;0.99;0.9;1.00E-06;0.025219721;-0.007131001;504;1.24
relu;(100, 100, 100, 50);0;0.03;none;0.01;16;0.99;0.99;1.00E-08;0.025220243;-0.007151814;506;1.17
relu;(100, 100, 100, 50);0.3;0.01;l1;0.0001;16;0.99;0.999;1.00E-08;0.025220436;-0.00715955;506;1.02
relu;(100, 100, 100, 50);0.3;0.03;none;0.01;32;0.8;0.999;1.00E-08;0.025220615;-0.007166697;506;0.69
relu;(100, 100, 100, 50);0.3;0.01;none;0.0001;64;0.9;0.999;1.00E-08;0.025221275;-0.007193045;504;1.22
relu;(100, 100, 100, 50);0.3;0.03;l1;0.0001;16;0.8;0.9;1.00E-06;0.025221517;-0.007202704;506;1.23
relu;(50, 50, 50);0.3;0.001;l1;0.01;32;0.9;0.99;1.00E-08;0.025221625;-0.00720701;506;0.82
relu;(100, 100, 100, 50);0.3;0.03;l2;1.00E-05;32;0.9;0.9;1.00E-08;0.025221784;-0.007213355;506;1.35
relu;(50, 50, 50);0.3;0.03;l2;0.0001;64;0.8;0.99;1.00E-06;0.025222027;-0.007223066;504;0.98
relu;(50, 50, 50);0.1;0.03;none;0.0001;64;0.99;0.9;1.00E-08;0.02522206;-0.00722441;504;0.75
relu;(100, 100, 100, 50);0.3;0.03;none;0.01;16;0.99;0.999;1.00E-08;0.025222108;-0.007226307;506;0.64
relu;(100, 100, 100, 50);0.3;0.03;l2;0.01;64;0.8;0.9;1.00E-08;0.02522228;-0.007233162;504;1.31
relu;(100, 50, 25);0.3;0.01;none;1.00E-05;16;0.99;0.99;1.00E-06;0.025222692;-0.007249648;506;0.33
relu;(50, 50, 50);0;0.03;l1;0.01;64;0.99;0.9;1.00E-08;0.025222974;-0.007260912;504;0.49
relu;(100, 100, 100, 50);0.3;0.03;l2;0.01;16;0.99;0.99;1.00E-08;0.025223003;-0.007262068;506;1.36
relu;(50, 50, 50);0;0.03;l1;0.0001;32;0.99;0.999;1.00E-06;0.025223176;-0.007268954;506;0.4
relu;(100, 100, 100, 50);0.3;0.03;l1;0.0001;16;0.9;0.999;1.00E-06;0.025223562;-0.007284357;506;1.14
relu;(100, 50, 25);0.1;0.03;l2;0.01;64;0.8;0.99;1.00E-08;0.025223838;-0.00729539;504;0.63
relu;(100, 50, 25);0.1;0.001;none;0.01;16;0.99;0.999;1.00E-08;0.025223891;-0.007297506;506;0.74
relu;(100, 100, 100, 50);0.1;0.01;l2;0.01;16;0.99;0.99;1.00E-06;0.025224427;-0.007318904;506;1.36
relu;(100, 50, 25);0.3;0.03;none;0.01;16;0.8;0.99;1.00E-06;0.025224637;-0.007327288;506;0.71
relu;(100, 50, 25);0;0.01;l1;0.01;32;0.99;0.9;1.00E-06;0.025224935;-0.007339197;506;0.43
relu;(50, 50, 50);0.1;0.01;l2;0.01;32;0.99;0.999;1.00E-08;0.025225987;-0.00738121;506;0.74
relu;(50, 50, 50);0;0.03;none;0.01;32;0.8;0.999;1.00E-06;0.02522623;-0.007390908;506;0.41
relu;(100, 50, 25);0.3;0.03;l1;1.00E-05;32;0.8;0.999;1.00E-06;0.02522626;-0.007392132;506;1.09
relu;(100, 50, 25);0.3;0.01;none;1.00E-05;64;0.99;0.9;1.00E-06;0.025226584;-0.007405072;504;0.47
relu;(100, 100, 100, 50);0.1;0.01;l1;0.01;32;0.9;0.99;1.00E-08;0.025226646;-0.007407551;506;2.55
relu;(50, 50, 50);0.1;0.03;l1;0.0001;64;0.99;0.9;1.00E-08;0.025227107;-0.007425923;504;0.74
relu;(50, 50, 50);0.1;0.01;l2;1.00E-05;64;0.8;0.9;1.00E-06;0.025227118;-0.007426367;504;0.86
relu;(100, 50, 25);0.3;0.03;none;1.00E-05;16;0.8;0.999;1.00E-06;0.025227234;-0.007431;506;1.22
relu;(100, 50, 25);0.3;0.03;none;1.00E-05;32;0.99;0.9;1.00E-06;0.025227319;-0.007434421;506;1.03
relu;(100, 100, 100, 50);0.3;0.01;none;1.00E-05;32;0.8;0.999;1.00E-08;0.025227391;-0.007437283;506;0.86
relu;(50, 50, 50);0;0.01;l1;0.01;32;0.8;0.99;1.00E-06;0.025227433;-0.007438942;506;0.41
relu;(100, 100, 100, 50);0.3;0.03;l1;1.00E-05;32;0.99;0.9;1.00E-08;0.025227565;-0.00744425;506;1.16
relu;(100, 50, 25);0.1;0.03;l2;0.01;32;0.99;0.9;1.00E-06;0.025227679;-0.00744878;506;1.1
relu;(100, 100, 100, 50);0.1;0.03;l1;0.0001;32;0.99;0.99;1.00E-06;0.025227795;-0.007453425;506;1.54
relu;(100, 100, 100, 50);0.3;0.03;none;0.01;32;0.99;0.99;1.00E-06;0.025228062;-0.007464073;506;0.67
relu;(100, 50, 25);0.1;0.03;none;0.01;32;0.99;0.99;1.00E-06;0.025228215;-0.007470196;506;0.92
relu;(100, 50, 25);0.1;0.03;l1;0.01;16;0.9;0.999;1.00E-06;0.025228505;-0.007481788;506;1.09
relu;(100, 100, 100, 50);0.3;0.03;none;0.01;32;0.99;0.999;1.00E-06;0.025228671;-0.007488383;506;1.42
relu;(100, 100, 100, 50);0.3;0.001;none;0.01;64;0.9;0.99;1.00E-08;0.025228711;-0.007490008;504;0.9
relu;(50, 50, 50);0.3;0.03;none;0.0001;32;0.99;0.9;1.00E-06;0.025229014;-0.007502107;506;0.63
relu;(50, 50, 50);0.3;0.03;none;1.00E-05;16;0.9;0.9;1.00E-06;0.025229036;-0.007502976;506;0.59
relu;(50, 50, 50);0.1;0.03;l2;1.00E-05;16;0.99;0.99;1.00E-08;0.025229595;-0.007525289;506;0.76
relu;(100, 100, 100, 50);0;0.001;none;1.00E-05;32;0.8;0.999;1.00E-08;0.025229901;-0.007537538;506;1.6
relu;(100, 100, 100, 50);0.1;0.01;l1;0.01;64;0.8;0.999;1.00E-08;0.025230089;-0.007545011;504;2.02
relu;(50, 50, 50);0.3;0.03;l2;1.00E-05;64;0.9;0.9;1.00E-08;0.02523044;-0.007559063;504;1.2
relu;(100, 50, 25);0.3;0.01;l2;0.01;16;0.99;0.999;1.00E-06;0.025230569;-0.007564187;506;0.79
relu;(50, 50, 50);0;0.01;l2;0.01;32;0.99;0.99;1.00E-06;0.025230747;-0.007571284;506;0.49
relu;(100, 50, 25);0.3;0.01;l1;0.01;64;0.8;0.999;1.00E-06;0.025231218;-0.00759013;504;0.64
relu;(100, 50, 25);0.3;0.01;none;0.01;64;0.99;0.99;1.00E-08;0.025231799;-0.00761331;504;0.73
relu;(100, 100, 100, 50);0.3;0.03;none;1.00E-05;32;0.9;0.999;1.00E-06;0.025231954;-0.0076195;506;0.85
relu;(100, 100, 100, 50);0.3;0.01;none;1.00E-05;32;0.9;0.9;1.00E-06;0.025232043;-0.007623076;506;0.81
relu;(50, 50, 50);0;0.03;none;0.01;64;0.9;0.99;1.00E-08;0.025232171;-0.007628186;504;0.46
relu;(100, 50, 25);0.1;0.03;l1;0.01;32;0.8;0.99;1.00E-06;0.02523251;-0.007641708;506;1.16
relu;(100, 100, 100, 50);0.3;0.001;none;1.00E-05;32;0.8;0.9;1.00E-08;0.025232658;-0.007647635;506;0.7
relu;(50, 50, 50);0.3;0.01;l1;1.00E-05;64;0.9;0.99;1.00E-06;0.025232802;-0.007653351;504;0.78
relu;(50, 50, 50);0;0.01;l1;0.01;64;0.99;0.999;1.00E-08;0.025232862;-0.007655775;504;0.4
relu;(100, 100, 100, 50);0.1;0.01;l2;0.01;64;0.9;0.99;1.00E-06;0.025233249;-0.007671202;504;1.75
relu;(50, 50, 50);0.1;0.03;l2;0.01;64;0.99;0.9;1.00E-06;0.025234306;-0.007713442;504;0.59
relu;(100, 100, 100, 50);0.1;0.001;l1;0.01;32;0.9;0.9;1.00E-08;0.025234567;-0.007723833;506;1.98
relu;(100, 50, 25);0.3;0.03;l1;0.0001;16;0.9;0.9;1.00E-08;0.025234652;-0.007727235;506;1.23
relu;(100, 100, 100, 50);0;0.03;none;0.0001;64;0.99;0.99;1.00E-08;0.025234677;-0.007728261;504;1.41
relu;(100, 50, 25);0.3;0.03;none;0.01;64;0.9;0.99;1.00E-06;0.025234996;-0.007740993;504;0.98
relu;(100, 50, 25);0.3;0.01;l1;0.0001;16;0.99;0.9;1.00E-08;0.025235003;-0.007741258;506;0.39
relu;(50, 50, 50);0;0.03;l1;0.0001;64;0.99;0.9;1.00E-06;0.025235018;-0.007741851;504;0.41
relu;(50, 50, 50);0.1;0.03;none;1.00E-05;64;0.99;0.99;1.00E-08;0.025235826;-0.007774136;504;0.81
relu;(50, 50, 50);0.1;0.03;l1;0.01;32;0.99;0.999;1.00E-08;0.025236105;-0.007785265;506;0.8
relu;(100, 50, 25);0.3;0.03;none;1.00E-05;32;0.8;0.9;1.00E-08;0.025236517;-0.007801728;506;1.06
relu;(100, 50, 25);0.3;0.03;none;0.0001;32;0.8;0.9;1.00E-08;0.025236863;-0.007815554;506;0.89
relu;(100, 100, 100, 50);0.3;0.03;none;1.00E-05;32;0.99;0.999;1.00E-06;0.025237371;-0.007835824;506;0.77
relu;(100, 100, 100, 50);0.3;0.03;none;0.01;64;0.99;0.9;1.00E-08;0.0252376;-0.00784497;504;1.29
relu;(50, 50, 50);0.1;0.03;l2;0.0001;16;0.99;0.99;1.00E-08;0.025237964;-0.007859511;506;0.63
relu;(100, 50, 25);0.3;0.03;l2;1.00E-05;16;0.99;0.999;1.00E-08;0.025238559;-0.007883276;506;0.75
relu;(100, 100, 100, 50);0;0.03;l1;0.01;64;0.9;0.9;1.00E-08;0.025238813;-0.007893395;504;1.69
relu;(50, 50, 50);0.3;0.03;l1;0.0001;16;0.8;0.9;1.00E-06;0.025238939;-0.007898442;506;0.66
relu;(100, 50, 25);0.3;0.01;l2;0.01;16;0.9;0.9;1.00E-08;0.025239278;-0.007911981;506;0.8
relu;(100, 100, 100, 50);0.1;0.001;l1;0.01;64;0.8;0.99;1.00E-06;0.025239433;-0.007918174;504;2.2
relu;(50, 50, 50);0.3;0.03;l1;0.01;64;0.99;0.99;1.00E-08;0.025239474;-0.007919808;504;1.72
relu;(100, 100, 100, 50);0.3;0.03;none;1.00E-05;64;0.9;0.9;1.00E-08;0.025239567;-0.007923543;504;1.23
relu;(50, 50, 50);0.1;0.03;l2;1.00E-05;16;0.99;0.999;1.00E-06;0.025239698;-0.007928751;506;0.68
relu;(100, 50, 25);0.1;0.03;l1;0.0001;32;0.99;0.9;1.00E-08;0.025239836;-0.007934264;506;1.11
relu;(100, 100, 100, 50);0.3;0.001;l2;0.01;32;0.8;0.9;1.00E-06;0.025239889;-0.0079364;506;0.65
relu;(100, 100, 100, 50);0.1;0.001;l2;0.01;16;0.99;0.9;1.00E-08;0.025240005;-0.007941004;506;1.56
relu;(100, 50, 25);0;0.03;l2;0.0001;64;0.99;0.999;1.00E-06;0.025240056;-0.007943061;504;0.5
relu;(100, 100, 100, 50);0.3;0.03;none;0.0001;64;0.8;0.99;1.00E-08;0.025240309;-0.007953166;504;1.05
relu;(100, 100, 100, 50);0.3;0.01;none;1.00E-05;64;0.9;0.99;1.00E-08;0.025240349;-0.007954748;504;1.1
relu;(50, 50, 50);0.3;0.01;l1;1.00E-05;64;0.8;0.9;1.00E-06;0.025240433;-0.007958101;504;0.78
relu;(100, 50, 25);0.3;0.01;none;0.01;32;0.99;0.99;1.00E-08;0.025241361;-0.007995159;506;0.57
relu;(50, 50, 50);0.3;0.01;none;1.00E-05;16;0.9;0.999;1.00E-08;0.025241426;-0.007997772;506;0.62
relu;(100, 100, 100, 50);0.1;0.03;none;0.0001;32;0.8;0.9;1.00E-06;0.025241836;-0.008014148;506;1.45
relu;(100, 50, 25);0.3;0.03;l2;0.01;32;0.9;0.999;1.00E-06;0.025242584;-0.008044009;506;1.12
relu;(50, 50, 50);0.1;0.001;l1;1.00E-05;64;0.9;0.99;1.00E-06;0.025243189;-0.008068162;504;0.51
relu;(100, 50, 25);0;0.001;l1;0.01;16;0.9;0.9;1.00E-08;0.025243403;-0.008076699;506;0.82
relu;(100, 100, 100, 50);0.3;0.03;l1;1.00E-05;64;0.99;0.99;1.00E-08;0.025243564;-0.008083139;504;1.78
relu;(100, 100, 100, 50);0.3;0.01;l1;0.0001;64;0.99;0.9;1.00E-06;0.025243568;-0.0080833;504;1.09
relu;(100, 50, 25);0.1;0.03;l2;1.00E-05;16;0.99;0.9;1.00E-06;0.025243701;-0.008088618;506;0.83
relu;(50, 50, 50);0;0.01;l1;0.01;32;0.8;0.9;1.00E-06;0.025243936;-0.008097987;506;0.44
relu;(50, 50, 50);0.3;0.001;l2;0.01;32;0.8;0.9;1.00E-06;0.025244227;-0.008109631;506;0.69
relu;(100, 100, 100, 50);0.3;0.001;l2;1.00E-05;32;0.8;0.99;1.00E-06;0.025244347;-0.008114408;506;1.03
relu;(100, 100, 100, 50);0.3;0.03;l1;0.0001;64;0.9;0.99;1.00E-06;0.025244622;-0.008125411;504;2.06
relu;(100, 50, 25);0.3;0.03;l2;0.01;16;0.99;0.99;1.00E-06;0.02524469;-0.008128117;506;1.05
relu;(50, 50, 50);0.1;0.001;l2;0.0001;16;0.8;0.999;1.00E-06;0.025244755;-0.008130722;506;0.4
relu;(100, 50, 25);0.3;0.03;none;1.00E-05;16;0.9;0.9;1.00E-08;0.025245123;-0.008145379;506;0.95
relu;(50, 50, 50);0.3;0.01;none;1.00E-05;32;0.99;0.999;1.00E-08;0.025245153;-0.008146587;506;0.79
relu;(100, 50, 25);0.3;0.03;none;1.00E-05;64;0.8;0.999;1.00E-06;0.025245298;-0.00815237;504;1.17
relu;(100, 50, 25);0.3;0.03;none;1.00E-05;64;0.99;0.999;1.00E-06;0.025245306;-0.008152706;504;1.24
relu;(100, 100, 100, 50);0.3;0.01;l2;0.01;32;0.99;0.99;1.00E-06;0.025245367;-0.008155161;506;0.98
relu;(100, 50, 25);0;0.03;l1;0.01;32;0.99;0.9;1.00E-08;0.025245465;-0.008159061;506;0.36
relu;(100, 100, 100, 50);0.3;0.01;l2;0.0001;64;0.99;0.999;1.00E-08;0.025245869;-0.008175172;504;1.39
relu;(50, 50, 50);0.1;0.03;l2;0.01;16;0.99;0.999;1.00E-08;0.025245878;-0.008175555;506;0.61
relu;(100, 100, 100, 50);0.3;0.001;none;0.01;64;0.8;0.999;1.00E-06;0.025246028;-0.008181526;504;1.08
relu;(50, 50, 50);0.3;0.03;l1;0.01;64;0.9;0.99;1.00E-06;0.025246131;-0.008185639;504;1.82
relu;(100, 50, 25);0.3;0.03;l1;0.01;16;0.9;0.999;1.00E-08;0.025246317;-0.008193061;506;1.26
relu;(100, 50, 25);0;0.03;l1;0.0001;16;0.99;0.9;1.00E-06;0.025247218;-0.008229077;506;0.33
relu;(100, 100, 100, 50);0.3;0.03;none;1.00E-05;32;0.8;0.9;1.00E-08;0.025247658;-0.008246619;506;0.9
relu;(100, 100, 100, 50);0;0.001;none;0.0001;64;0.9;0.99;1.00E-08;0.025247766;-0.008250956;504;1.51
relu;(50, 50, 50);0;0.03;l1;0.01;16;0.8;0.9;1.00E-06;0.025248073;-0.008263224;506;0.35
relu;(100, 100, 100, 50);0.3;0.03;l2;1.00E-05;16;0.8;0.999;1.00E-06;0.02524808;-0.008263475;506;1.04
relu;(50, 50, 50);0.1;0.001;l2;0.0001;32;0.9;0.99;1.00E-06;0.025248409;-0.008276633;506;0.44
relu;(50, 50, 50);0.1;0.01;l1;0.01;32;0.99;0.9;1.00E-08;0.025248495;-0.008280053;506;0.71
relu;(100, 100, 100, 50);0.3;0.03;l1;0.0001;64;0.9;0.9;1.00E-06;0.025248585;-0.008283658;504;2.23
relu;(50, 50, 50);0.3;0.03;l2;1.00E-05;16;0.8;0.999;1.00E-08;0.02524868;-0.008287446;506;1.03
relu;(100, 50, 25);0.3;0.01;none;1.00E-05;32;0.9;0.99;1.00E-06;0.02524932;-0.008313019;506;0.36
relu;(100, 50, 25);0.3;0.03;l1;0.0001;64;0.9;0.9;1.00E-06;0.025249561;-0.008322627;504;1.47
relu;(50, 50, 50);0.1;0.03;l1;0.01;32;0.99;0.99;1.00E-08;0.025249708;-0.008328508;506;0.7
relu;(100, 50, 25);0.1;0.001;l2;1.00E-05;32;0.8;0.999;1.00E-06;0.02525042;-0.008356946;506;0.82
relu;(100, 50, 25);0.3;0.03;l2;1.00E-05;64;0.9;0.99;1.00E-08;0.025250814;-0.008372647;504;0.89
relu;(50, 50, 50);0.1;0.03;l2;0.01;32;0.99;0.9;1.00E-06;0.025250828;-0.008373225;506;0.64
relu;(100, 100, 100, 50);0.3;0.03;l2;1.00E-05;64;0.9;0.9;1.00E-06;0.025251242;-0.008389744;504;1.44
relu;(100, 100, 100, 50);0;0.03;l1;0.01;64;0.9;0.99;1.00E-08;0.025251326;-0.00839313;504;1.72
relu;(50, 50, 50);0.3;0.03;none;0.0001;64;0.8;0.9;1.00E-08;0.02525216;-0.008426431;504;0.88
relu;(50, 50, 50);0;0.03;l1;0.01;64;0.9;0.9;1.00E-08;0.02525229;-0.0084316;504;0.43
relu;(100, 100, 100, 50);0.3;0.03;l2;1.00E-05;16;0.99;0.999;1.00E-08;0.025252321;-0.008432829;506;0.96
relu;(100, 100, 100, 50);0.1;0.03;l2;0.01;16;0.8;0.9;1.00E-06;0.025252365;-0.008434588;506;0.82
relu;(100, 50, 25);0;0.03;l2;0.01;32;0.9;0.999;1.00E-06;0.025252414;-0.008436543;506;0.33
relu;(100, 100, 100, 50);0.3;0.001;l1;0.01;32;0.8;0.9;1.00E-06;0.025252971;-0.008458818;506;0.77
relu;(100, 100, 100, 50);0.1;0.03;l2;1.00E-05;32;0.8;0.999;1.00E-06;0.025253355;-0.008474138;506;0.97
relu;(100, 100, 100, 50);0.3;0.01;none;0.01;16;0.9;0.9;1.00E-08;0.025253403;-0.008476065;506;0.67
relu;(100, 50, 25);0.3;0.03;l1;0.01;32;0.9;0.9;1.00E-06;0.025253765;-0.008490523;506;1.3
relu;(100, 100, 100, 50);0.1;0.03;l2;1.00E-05;16;0.99;0.99;1.00E-08;0.025253811;-0.008492359;506;0.93
relu;(50, 50, 50);0;0.01;l1;1.00E-05;64;0.8;0.9;1.00E-08;0.025254466;-0.008518517;504;0.53
relu;(50, 50, 50);0.3;0.03;l2;1.00E-05;64;0.9;0.99;1.00E-08;0.025254494;-0.008519632;504;1.08
relu;(100, 100, 100, 50);0.3;0.01;l2;1.00E-05;64;0.8;0.99;1.00E-08;0.025254596;-0.008523715;504;1.15
relu;(50, 50, 50);0.3;0.001;l1;0.01;32;0.99;0.99;1.00E-06;0.02525498;-0.00853903;506;0.59
relu;(100, 50, 25);0.1;0.01;l1;0.01;32;0.9;0.9;1.00E-08;0.025255431;-0.008557022;506;1.35
relu;(100, 50, 25);0.3;0.01;l2;0.0001;16;0.8;0.999;1.00E-08;0.025255435;-0.008557203;506;0.35
relu;(100, 50, 25);0.3;0.01;l1;0.0001;16;0.99;0.999;1.00E-06;0.025255444;-0.008557558;506;0.42
relu;(100, 50, 25);0.3;0.03;none;0.01;16;0.9;0.999;1.00E-08;0.025256142;-0.008585431;506;0.8
relu;(50, 50, 50);0.1;0.01;l1;0.01;32;0.8;0.999;1.00E-08;0.025256185;-0.008587137;506;0.69
relu;(50, 50, 50);0.3;0.03;none;0.0001;16;0.99;0.99;1.00E-06;0.025256187;-0.008587221;506;0.48
relu;(100, 50, 25);0.3;0.01;none;0.0001;16;0.99;0.9;1.00E-08;0.025256557;-0.008602003;506;0.34
relu;(100, 100, 100, 50);0.3;0.03;l2;0.0001;32;0.99;0.9;1.00E-06;0.025256615;-0.00860432;506;1.25
relu;(100, 50, 25);0;0.001;l1;0.01;16;0.9;0.99;1.00E-06;0.025256668;-0.008606439;506;0.91
relu;(50, 50, 50);0.3;0.03;none;0.0001;64;0.99;0.99;1.00E-08;0.025256701;-0.008607769;504;0.71
relu;(100, 100, 100, 50);0.3;0.01;none;0.01;64;0.8;0.999;1.00E-06;0.025256973;-0.00861862;504;0.97
relu;(100, 100, 100, 50);0.3;0.03;none;0.01;16;0.8;0.9;1.00E-06;0.025256987;-0.008619194;506;0.87
relu;(50, 50, 50);0.3;0.001;l1;0.01;64;0.9;0.999;1.00E-06;0.025257029;-0.008620864;504;0.77
relu;(50, 50, 50);0.3;0.03;l2;0.0001;32;0.9;0.9;1.00E-08;0.025257488;-0.008639202;506;0.92
relu;(50, 50, 50);0;0.01;l1;0.01;16;0.99;0.99;1.00E-06;0.025257841;-0.008653287;506;0.34
relu;(100, 100, 100, 50);0.1;0.001;l1;0.01;16;0.99;0.9;1.00E-06;0.025257868;-0.008654358;506;1.74
relu;(50, 50, 50);0.3;0.03;l1;0.0001;16;0.9;0.9;1.00E-06;0.025258462;-0.008678062;506;0.66
relu;(100, 100, 100, 50);0.3;0.01;l1;0.0001;32;0.99;0.999;1.00E-06;0.025258841;-0.008693212;506;1
relu;(100, 50, 25);0;0.001;none;1.00E-05;64;0.99;0.999;1.00E-08;0.025258964;-0.008698114;504;1.67
relu;(50, 50, 50);0.1;0.01;l1;1.00E-05;16;0.99;0.99;1.00E-08;0.025258972;-0.008698461;506;0.53
relu;(100, 50, 25);0.1;0.03;l1;0.01;16;0.8;0.99;1.00E-08;0.02525941;-0.008715921;506;1.08
relu;(100, 100, 100, 50);0.3;0.01;l1;1.00E-05;32;0.8;0.999;1.00E-06;0.025259418;-0.008716272;506;1.02
relu;(100, 100, 100, 50);0.3;0.01;l1;0.01;64;0.8;0.99;1.00E-06;0.025259465;-0.008718124;504;1.06
relu;(100, 100, 100, 50);0.1;0.03;l1;0.01;32;0.9;0.99;1.00E-06;0.025259552;-0.008721619;506;0.9
relu;(100, 100, 100, 50);0.1;0.03;l2;0.0001;16;0.9;0.999;1.00E-08;0.025259588;-0.00872304;506;0.81
relu;(100, 100, 100, 50);0.3;0.03;none;0.0001;64;0.9;0.99;1.00E-08;0.025259733;-0.008728833;504;0.97
relu;(50, 50, 50);0;0.01;l2;1.00E-05;16;0.8;0.999;1.00E-06;0.025259957;-0.008737769;506;0.36
relu;(100, 100, 100, 50);0.1;0.001;none;0.0001;16;0.9;0.9;1.00E-06;0.02526007;-0.008742304;506;1.12
relu;(100, 50, 25);0.3;0.01;l1;0.0001;64;0.8;0.999;1.00E-06;0.025260119;-0.008744264;504;0.55
relu;(100, 100, 100, 50);0.3;0.03;l1;0.01;64;0.8;0.999;1.00E-08;0.025260469;-0.00875824;504;2.32
relu;(100, 50, 25);0.3;0.03;l1;0.01;16;0.8;0.999;1.00E-06;0.025260688;-0.008766986;506;1.31
relu;(50, 50, 50);0;0.03;none;0.01;64;0.9;0.9;1.00E-08;0.025261059;-0.008781786;504;0.57
relu;(100, 50, 25);0.3;0.01;l1;1.00E-05;32;0.99;0.999;1.00E-08;0.025261357;-0.008793677;506;0.45
relu;(50, 50, 50);0.3;0.03;l1;0.0001;64;0.99;0.999;1.00E-06;0.025261546;-0.008801222;504;1.78
relu;(100, 100, 100, 50);0.1;0.03;l1;0.01;32;0.99;0.99;1.00E-08;0.025261833;-0.008812697;506;0.85
relu;(100, 100, 100, 50);0.3;0.01;l2;0.0001;64;0.9;0.999;1.00E-08;0.025262177;-0.008826443;504;1.58
relu;(100, 100, 100, 50);0.1;0.03;l2;0.0001;32;0.99;0.999;1.00E-08;0.025262325;-0.008832338;506;0.64
relu;(50, 50, 50);0.1;0.001;l1;0.01;64;0.99;0.9;1.00E-06;0.025262641;-0.008844975;504;0.58
relu;(100, 50, 25);0.3;0.03;l2;1.00E-05;32;0.8;0.9;1.00E-06;0.02526308;-0.008862507;506;0.87
relu;(100, 100, 100, 50);0.3;0.01;l1;0.0001;16;0.8;0.99;1.00E-08;0.025263128;-0.008864399;506;0.85
relu;(50, 50, 50);0.1;0.001;l1;1.00E-05;64;0.8;0.9;1.00E-08;0.025263223;-0.008868193;504;0.62
relu;(100, 50, 25);0.1;0.01;l1;0.01;16;0.99;0.9;1.00E-06;0.025263312;-0.008871781;506;1.09
relu;(100, 50, 25);0;0.01;l1;0.01;16;0.8;0.999;1.00E-06;0.025263356;-0.008873522;506;0.52
relu;(100, 100, 100, 50);0.3;0.01;l1;0.0001;32;0.99;0.99;1.00E-08;0.025263624;-0.008884209;506;0.94
relu;(50, 50, 50);0.3;0.03;l1;0.0001;32;0.99;0.99;1.00E-08;0.025263844;-0.008892998;506;0.76
relu;(100, 50, 25);0.3;0.03;l2;0.01;64;0.9;0.9;1.00E-06;0.025263853;-0.008893382;504;1.46
relu;(100, 100, 100, 50);0.3;0.03;none;1.00E-05;64;0.8;0.99;1.00E-06;0.025263888;-0.008894746;504;0.98
relu;(100, 100, 100, 50);0.3;0.01;l2;1.00E-05;32;0.9;0.9;1.00E-06;0.025263913;-0.008895774;506;0.69
relu;(100, 50, 25);0.3;0.01;l1;1.00E-05;16;0.8;0.9;1.00E-08;0.025264065;-0.00890182;506;0.63
relu;(100, 50, 25);0.3;0.03;l1;1.00E-05;32;0.8;0.99;1.00E-06;0.025264285;-0.008910599;506;1.24
relu;(100, 50, 25);0.3;0.03;none;1.00E-05;64;0.8;0.99;1.00E-06;0.025264343;-0.008912941;504;1.16
relu;(50, 50, 50);0;0.03;l1;0.01;32;0.9;0.99;1.00E-08;0.025264723;-0.00892812;506;0.48
relu;(100, 50, 25);0;0.001;l2;0.0001;16;0.9;0.9;1.00E-08;0.025264869;-0.008933948;506;0.85
relu;(100, 50, 25);0.3;0.03;l1;0.01;64;0.99;0.999;1.00E-08;0.025264901;-0.0089352;504;1
relu;(50, 50, 50);0;0.01;l1;1.00E-05;16;0.9;0.99;1.00E-08;0.025265159;-0.008945515;506;0.37
relu;(100, 100, 100, 50);0.3;0.03;l2;0.0001;16;0.99;0.99;1.00E-06;0.025265402;-0.008955245;506;0.97
relu;(100, 100, 100, 50);0.1;0.03;none;0.01;16;0.9;0.9;1.00E-08;0.025265457;-0.008957423;506;1.34
relu;(100, 50, 25);0.1;0.03;none;1.00E-05;64;0.9;0.9;1.00E-06;0.025265567;-0.008961798;504;1.15
relu;(100, 50, 25);0.3;0.03;l1;0.01;32;0.8;0.9;1.00E-06;0.025265803;-0.00897124;506;1.03
relu;(100, 100, 100, 50);0.3;0.01;l2;0.0001;16;0.8;0.999;1.00E-06;0.025266091;-0.00898274;506;0.88
relu;(100, 100, 100, 50);0.3;0.001;none;1.00E-05;32;0.9;0.99;1.00E-06;0.025266583;-0.009002383;506;0.71
relu;(50, 50, 50);0.1;0.01;l1;0.01;16;0.99;0.99;1.00E-08;0.025266709;-0.009007417;506;0.62
relu;(100, 50, 25);0.3;0.01;l1;0.01;64;0.99;0.99;1.00E-06;0.025266817;-0.009011723;504;0.5
relu;(100, 50, 25);0.1;0.03;l2;0.01;32;0.99;0.999;1.00E-06;0.025266933;-0.009016361;506;0.58
relu;(100, 50, 25);0.3;0.03;none;0.0001;16;0.9;0.9;1.00E-08;0.025267112;-0.009023526;506;0.96
relu;(50, 50, 50);0.3;0.01;l1;1.00E-05;32;0.99;0.99;1.00E-06;0.025267222;-0.009027907;506;0.78
relu;(100, 50, 25);0.1;0.01;l2;1.00E-05;16;0.99;0.9;1.00E-08;0.025267483;-0.009038342;506;0.72
relu;(100, 50, 25);0.1;0.03;l1;1.00E-05;64;0.99;0.999;1.00E-06;0.02526809;-0.009062586;504;1.15
relu;(100, 100, 100, 50);0.3;0.01;l1;1.00E-05;64;0.9;0.999;1.00E-06;0.02526815;-0.009064954;504;1.11
relu;(100, 50, 25);0.3;0.03;l2;1.00E-05;64;0.99;0.99;1.00E-08;0.02526831;-0.009071339;504;0.98
relu;(100, 100, 100, 50);0.3;0.03;l1;0.0001;32;0.99;0.999;1.00E-08;0.025268521;-0.009079785;506;1.65
relu;(100, 100, 100, 50);0.1;0.01;l2;0.0001;64;0.8;0.999;1.00E-08;0.02526865;-0.009084944;504;1.79
relu;(100, 100, 100, 50);0;0.01;none;0.0001;32;0.99;0.999;1.00E-08;0.025268905;-0.009095105;506;1.19
relu;(50, 50, 50);0.3;0.01;l2;0.01;16;0.9;0.9;1.00E-06;0.025268963;-0.009097449;506;0.66
relu;(100, 100, 100, 50);0.1;0.03;l1;0.0001;32;0.99;0.999;1.00E-08;0.025269105;-0.009103104;506;1.56
relu;(100, 50, 25);0.1;0.03;l1;0.01;16;0.8;0.9;1.00E-06;0.025270116;-0.009143477;506;1.07
relu;(100, 50, 25);0.3;0.01;l2;1.00E-05;32;0.9;0.9;1.00E-06;0.025270352;-0.009152882;506;0.37
relu;(100, 50, 25);0.3;0.01;l1;0.0001;32;0.99;0.9;1.00E-06;0.025270501;-0.009158866;506;0.45
relu;(50, 50, 50);0.1;0.03;l1;0.01;16;0.99;0.9;1.00E-06;0.025271627;-0.009203832;506;0.75
relu;(50, 50, 50);0;0.001;l2;0.0001;64;0.8;0.9;1.00E-06;0.025272257;-0.009228979;504;0.41
relu;(100, 50, 25);0.3;0.001;l2;1.00E-05;16;0.8;0.99;1.00E-06;0.025272721;-0.009247489;506;0.33
relu;(100, 50, 25);0.3;0.03;l1;0.0001;32;0.99;0.99;1.00E-08;0.025273111;-0.009263071;506;1.19
relu;(50, 50, 50);0.3;0.03;none;0.01;16;0.9;0.99;1.00E-08;0.025273622;-0.009283474;506;0.75
relu;(100, 100, 100, 50);0.3;0.01;l2;1.00E-05;64;0.9;0.999;1.00E-06;0.025273662;-0.009285071;504;1
relu;(100, 50, 25);0.3;0.03;l1;1.00E-05;32;0.8;0.999;1.00E-08;0.02527389;-0.009294185;506;1.13
relu;(100, 100, 100, 50);0.3;0.01;none;0.01;32;0.9;0.9;1.00E-08;0.025273912;-0.009295077;506;0.72
relu;(50, 50, 50);0;0.03;l1;0.01;32;0.9;0.99;1.00E-06;0.025273929;-0.009295759;506;0.49
relu;(50, 50, 50);0.3;0.03;none;0.0001;32;0.8;0.99;1.00E-06;0.02527412;-0.009303379;506;0.48
relu;(100, 100, 100, 50);0.3;0.03;l1;1.00E-05;64;0.99;0.999;1.00E-06;0.025274208;-0.009306896;504;1.64
relu;(100, 100, 100, 50);0.1;0.03;l2;0.0001;32;0.8;0.9;1.00E-06;0.025274848;-0.00933244;506;0.76
relu;(50, 50, 50);0.1;0.03;l2;0.01;64;0.8;0.9;1.00E-06;0.02527538;-0.009353671;504;0.79
relu;(100, 50, 25);0.3;0.03;l1;0.0001;16;0.9;0.99;1.00E-08;0.025275408;-0.009354825;506;1.21
relu;(100, 100, 100, 50);0;0.001;none;1.00E-05;32;0.8;0.999;1.00E-06;0.025275887;-0.009373916;506;1.35
relu;(100, 100, 100, 50);0.3;0.03;l2;0.0001;32;0.99;0.999;1.00E-06;0.025276004;-0.009378601;506;1.09
relu;(100, 50, 25);0.1;0.03;l2;1.00E-05;64;0.99;0.99;1.00E-08;0.025276064;-0.009380993;504;0.95
relu;(50, 50, 50);0.1;0.01;l2;0.01;16;0.8;0.999;1.00E-08;0.025276145;-0.009384224;506;0.63
relu;(100, 100, 100, 50);0.3;0.03;l1;0.0001;16;0.99;0.9;1.00E-06;0.02527623;-0.009387619;506;1.27
relu;(100, 100, 100, 50);0.3;0.001;l1;0.01;16;0.99;0.99;1.00E-06;0.025276943;-0.009416091;506;0.68
relu;(100, 50, 25);0.1;0.01;l1;0.01;32;0.9;0.99;1.00E-08;0.025277078;-0.009421507;506;1.32
relu;(50, 50, 50);0.3;0.03;none;0.01;64;0.99;0.999;1.00E-08;0.025277546;-0.009440198;504;0.64
relu;(100, 50, 25);0.3;0.03;l2;0.0001;64;0.9;0.99;1.00E-06;0.025277657;-0.009444609;504;1.29
relu;(100, 50, 25);0.3;0.001;l2;0.0001;64;0.9;0.9;1.00E-08;0.025278204;-0.009466444;504;0.59
relu;(50, 50, 50);0.3;0.03;l1;1.00E-05;32;0.8;0.9;1.00E-06;0.025279153;-0.009504345;506;0.58
relu;(100, 100, 100, 50);0.3;0.03;l1;0.01;32;0.99;0.99;1.00E-06;0.025280038;-0.009539694;506;2.12
relu;(50, 50, 50);0;0.001;l1;0.01;32;0.9;0.99;1.00E-08;0.025280358;-0.009552493;506;0.38
relu;(100, 100, 100, 50);0.3;0.01;l1;0.01;64;0.99;0.9;1.00E-08;0.025280637;-0.009563609;504;1.07
relu;(100, 50, 25);0.3;0.03;none;0.01;16;0.99;0.999;1.00E-06;0.025280653;-0.009564281;506;0.72
relu;(100, 100, 100, 50);0;0.01;l2;0.01;16;0.99;0.9;1.00E-06;0.02528069;-0.009565756;506;1.15
relu;(100, 50, 25);0.1;0.03;l1;1.00E-05;32;0.99;0.99;1.00E-08;0.025280691;-0.009565771;506;0.89
relu;(100, 100, 100, 50);0.3;0.03;l1;0.0001;64;0.99;0.99;1.00E-06;0.025281332;-0.009591363;504;2.08
relu;(100, 100, 100, 50);0;0.001;l1;0.01;32;0.8;0.99;1.00E-06;0.025281364;-0.009592675;506;1.48
relu;(50, 50, 50);0;0.001;l1;0.01;16;0.9;0.999;1.00E-06;0.025281516;-0.009598726;506;1.17
relu;(100, 50, 25);0.1;0.01;l1;1.00E-05;32;0.99;0.9;1.00E-08;0.025281785;-0.009609452;506;0.96
relu;(100, 50, 25);0;0.001;l1;0.01;32;0.9;0.99;1.00E-06;0.025282391;-0.00963368;506;0.95
relu;(100, 50, 25);0.3;0.03;l2;1.00E-05;32;0.99;0.999;1.00E-06;0.025282577;-0.009641093;506;0.84
relu;(100, 100, 100, 50);0;0.03;l1;0.01;32;0.8;0.99;1.00E-08;0.025282717;-0.009646705;506;1.53
relu;(100, 50, 25);0.3;0.03;l2;1.00E-05;32;0.9;0.99;1.00E-08;0.025283456;-0.009676195;506;0.85
relu;(100, 100, 100, 50);0.1;0.001;l1;0.01;16;0.9;0.9;1.00E-06;0.025283608;-0.009682276;506;1.74
relu;(100, 100, 100, 50);0.3;0.03;none;0.01;64;0.99;0.999;1.00E-06;0.025283801;-0.009689983;504;1.18
relu;(50, 50, 50);0.3;0.01;l2;0.01;32;0.8;0.9;1.00E-06;0.025283813;-0.009690459;506;0.55
relu;(100, 50, 25);0.3;0.001;l1;1.00E-05;16;0.99;0.999;1.00E-06;0.02528405;-0.009699906;506;0.39
relu;(100, 100, 100, 50);0.3;0.03;l2;0.01;64;0.9;0.9;1.00E-08;0.025284093;-0.009701625;504;1.81
relu;(100, 100, 100, 50);0.3;0.01;l1;1.00E-05;16;0.99;0.99;1.00E-08;0.025284135;-0.00970331;506;0.8
relu;(100, 50, 25);0.1;0.03;l1;0.0001;16;0.99;0.9;1.00E-08;0.025284381;-0.009713132;506;0.96
relu;(100, 100, 100, 50);0;0.01;l1;0.01;16;0.8;0.9;1.00E-08;0.025284401;-0.009713945;506;1.31
relu;(100, 50, 25);0.1;0.03;l1;0.01;32;0.99;0.9;1.00E-06;0.025284503;-0.009717994;506;1.11
relu;(100, 50, 25);0;0.03;l2;1.00E-05;32;0.99;0.9;1.00E-08;0.025284909;-0.009734235;506;0.33
relu;(50, 50, 50);0.3;0.001;l1;1.00E-05;64;0.9;0.9;1.00E-08;0.025285045;-0.00973966;504;0.88
relu;(100, 50, 25);0.3;0.01;none;0.01;16;0.8;0.9;1.00E-06;0.025285187;-0.009745337;506;0.36
relu;(100, 100, 100, 50);0.3;0.01;none;0.0001;32;0.99;0.99;1.00E-08;0.025285282;-0.009749104;506;0.69
relu;(100, 50, 25);0.3;0.01;l2;1.00E-05;32;0.8;0.99;1.00E-08;0.025285369;-0.009752587;506;0.38
relu;(50, 50, 50);0.3;0.01;l1;1.00E-05;64;0.8;0.99;1.00E-06;0.025285666;-0.009764447;504;0.79
relu;(100, 100, 100, 50);0.1;0.03;none;1.00E-05;32;0.8;0.9;1.00E-08;0.025285794;-0.009769575;506;1.47
relu;(100, 50, 25);0;0.001;l1;0.01;16;0.99;0.99;1.00E-06;0.025285881;-0.009773053;506;0.82
relu;(100, 100, 100, 50);0.3;0.03;none;0.01;16;0.8;0.999;1.00E-06;0.025285918;-0.009774536;506;0.63
relu;(100, 50, 25);0.3;0.01;l2;0.01;32;0.99;0.9;1.00E-08;0.025286062;-0.009780256;506;0.9
relu;(100, 100, 100, 50);0.3;0.03;l1;0.01;32;0.8;0.999;1.00E-08;0.025286107;-0.009782048;506;0.97
relu;(100, 100, 100, 50);0.3;0.03;none;1.00E-05;16;0.9;0.999;1.00E-08;0.025286208;-0.009786093;506;0.62
relu;(50, 50, 50);0;0.01;l1;0.01;16;0.8;0.999;1.00E-08;0.025286393;-0.0097935;506;0.38
relu;(50, 50, 50);0.1;0.001;none;0.0001;32;0.9;0.9;1.00E-08;0.025286907;-0.009814031;506;0.38
relu;(100, 100, 100, 50);0.3;0.01;l1;0.01;32;0.99;0.99;1.00E-08;0.025287045;-0.009819517;506;0.81
relu;(100, 100, 100, 50);0.1;0.03;l2;1.00E-05;32;0.99;0.9;1.00E-06;0.025287122;-0.009822596;506;0.76
relu;(50, 50, 50);0;0.001;l1;0.01;16;0.8;0.9;1.00E-08;0.025287486;-0.009837144;506;1.03
relu;(100, 50, 25);0.3;0.03;l1;0.01;64;0.99;0.99;1.00E-08;0.025287771;-0.009848514;504;1.04
relu;(100, 100, 100, 50);0.1;0.03;l1;0.01;64;0.8;0.99;1.00E-08;0.025288413;-0.009874165;504;1.08
relu;(100, 50, 25);0.1;0.01;l1;0.01;64;0.99;0.99;1.00E-08;0.02528851;-0.009878025;504;1.02
relu;(100, 50, 25);0.1;0.03;l1;0.01;32;0.8;0.9;1.00E-08;0.025288616;-0.009882251;506;1.17
relu;(100, 50, 25);0.3;0.03;none;0.0001;16;0.8;0.99;1.00E-08;0.025288789;-0.009889177;506;0.92
relu;(100, 100, 100, 50);0.1;0.001;none;0.01;32;0.8;0.9;1.00E-06;0.025289365;-0.009912178;506;1.5
relu;(50, 50, 50);0.3;0.03;l1;0.01;64;0.9;0.99;1.00E-08;0.025289539;-0.009919099;504;1.71
relu;(50, 50, 50);0.3;0.03;none;0.01;32;0.9;0.99;1.00E-06;0.025289876;-0.009932593;506;0.76
relu;(100, 50, 25);0.3;0.01;l2;0.01;16;0.9;0.99;1.00E-08;0.025290148;-0.009943421;506;0.75
relu;(50, 50, 50);0.3;0.01;l1;0.0001;32;0.9;0.99;1.00E-06;0.025290222;-0.009946381;506;0.59
relu;(100, 100, 100, 50);0;0.01;l1;0.01;32;0.9;0.999;1.00E-06;0.025290547;-0.009959358;506;1.16
relu;(50, 50, 50);0;0.03;l2;1.00E-05;16;0.8;0.9;1.00E-06;0.025291103;-0.009981592;506;0.33
relu;(100, 50, 25);0.1;0.03;l1;1.00E-05;64;0.99;0.9;1.00E-08;0.025291211;-0.009985875;504;1.08
relu;(100, 100, 100, 50);0.1;0.01;l1;0.0001;32;0.99;0.9;1.00E-08;0.025291377;-0.009992516;506;2.04
relu;(50, 50, 50);0;0.01;l1;0.01;16;0.9;0.999;1.00E-06;0.025291811;-0.010009856;506;0.39
relu;(100, 50, 25);0.1;0.03;l2;0.01;64;0.9;0.99;1.00E-08;0.025291902;-0.01001349;504;0.5
relu;(100, 50, 25);0.3;0.03;l2;0.01;16;0.8;0.9;1.00E-08;0.025291961;-0.010015823;506;1.07
relu;(100, 100, 100, 50);0.3;0.03;l1;0.0001;32;0.99;0.99;1.00E-08;0.025292511;-0.010037806;506;1.61
relu;(100, 50, 25);0.1;0.03;none;0.01;16;0.99;0.9;1.00E-06;0.025292719;-0.010046097;506;0.65
relu;(100, 50, 25);0.3;0.03;l2;0.01;32;0.8;0.999;1.00E-08;0.025292841;-0.010050975;506;1.48
relu;(100, 50, 25);0.3;0.03;none;1.00E-05;32;0.9;0.99;1.00E-08;0.025292968;-0.010056055;506;1.05
relu;(100, 100, 100, 50);0.1;0.03;l2;0.0001;32;0.99;0.999;1.00E-06;0.025293375;-0.010072299;506;0.77
relu;(100, 100, 100, 50);0;0.03;l1;0.01;16;0.8;0.99;1.00E-06;0.025293475;-0.010076292;506;1.38
relu;(50, 50, 50);0.1;0.01;none;0.0001;64;0.8;0.999;1.00E-06;0.025293489;-0.010076872;504;0.8
relu;(100, 50, 25);0.1;0.01;l2;0.01;32;0.99;0.99;1.00E-06;0.025294427;-0.010114297;506;1
relu;(100, 50, 25);0.3;0.001;none;1.00E-05;16;0.9;0.999;1.00E-08;0.025294498;-0.010117169;506;0.37
relu;(50, 50, 50);0;0.001;l1;0.01;32;0.8;0.9;1.00E-06;0.025294829;-0.010130371;506;1
relu;(100, 100, 100, 50);0.3;0.03;none;0.0001;32;0.99;0.999;1.00E-06;0.025294842;-0.010130888;506;0.93
relu;(50, 50, 50);0.3;0.01;l1;0.0001;32;0.8;0.99;1.00E-08;0.025295161;-0.010143623;506;0.84
relu;(100, 100, 100, 50);0.1;0.03;l2;1.00E-05;32;0.99;0.999;1.00E-08;0.025295323;-0.010150079;506;0.85
relu;(50, 50, 50);0.3;0.03;l1;0.01;64;0.8;0.999;1.00E-06;0.025295486;-0.010156593;504;1.57
relu;(100, 50, 25);0.1;0.03;l2;1.00E-05;16;0.99;0.999;1.00E-08;0.025295832;-0.010170419;506;0.67
relu;(100, 50, 25);0.3;0.001;l1;0.0001;32;0.99;0.9;1.00E-06;0.025296051;-0.010179185;506;0.52
relu;(100, 100, 100, 50);0.1;0.01;l1;0.01;16;0.99;0.9;1.00E-06;0.025296266;-0.010187773;506;2.62
relu;(50, 50, 50);0.3;0.001;l1;0.01;16;0.8;0.999;1.00E-08;0.025296722;-0.010205985;506;0.54
relu;(50, 50, 50);0.3;0.01;l2;1.00E-05;16;0.99;0.999;1.00E-06;0.025297121;-0.010221919;506;0.73
relu;(50, 50, 50);0.1;0.03;l2;0.0001;32;0.9;0.999;1.00E-06;0.025297788;-0.010248533;506;0.67
relu;(50, 50, 50);0.1;0.03;none;0.0001;32;0.99;0.9;1.00E-06;0.025297992;-0.010256683;506;0.59
relu;(100, 50, 25);0.3;0.03;l1;0.01;16;0.9;0.9;1.00E-08;0.025298092;-0.010260672;506;1.26
relu;(50, 50, 50);0.3;0.03;l1;1.00E-05;16;0.8;0.99;1.00E-06;0.025298105;-0.010261189;506;0.62
relu;(100, 100, 100, 50);0.3;0.03;l1;0.01;64;0.9;0.999;1.00E-06;0.025298429;-0.010274145;504;2.05
relu;(100, 50, 25);0.3;0.03;l2;1.00E-05;64;0.99;0.9;1.00E-06;0.025298449;-0.010274941;504;0.99
relu;(100, 50, 25);0.3;0.03;none;0.01;16;0.9;0.99;1.00E-06;0.025298599;-0.010280941;506;0.79
relu;(100, 100, 100, 50);0;0.03;none;0.01;64;0.9;0.9;1.00E-08;0.02529902;-0.010297749;504;1.47
relu;(50, 50, 50);0;0.01;l1;0.0001;32;0.9;0.99;1.00E-08;0.025299562;-0.010319389;506;0.41
relu;(100, 100, 100, 50);0;0.001;none;1.00E-05;16;0.8;0.9;1.00E-06;0.02529985;-0.010330872;506;1.34
relu;(100, 50, 25);0.3;0.03;l2;1.00E-05;64;0.8;0.999;1.00E-08;0.025299987;-0.010336362;504;0.91
relu;(100, 50, 25);0.3;0.01;l1;0.01;64;0.99;0.9;1.00E-06;0.025300176;-0.010343906;504;0.55
relu;(100, 100, 100, 50);0.3;0.03;l1;0.01;32;0.99;0.999;1.00E-08;0.025300272;-0.010347749;506;2.14
relu;(100, 50, 25);0.3;0.01;l2;0.01;64;0.8;0.9;1.00E-08;0.02530036;-0.010351257;504;1.03
relu;(100, 100, 100, 50);0.3;0.03;none;1.00E-05;32;0.8;0.99;1.00E-06;0.02530064;-0.01036244;506;0.84
relu;(100, 100, 100, 50);0.3;0.03;none;1.00E-05;16;0.8;0.9;1.00E-06;0.025301256;-0.010387015;506;0.73
relu;(100, 100, 100, 50);0;0.001;l1;0.01;64;0.99;0.9;1.00E-06;0.025301269;-0.010387564;504;1.66
relu;(100, 50, 25);0;0.03;l1;0.01;16;0.8;0.9;1.00E-06;0.02530131;-0.01038917;506;0.38
relu;(100, 100, 100, 50);0.1;0.01;l1;0.01;16;0.8;0.9;1.00E-06;0.025301385;-0.010392194;506;1.61
relu;(100, 100, 100, 50);0.3;0.03;none;1.00E-05;64;0.99;0.9;1.00E-08;0.025301733;-0.010406077;504;0.98
relu;(50, 50, 50);0;0.001;l1;0.01;16;0.99;0.9;1.00E-06;0.025301908;-0.010413065;506;1.14
relu;(100, 50, 25);0.3;0.01;l1;0.01;32;0.8;0.99;1.00E-08;0.025302108;-0.010421064;506;0.42
relu;(100, 50, 25);0.1;0.01;l2;0.01;64;0.99;0.999;1.00E-08;0.025302795;-0.010448496;504;1.17
relu;(50, 50, 50);0.3;0.01;none;0.0001;64;0.99;0.9;1.00E-08;0.02530282;-0.010449484;504;0.8
relu;(100, 50, 25);0.3;0.01;l2;0.0001;32;0.8;0.999;1.00E-06;0.025302995;-0.010456492;506;1.12
relu;(50, 50, 50);0.3;0.03;l2;0.0001;16;0.9;0.99;1.00E-06;0.02530331;-0.010469053;506;0.98
relu;(100, 100, 100, 50);0.3;0.001;l1;1.00E-05;64;0.99;0.9;1.00E-08;0.025303616;-0.010481287;504;1.16
relu;(100, 50, 25);0.3;0.03;none;1.00E-05;32;0.8;0.9;1.00E-06;0.025304032;-0.010497898;506;1.06
relu;(50, 50, 50);0.1;0.01;none;1.00E-05;64;0.8;0.999;1.00E-06;0.025304685;-0.010523966;504;0.46
relu;(50, 50, 50);0.1;0.01;none;0.01;32;0.8;0.999;1.00E-08;0.025304812;-0.010529019;506;0.72
relu;(100, 50, 25);0.1;0.03;l2;0.0001;64;0.99;0.999;1.00E-08;0.025304875;-0.010531549;504;1.02
relu;(100, 100, 100, 50);0;0.03;l1;0.01;32;0.9;0.9;1.00E-08;0.025304902;-0.010532629;506;1.46
relu;(100, 100, 100, 50);0.3;0.01;l1;0.0001;64;0.99;0.99;1.00E-06;0.025304963;-0.010535047;504;1.13
relu;(50, 50, 50);0.3;0.03;l2;0.01;32;0.99;0.999;1.00E-06;0.025305378;-0.010551624;506;1.27
relu;(50, 50, 50);0.1;0.03;l1;0.0001;32;0.99;0.99;1.00E-06;0.025305441;-0.010554164;506;0.6
relu;(100, 50, 25);0.1;0.03;none;0.01;16;0.99;0.99;1.00E-06;0.025306487;-0.010595918;506;0.69
relu;(50, 50, 50);0.3;0.01;l1;0.0001;32;0.8;0.999;1.00E-06;0.025306657;-0.010602715;506;0.65
relu;(100, 50, 25);0.3;0.01;none;0.0001;32;0.8;0.9;1.00E-06;0.025306688;-0.010603959;506;0.36
relu;(100, 100, 100, 50);0.3;0.03;l1;0.0001;16;0.9;0.99;1.00E-08;0.025307666;-0.010642989;506;1.23
relu;(100, 50, 25);0.3;0.03;l2;1.00E-05;16;0.99;0.99;1.00E-08;0.025307699;-0.010644324;506;0.7
relu;(100, 50, 25);0.3;0.03;l2;1.00E-05;32;0.99;0.999;1.00E-08;0.025307744;-0.010646105;506;0.88
relu;(100, 50, 25);0.3;0.03;l1;0.01;16;0.8;0.99;1.00E-08;0.025307893;-0.010652069;506;1.16
relu;(50, 50, 50);0.3;0.01;none;0.0001;32;0.99;0.99;1.00E-08;0.025308197;-0.010664219;506;0.65
relu;(100, 100, 100, 50);0.1;0.01;l1;1.00E-05;64;0.99;0.99;1.00E-08;0.025308358;-0.010670636;504;2.15
relu;(100, 100, 100, 50);0.3;0.001;none;0.01;64;0.9;0.99;1.00E-06;0.025308388;-0.010671851;504;0.9
relu;(50, 50, 50);0.1;0.01;l1;0.0001;64;0.99;0.99;1.00E-08;0.025308444;-0.010674057;504;0.85
relu;(50, 50, 50);0;0.01;l2;0.0001;32;0.8;0.999;1.00E-06;0.025308475;-0.010675307;506;0.33
relu;(100, 50, 25);0.3;0.01;none;1.00E-05;16;0.8;0.9;1.00E-08;0.025308538;-0.010677849;506;0.33
relu;(100, 100, 100, 50);0.3;0.03;l1;0.0001;16;0.99;0.999;1.00E-06;0.025308577;-0.010679369;506;17138.29
relu;(100, 100, 100, 50);0.3;0.01;l2;0.0001;16;0.99;0.99;1.00E-08;0.025310356;-0.010750437;506;0.7
relu;(50, 50, 50);0.1;0.03;l1;0.01;16;0.9;0.999;1.00E-08;0.025310576;-0.010759217;506;0.89
relu;(100, 50, 25);0.3;0.03;none;0.01;32;0.9;0.99;1.00E-06;0.025310921;-0.010773011;506;0.89
relu;(100, 50, 25);0.3;0.01;l1;0.01;16;0.99;0.9;1.00E-06;0.025311317;-0.010788811;506;0.4
relu;(50, 50, 50);0.1;0.001;l1;1.00E-05;64;0.9;0.9;1.00E-06;0.025311694;-0.010803879;504;0.5
relu;(100, 50, 25);0.3;0.03;none;0.0001;32;0.8;0.9;1.00E-06;0.025311785;-0.010807491;506;0.98
relu;(50, 50, 50);0.3;0.03;l2;0.01;32;0.99;0.99;1.00E-06;0.025311832;-0.010809355;506;1.28
relu;(100, 50, 25);0.1;0.03;none;0.01;64;0.99;0.9;1.00E-06;0.025311879;-0.010811254;504;1.01
relu;(100, 50, 25);0.3;0.03;none;0.0001;16;0.8;0.9;1.00E-08;0.025312166;-0.010822712;506;1.02
relu;(100, 50, 25);0.3;0.03;l1;0.01;32;0.99;0.9;1.00E-08;0.025312469;-0.010834796;506;1.3
relu;(100, 50, 25);0.3;0.01;none;0.01;64;0.9;0.9;1.00E-06;0.025312582;-0.010839336;504;0.52
relu;(100, 50, 25);0.1;0.001;none;0.0001;64;0.8;0.99;1.00E-08;0.025312604;-0.010840209;504;0.45
relu;(100, 100, 100, 50);0.1;0.03;l1;0.01;32;0.8;0.9;1.00E-08;0.025312903;-0.010852142;506;0.86
relu;(100, 100, 100, 50);0.3;0.03;l1;1.00E-05;16;0.99;0.999;1.00E-08;0.025313085;-0.010859422;506;1.46
relu;(100, 100, 100, 50);0.3;0.001;l2;0.0001;64;0.8;0.99;1.00E-06;0.025313669;-0.010882713;504;0.94
relu;(100, 50, 25);0.3;0.001;l1;0.01;64;0.99;0.9;1.00E-08;0.025314214;-0.010904482;504;0.71
relu;(50, 50, 50);0.3;0.03;l2;0.01;64;0.8;0.999;1.00E-08;0.025314786;-0.010927347;504;1.57
relu;(100, 100, 100, 50);0.3;0.01;none;0.01;32;0.8;0.9;1.00E-08;0.025314985;-0.010935298;506;0.68
relu;(100, 100, 100, 50);0.3;0.03;none;0.0001;16;0.9;0.99;1.00E-06;0.0253156;-0.010959831;506;0.65
relu;(100, 100, 100, 50);0;0.03;l1;0.01;64;0.99;0.99;1.00E-08;0.025316085;-0.010979221;504;1.66
relu;(50, 50, 50);0.1;0.01;l1;0.01;16;0.8;0.999;1.00E-06;0.025317235;-0.011025153;506;0.66
relu;(100, 100, 100, 50);0.3;0.03;l1;0.01;64;0.8;0.99;1.00E-08;0.02531742;-0.01103254;504;2.38
relu;(50, 50, 50);0.1;0.01;l1;0.01;16;0.9;0.99;1.00E-06;0.025317783;-0.011047016;506;0.63
relu;(100, 100, 100, 50);0.3;0.01;l2;0.0001;64;0.99;0.9;1.00E-06;0.025318019;-0.011056465;504;1.25
relu;(100, 100, 100, 50);0;0.03;l1;0.0001;64;0.9;0.999;1.00E-06;0.02531802;-0.011056472;504;1.61
relu;(100, 100, 100, 50);0.3;0.03;none;1.00E-05;16;0.9;0.9;1.00E-06;0.025318538;-0.011077174;506;0.81
relu;(100, 100, 100, 50);0.1;0.001;l2;0.01;16;0.8;0.999;1.00E-06;0.025318627;-0.01108074;506;1.55
relu;(50, 50, 50);0.3;0.01;l2;0.01;64;0.9;0.999;1.00E-06;0.025319559;-0.011117937;504;0.62
relu;(50, 50, 50);0.1;0.03;l2;0.01;16;0.99;0.9;1.00E-06;0.025319865;-0.011130172;506;0.51
relu;(50, 50, 50);0.3;0.01;none;0.0001;32;0.99;0.9;1.00E-08;0.025319944;-0.011133336;506;0.62
relu;(50, 50, 50);0.3;0.03;l2;0.0001;16;0.99;0.99;1.00E-06;0.025320154;-0.011141695;506;1.13
relu;(100, 50, 25);0.3;0.01;l1;0.01;32;0.8;0.9;1.00E-08;0.025320271;-0.011146382;506;0.42
relu;(100, 50, 25);0;0.01;l2;0.01;64;0.9;0.99;1.00E-06;0.025320295;-0.011147343;504;0.38
relu;(100, 50, 25);0.1;0.03;none;1.00E-05;32;0.8;0.99;1.00E-08;0.025320436;-0.011152978;506;1.12
relu;(100, 100, 100, 50);0.1;0.001;l2;0.01;16;0.99;0.9;1.00E-06;0.025320458;-0.011153827;506;1.55
relu;(100, 100, 100, 50);0.1;0.01;l2;0.01;32;0.99;0.9;1.00E-06;0.025320468;-0.011154254;506;1.49
relu;(50, 50, 50);0.3;0.03;l1;1.00E-05;64;0.8;0.999;1.00E-06;0.025320715;-0.011164091;504;0.88
relu;(50, 50, 50);0;0.03;none;0.01;64;0.99;0.999;1.00E-06;0.02532079;-0.011167093;504;0.4
relu;(50, 50, 50);0;0.03;l1;0.01;32;0.9;0.9;1.00E-08;0.025321536;-0.011196892;506;0.4
relu;(100, 100, 100, 50);0.3;0.03;none;1.00E-05;32;0.99;0.99;1.00E-08;0.025321637;-0.011200932;506;0.68
relu;(50, 50, 50);0.1;0.001;l2;1.00E-05;16;0.9;0.999;1.00E-08;0.025321776;-0.011206483;506;0.4
relu;(50, 50, 50);0.3;0.03;none;0.01;16;0.99;0.99;1.00E-08;0.025322048;-0.011217337;506;0.6
relu;(100, 100, 100, 50);0.3;0.001;none;0.0001;64;0.8;0.9;1.00E-08;0.025322281;-0.011226645;504;0.93
relu;(100, 100, 100, 50);0;0.01;l1;0.01;16;0.9;0.99;1.00E-06;0.025322987;-0.011254833;506;1.25
relu;(50, 50, 50);0.3;0.03;none;0.01;64;0.99;0.9;1.00E-06;0.025323197;-0.011263239;504;0.71
relu;(100, 100, 100, 50);0.1;0.01;l1;0.01;16;0.9;0.999;1.00E-08;0.025323535;-0.011276724;506;1.7
relu;(100, 100, 100, 50);0.1;0.01;l1;0.01;32;0.8;0.9;1.00E-08;0.025323884;-0.011290655;506;2.41
relu;(50, 50, 50);0.3;0.01;none;0.01;32;0.8;0.999;1.00E-06;0.025324049;-0.011297231;506;0.69
relu;(50, 50, 50);0.3;0.03;none;0.01;64;0.99;0.9;1.00E-08;0.025324073;-0.011298216;504;0.61
relu;(100, 50, 25);0.1;0.01;l1;0.01;32;0.99;0.999;1.00E-06;0.025324235;-0.011304674;506;1.11
relu;(100, 100, 100, 50);0.1;0.03;l1;0.01;64;0.8;0.9;1.00E-08;0.025324271;-0.011306123;504;1.03
relu;(50, 50, 50);0;0.03;l2;0.01;16;0.9;0.99;1.00E-06;0.025324583;-0.011318564;506;0.89
relu;(100, 100, 100, 50);0.3;0.01;l2;0.0001;64;0.9;0.999;1.00E-06;0.025324753;-0.011325363;504;1.22
relu;(100, 100, 100, 50);0;0.03;l1;0.01;32;0.8;0.999;1.00E-06;0.025325155;-0.011341424;506;1.52
relu;(100, 50, 25);0.3;0.01;l1;0.01;16;0.9;0.99;1.00E-08;0.02532519;-0.011342804;506;0.48
relu;(50, 50, 50);0;0.01;l1;0.01;32;0.8;0.999;1.00E-06;0.025325511;-0.011355635;506;0.4
relu;(50, 50, 50);0.3;0.03;l2;0.0001;16;0.9;0.999;1.00E-08;0.025325757;-0.011365464;506;1.41
relu;(100, 100, 100, 50);0.3;0.03;l2;0.0001;64;0.8;0.99;1.00E-06;0.025326259;-0.011385494;504;1.83
relu;(100, 50, 25);0;0.03;none;0.0001;64;0.99;0.99;1.00E-08;0.025326502;-0.011395195;504;0.41
relu;(50, 50, 50);0.3;0.03;none;0.0001;64;0.8;0.99;1.00E-06;0.025326615;-0.01139972;504;0.62
relu;(100, 50, 25);0.3;0.01;none;0.01;16;0.8;0.999;1.00E-08;0.025326627;-0.011400204;506;0.35
relu;(50, 50, 50);0.1;0.03;l1;1.00E-05;64;0.99;0.9;1.00E-06;0.025326907;-0.01141139;504;0.9
relu;(100, 100, 100, 50);0;0.01;l2;0.01;64;0.99;0.9;1.00E-06;0.025326957;-0.011413364;504;1.24
relu;(50, 50, 50);0.1;0.01;none;0.01;32;0.99;0.9;1.00E-06;0.025327142;-0.011420783;506;0.74
relu;(100, 50, 25);0.3;0.01;l1;0.01;64;0.8;0.999;1.00E-08;0.02532727;-0.011425861;504;0.55
relu;(100, 100, 100, 50);0.1;0.01;l2;0.01;16;0.8;0.9;1.00E-06;0.025327539;-0.011436621;506;1.36
relu;(100, 100, 100, 50);0.1;0.03;l2;0.01;32;0.99;0.99;1.00E-06;0.025327595;-0.011438855;506;0.73
relu;(50, 50, 50);0.3;0.03;l1;0.01;16;0.8;0.999;1.00E-08;0.025328303;-0.011467129;506;1.66
relu;(100, 50, 25);0.3;0.03;l1;1.00E-05;32;0.99;0.9;1.00E-08;0.025328317;-0.0114677;506;1.1
relu;(100, 50, 25);0.3;0.01;l1;0.01;32;0.8;0.999;1.00E-08;0.025328319;-0.011467782;506;0.46
relu;(50, 50, 50);0.3;0.03;l1;0.01;16;0.99;0.99;1.00E-06;0.025328488;-0.011474529;506;1.46
relu;(100, 100, 100, 50);0.3;0.03;l2;1.00E-05;32;0.99;0.9;1.00E-06;0.025329627;-0.011519997;506;0.7
relu;(100, 50, 25);0.3;0.03;l2;0.01;64;0.9;0.9;1.00E-08;0.025329748;-0.011524852;504;1.27
relu;(100, 100, 100, 50);0.3;0.03;l1;1.00E-05;16;0.99;0.99;1.00E-08;0.025330627;-0.011559921;506;1.3
relu;(50, 50, 50);0.3;0.03;l1;0.01;16;0.8;0.999;1.00E-06;0.025330839;-0.011568406;506;1.5
relu;(100, 50, 25);0.3;0.01;none;0.0001;32;0.99;0.9;1.00E-08;0.025330841;-0.011568465;506;0.37
relu;(100, 50, 25);0.3;0.001;l2;1.00E-05;32;0.8;0.9;1.00E-08;0.025331577;-0.011597872;506;0.39
relu;(100, 100, 100, 50);0.3;0.03;none;0.0001;64;0.9;0.9;1.00E-08;0.02533205;-0.011616757;504;0.98
relu;(50, 50, 50);0.1;0.03;l1;0.01;32;0.99;0.99;1.00E-06;0.025332746;-0.011644544;506;0.75
relu;(100, 50, 25);0.3;0.01;none;0.01;64;0.99;0.999;1.00E-06;0.025333034;-0.011656075;504;0.61
relu;(50, 50, 50);0.1;0.001;l1;0.01;16;0.8;0.9;1.00E-08;0.025333042;-0.011656376;506;0.44
relu;(100, 50, 25);0;0.01;l1;0.01;64;0.8;0.9;1.00E-08;0.025333116;-0.011659332;504;0.42
relu;(50, 50, 50);0.1;0.03;none;0.0001;32;0.99;0.99;1.00E-08;0.025333211;-0.011663132;506;0.76
relu;(100, 50, 25);0.3;0.03;none;1.00E-05;16;0.8;0.99;1.00E-08;0.025333775;-0.011685631;506;0.91
relu;(100, 100, 100, 50);0;0.001;none;0.0001;64;0.9;0.99;1.00E-06;0.025334263;-0.011705119;504;1.48
relu;(100, 100, 100, 50);0.3;0.01;l2;0.0001;64;0.8;0.9;1.00E-08;0.025334621;-0.01171943;504;0.91
relu;(100, 50, 25);0.3;0.03;none;0.01;64;0.9;0.9;1.00E-08;0.025334734;-0.01172394;504;0.96
relu;(100, 100, 100, 50);0.3;0.03;l1;0.01;32;0.9;0.99;1.00E-08;0.025334746;-0.011724424;506;2
relu;(100, 50, 25);0.3;0.01;l1;1.00E-05;32;0.99;0.999;1.00E-06;0.025334886;-0.011730013;506;0.44
relu;(100, 50, 25);0.3;0.01;l1;0.01;16;0.99;0.9;1.00E-08;0.02533501;-0.011734963;506;0.4
relu;(100, 50, 25);0.1;0.03;l1;0.01;32;0.99;0.999;1.00E-08;0.025335218;-0.011743281;506;1.01
relu;(50, 50, 50);0.1;0.001;l1;0.01;16;0.99;0.99;1.00E-08;0.025335617;-0.011759212;506;0.43
relu;(100, 50, 25);0;0.01;l1;0.01;32;0.8;0.9;1.00E-06;0.0253363;-0.011786494;506;0.35
relu;(100, 100, 100, 50);0.3;0.03;l1;0.01;64;0.8;0.9;1.00E-08;0.025336745;-0.01180424;504;2.36
relu;(50, 50, 50);0.3;0.001;l2;0.0001;32;0.99;0.9;1.00E-06;0.025337049;-0.011816393;506;0.68
relu;(50, 50, 50);0.3;0.01;none;0.0001;64;0.8;0.99;1.00E-06;0.025337219;-0.011823202;504;0.87
relu;(100, 100, 100, 50);0;0.03;l1;0.01;32;0.8;0.99;1.00E-06;0.025337932;-0.011851642;506;1.41
relu;(100, 50, 25);0.1;0.01;l1;0.01;64;0.99;0.9;1.00E-08;0.025338268;-0.01186506;504;1.18
relu;(50, 50, 50);0;0.001;none;0.0001;64;0.9;0.9;1.00E-08;0.025338378;-0.011869475;504;0.42
relu;(50, 50, 50);0.3;0.03;l2;0.01;32;0.8;0.999;1.00E-08;0.025338649;-0.011880293;506;0.97
relu;(100, 50, 25);0;0.03;none;1.00E-05;64;0.99;0.99;1.00E-06;0.025338726;-0.011883358;504;0.38
relu;(100, 100, 100, 50);0.1;0.01;l1;0.01;16;0.99;0.999;1.00E-08;0.025338973;-0.011893211;506;2.36
relu;(100, 50, 25);0.3;0.03;l1;0.0001;32;0.99;0.99;1.00E-06;0.025339482;-0.011913547;506;1.39
relu;(50, 50, 50);0.3;0.01;l1;0.0001;64;0.99;0.999;1.00E-08;0.025340188;-0.011941746;504;0.93
relu;(50, 50, 50);0.3;0.01;l1;0.0001;16;0.9;0.99;1.00E-06;0.025340205;-0.011942422;506;0.62
relu;(100, 50, 25);0;0.001;l1;1.00E-05;64;0.8;0.99;1.00E-06;0.025341217;-0.011982824;504;0.75
relu;(50, 50, 50);0.3;0.03;none;0.01;16;0.8;0.99;1.00E-06;0.02534179;-0.012005715;506;0.56
relu;(100, 100, 100, 50);0.3;0.03;l2;0.0001;16;0.9;0.99;1.00E-06;0.025341801;-0.012006152;506;1.12
relu;(100, 100, 100, 50);0.3;0.01;none;1.00E-05;32;0.99;0.99;1.00E-08;0.025341832;-0.012007418;506;1.02
relu;(50, 50, 50);0.3;0.01;none;1.00E-05;32;0.9;0.9;1.00E-06;0.025341855;-0.01200832;506;0.84
relu;(100, 50, 25);0.3;0.03;none;1.00E-05;64;0.8;0.99;1.00E-08;0.025342186;-0.012021542;504;1.11
relu;(100, 100, 100, 50);0.3;0.03;none;1.00E-05;16;0.8;0.999;1.00E-06;0.025342629;-0.012039242;506;0.6
relu;(100, 50, 25);0;0.03;l1;0.01;16;0.9;0.999;1.00E-06;0.025343055;-0.012056258;506;0.33
relu;(100, 50, 25);0;0.01;l2;1.00E-05;16;0.99;0.99;1.00E-06;0.025343158;-0.01206037;506;0.3
relu;(50, 50, 50);0.1;0.03;l2;1.00E-05;32;0.99;0.99;1.00E-08;0.025343181;-0.01206126;506;0.79
relu;(100, 100, 100, 50);0.3;0.01;l2;0.0001;16;0.8;0.99;1.00E-08;0.025343305;-0.012066222;506;0.77
relu;(50, 50, 50);0.3;0.03;l1;0.01;64;0.99;0.9;1.00E-08;0.025343409;-0.012070382;504;1.43
relu;(50, 50, 50);0.3;0.03;l1;0.01;32;0.99;0.999;1.00E-06;0.025343692;-0.012081682;506;1.6
relu;(100, 100, 100, 50);0.3;0.01;l1;1.00E-05;64;0.8;0.9;1.00E-08;0.025344996;-0.01213374;504;1.26
relu;(100, 100, 100, 50);0.3;0.03;l2;0.01;32;0.8;0.9;1.00E-06;0.025345025;-0.012134915;506;1.29
relu;(100, 100, 100, 50);0.1;0.03;l2;0.01;64;0.8;0.9;1.00E-08;0.025345209;-0.012142252;504;0.91
relu;(100, 100, 100, 50);0.3;0.01;l2;1.00E-05;16;0.99;0.999;1.00E-08;0.025345328;-0.012147003;506;0.7
relu;(100, 50, 25);0.3;0.03;none;1.00E-05;32;0.9;0.99;1.00E-06;0.025345472;-0.012152752;506;1.12
relu;(100, 100, 100, 50);0.3;0.01;l1;0.01;32;0.9;0.999;1.00E-08;0.025345528;-0.012155015;506;0.84
relu;(100, 100, 100, 50);0.3;0.03;l2;1.00E-05;64;0.99;0.99;1.00E-08;0.025346455;-0.012192029;504;1.48
relu;(100, 50, 25);0.1;0.001;l2;0.0001;64;0.8;0.9;1.00E-06;0.025346576;-0.012196868;504;1
relu;(50, 50, 50);0.1;0.01;none;0.0001;32;0.8;0.999;1.00E-08;0.025346812;-0.01220627;506;1.5
relu;(100, 100, 100, 50);0.3;0.03;none;0.0001;64;0.99;0.99;1.00E-06;0.025347175;-0.012220761;504;1.21
relu;(50, 50, 50);0.3;0.01;none;1.00E-05;16;0.8;0.9;1.00E-06;0.025347195;-0.012221564;506;0.51
relu;(100, 50, 25);0.1;0.001;l2;0.0001;32;0.8;0.99;1.00E-06;0.025347263;-0.012224303;506;0.79
relu;(100, 50, 25);0.3;0.01;none;1.00E-05;64;0.8;0.99;1.00E-06;0.025347533;-0.012235082;504;0.44
relu;(100, 100, 100, 50);0;0.001;none;0.01;32;0.99;0.99;1.00E-06;0.025347702;-0.012241802;506;1.33
relu;(100, 100, 100, 50);0.3;0.01;l1;0.01;16;0.9;0.99;1.00E-06;0.02534804;-0.012255298;506;0.77
relu;(100, 100, 100, 50);0;0.001;none;1.00E-05;32;0.99;0.999;1.00E-08;0.025348778;-0.012284796;506;1.53
relu;(100, 50, 25);0.3;0.01;l2;0.01;16;0.8;0.9;1.00E-08;0.025349131;-0.012298867;506;0.73
relu;(100, 50, 25);0.3;0.01;l1;0.01;16;0.8;0.999;1.00E-08;0.025349553;-0.012315717;506;0.39
relu;(100, 50, 25);0.3;0.03;none;0.01;32;0.99;0.9;1.00E-06;0.025349774;-0.012324572;506;0.75
relu;(50, 50, 50);0.3;0.03;none;1.00E-05;32;0.8;0.9;1.00E-08;0.025349831;-0.012326853;506;0.78
relu;(50, 50, 50);0.3;0.03;none;0.01;32;0.9;0.999;1.00E-08;0.025349951;-0.012331632;506;0.57
relu;(100, 50, 25);0.1;0.03;l1;0.01;32;0.8;0.9;1.00E-06;0.025349954;-0.012331764;506;1.19
relu;(100, 50, 25);0.1;0.03;l1;0.01;64;0.9;0.99;1.00E-08;0.025350321;-0.012346416;504;1.23
relu;(100, 100, 100, 50);0.3;0.001;l1;0.01;32;0.8;0.9;1.00E-08;0.025350398;-0.01234946;506;0.79
relu;(100, 50, 25);0.3;0.03;l2;0.0001;64;0.9;0.999;1.00E-08;0.025351414;-0.012390054;504;1.35
relu;(100, 100, 100, 50);0.1;0.001;l1;0.01;64;0.9;0.99;1.00E-08;0.025351648;-0.01239938;504;2.18
relu;(50, 50, 50);0.3;0.01;none;0.01;64;0.99;0.99;1.00E-06;0.025352447;-0.01243129;504;0.74
relu;(50, 50, 50);0;0.01;l2;0.0001;64;0.8;0.9;1.00E-06;0.025352889;-0.012448962;504;0.42
relu;(100, 100, 100, 50);0;0.01;l1;0.01;64;0.9;0.9;1.00E-08;0.025353435;-0.012470753;504;1.38
relu;(50, 50, 50);0.3;0.001;l2;0.01;32;0.99;0.9;1.00E-08;0.025353626;-0.012478395;506;0.82
relu;(100, 100, 100, 50);0.3;0.01;l2;1.00E-05;16;0.8;0.999;1.00E-06;0.02535435;-0.01250728;506;0.59
relu;(50, 50, 50);0.3;0.03;l1;0.01;16;0.9;0.999;1.00E-08;0.025354707;-0.012521561;506;1.45
relu;(100, 50, 25);0.3;0.01;l1;1.00E-05;32;0.9;0.99;1.00E-08;0.02535476;-0.012523664;506;0.52
relu;(100, 100, 100, 50);0.3;0.01;l1;0.01;32;0.9;0.99;1.00E-06;0.025354868;-0.012527992;506;0.91
relu;(50, 50, 50);0.3;0.01;none;0.0001;64;0.8;0.9;1.00E-08;0.025355005;-0.012533453;504;0.84
relu;(100, 100, 100, 50);0;0.01;l1;0.01;64;0.8;0.9;1.00E-08;0.025355074;-0.012536209;504;1.38
relu;(100, 100, 100, 50);0.1;0.01;none;0.01;64;0.99;0.9;1.00E-06;0.025355082;-0.012536511;504;1.59
relu;(50, 50, 50);0.1;0.03;l1;0.01;16;0.8;0.9;1.00E-06;0.025355548;-0.012555147;506;0.6
relu;(100, 100, 100, 50);0.3;0.03;l1;0.0001;32;0.99;0.9;1.00E-08;0.02535603;-0.012574377;506;1.58
relu;(100, 50, 25);0.3;0.03;l2;1.00E-05;16;0.8;0.9;1.00E-08;0.025356467;-0.012591858;506;0.84
relu;(100, 100, 100, 50);0;0.03;l1;0.01;16;0.9;0.99;1.00E-06;0.025356808;-0.012605452;506;1.33
relu;(100, 50, 25);0.3;0.001;l1;0.0001;64;0.9;0.9;1.00E-06;0.025357644;-0.012638848;504;0.53
relu;(50, 50, 50);0.1;0.03;l1;0.01;16;0.99;0.999;1.00E-08;0.025357963;-0.012651562;506;0.75
relu;(50, 50, 50);0.3;0.03;none;1.00E-05;16;0.99;0.999;1.00E-08;0.025358308;-0.012665349;506;0.64
relu;(50, 50, 50);0.3;0.03;l1;1.00E-05;32;0.99;0.99;1.00E-08;0.025358345;-0.01266684;506;0.74
relu;(100, 50, 25);0.3;0.01;l1;1.00E-05;16;0.8;0.9;1.00E-06;0.025358625;-0.012678003;506;0.56
relu;(100, 50, 25);0.3;0.001;none;0.0001;32;0.8;0.99;1.00E-08;0.025358884;-0.012688367;506;0.5
relu;(50, 50, 50);0.1;0.03;l1;0.01;32;0.8;0.99;1.00E-06;0.025358999;-0.012692951;506;0.83
relu;(100, 50, 25);0.1;0.001;l2;1.00E-05;16;0.8;0.99;1.00E-08;0.025359086;-0.01269642;506;0.89
relu;(100, 100, 100, 50);0;0.03;l1;0.01;32;0.8;0.999;1.00E-08;0.025360089;-0.012736489;506;1.51
relu;(100, 100, 100, 50);0.3;0.01;l2;1.00E-05;32;0.99;0.999;1.00E-08;0.025360118;-0.012737629;506;0.77
relu;(100, 100, 100, 50);0.3;0.03;l1;0.0001;16;0.8;0.99;1.00E-08;0.025360236;-0.012742336;506;1.2
relu;(50, 50, 50);0.3;0.03;none;1.00E-05;64;0.9;0.9;1.00E-08;0.025360341;-0.012746549;504;0.69
relu;(100, 100, 100, 50);0;0.001;l2;1.00E-05;16;0.99;0.9;1.00E-08;0.025360667;-0.012759575;506;1.18
relu;(100, 50, 25);0.3;0.001;l1;0.0001;16;0.8;0.9;1.00E-06;0.025360708;-0.012761201;506;0.41
relu;(100, 100, 100, 50);0.3;0.01;l1;1.00E-05;32;0.8;0.9;1.00E-08;0.025360772;-0.012763769;506;0.8
relu;(100, 100, 100, 50);0.3;0.001;l1;0.01;16;0.9;0.99;1.00E-06;0.02536133;-0.01278602;506;0.71
relu;(50, 50, 50);0.3;0.03;l2;1.00E-05;32;0.99;0.99;1.00E-08;0.025361641;-0.012798469;506;1.02
relu;(100, 100, 100, 50);0.3;0.03;none;1.00E-05;16;0.99;0.99;1.00E-08;0.025362468;-0.012831475;506;0.65
relu;(100, 100, 100, 50);0.3;0.001;l1;0.0001;32;0.99;0.999;1.00E-08;0.025363078;-0.01285584;506;0.78
relu;(50, 50, 50);0;0.001;l2;0.0001;64;0.8;0.99;1.00E-08;0.025363381;-0.012867938;504;0.4
relu;(100, 50, 25);0.1;0.01;l1;0.01;32;0.9;0.999;1.00E-06;0.025363566;-0.012875337;506;1.28
relu;(50, 50, 50);0.3;0.01;none;0.0001;64;0.99;0.99;1.00E-06;0.025364459;-0.012910987;504;0.91
relu;(100, 50, 25);0;0.03;l2;0.0001;64;0.9;0.9;1.00E-08;0.025364632;-0.012917899;504;0.42
relu;(100, 100, 100, 50);0.3;0.01;none;0.01;32;0.99;0.99;1.00E-06;0.025365088;-0.012936129;506;0.65
relu;(100, 100, 100, 50);0.3;0.01;l1;0.0001;16;0.99;0.99;1.00E-06;0.02536524;-0.01294218;506;0.91
relu;(100, 50, 25);0.3;0.01;l1;0.01;64;0.9;0.9;1.00E-08;0.025365246;-0.01294241;504;0.67
relu;(50, 50, 50);0.3;0.03;none;0.0001;16;0.8;0.999;1.00E-08;0.025365294;-0.012944355;506;0.55
relu;(100, 100, 100, 50);0;0.03;l2;0.01;16;0.99;0.99;1.00E-06;0.02536539;-0.01294819;506;1.1
relu;(100, 100, 100, 50);0.3;0.03;l2;0.0001;64;0.99;0.9;1.00E-08;0.025365636;-0.012958011;504;1.55
relu;(50, 50, 50);0.1;0.03;l1;0.0001;64;0.99;0.99;1.00E-08;0.025365673;-0.012959467;504;0.85
relu;(100, 50, 25);0;0.03;none;1.00E-05;32;0.99;0.9;1.00E-08;0.025366166;-0.012979162;506;0.31
relu;(100, 100, 100, 50);0.3;0.001;none;0.0001;64;0.8;0.9;1.00E-06;0.025366173;-0.012979458;504;0.96
relu;(100, 50, 25);0.1;0.01;l1;0.01;32;0.9;0.999;1.00E-08;0.025366357;-0.012986805;506;1.36
relu;(50, 50, 50);0.3;0.01;none;1.00E-05;16;0.99;0.99;1.00E-06;0.025366498;-0.012992419;506;0.6
relu;(50, 50, 50);0.1;0.03;l1;0.01;32;0.8;0.999;1.00E-06;0.025366849;-0.013006422;506;0.68
relu;(100, 100, 100, 50);0.3;0.03;l1;1.00E-05;16;0.8;0.9;1.00E-08;0.025366984;-0.013011817;506;1.34
relu;(50, 50, 50);0;0.01;l1;0.0001;64;0.9;0.9;1.00E-08;0.025367066;-0.013015082;504;0.44
relu;(100, 100, 100, 50);0.3;0.01;l2;0.01;16;0.9;0.9;1.00E-08;0.025367123;-0.013017359;506;0.64
relu;(100, 50, 25);0.1;0.03;l1;0.01;16;0.99;0.9;1.00E-08;0.025367617;-0.013037091;506;1.1
relu;(100, 50, 25);0.3;0.01;l1;0.01;32;0.99;0.999;1.00E-06;0.025368228;-0.013061519;506;0.46
relu;(50, 50, 50);0.1;0.001;l2;0.01;16;0.9;0.9;1.00E-06;0.025368228;-0.01306152;506;0.49
relu;(100, 50, 25);0.3;0.03;none;0.0001;32;0.99;0.9;1.00E-06;0.025368232;-0.01306165;506;0.87
relu;(50, 50, 50);0.1;0.03;l1;0.01;32;0.99;0.999;1.00E-06;0.025369377;-0.013107395;506;0.75
relu;(100, 100, 100, 50);0.1;0.03;l2;0.01;16;0.99;0.9;1.00E-08;0.025369433;-0.01310961;506;0.72
relu;(50, 50, 50);0.1;0.001;l1;0.0001;16;0.9;0.999;1.00E-08;0.025369554;-0.013114464;506;0.44
relu;(50, 50, 50);0.3;0.03;l2;1.00E-05;32;0.9;0.99;1.00E-08;0.025369852;-0.013126345;506;0.98
relu;(100, 100, 100, 50);0.3;0.03;none;0.01;64;0.99;0.9;1.00E-06;0.025370328;-0.013145367;504;2.19
relu;(100, 100, 100, 50);0;0.01;l1;0.01;16;0.9;0.9;1.00E-06;0.025370387;-0.013147716;506;1.24
relu;(100, 100, 100, 50);0.3;0.03;l2;1.00E-05;32;0.8;0.99;1.00E-06;0.025370698;-0.013160125;506;1.6
relu;(100, 100, 100, 50);0.1;0.001;l2;1.00E-05;64;0.8;0.99;1.00E-08;0.02537074;-0.013161811;504;1.65
relu;(100, 50, 25);0.3;0.01;none;0.01;64;0.99;0.99;1.00E-06;0.025370743;-0.013161929;504;0.75
relu;(100, 100, 100, 50);0;0.001;l1;0.01;16;0.99;0.99;1.00E-08;0.02537123;-0.013181404;506;1.16
relu;(100, 50, 25);0.3;0.03;none;0.01;32;0.99;0.999;1.00E-08;0.025371321;-0.013185041;506;0.89
relu;(100, 100, 100, 50);0.1;0.03;l2;0.01;64;0.8;0.99;1.00E-06;0.025371397;-0.013188048;504;1.01
relu;(50, 50, 50);0;0.01;l1;0.01;64;0.9;0.9;1.00E-06;0.025371415;-0.013188775;504;0.42
relu;(50, 50, 50);0;0.01;l1;0.01;32;0.9;0.99;1.00E-08;0.025372251;-0.013222152;506;0.38
relu;(50, 50, 50);0.1;0.03;l2;0.01;64;0.9;0.9;1.00E-06;0.025372628;-0.013237214;504;0.85
relu;(50, 50, 50);0;0.001;l2;1.00E-05;32;0.99;0.999;1.00E-06;0.025372678;-0.013239221;506;0.36
relu;(100, 100, 100, 50);0;0.03;none;1.00E-05;32;0.99;0.999;1.00E-06;0.025373342;-0.013265737;506;1.12
relu;(100, 100, 100, 50);0.3;0.001;none;0.0001;16;0.8;0.9;1.00E-08;0.025373707;-0.013280318;506;1
relu;(100, 100, 100, 50);0.3;0.001;l1;0.01;16;0.8;0.99;1.00E-08;0.025374979;-0.0133311;506;0.73
relu;(100, 100, 100, 50);0.3;0.01;none;0.01;64;0.9;0.999;1.00E-06;0.025375225;-0.013340936;504;0.97
relu;(100, 100, 100, 50);0;0.03;l1;1.00E-05;16;0.99;0.9;1.00E-06;0.025375244;-0.0133417;506;1.18
relu;(50, 50, 50);0.3;0.03;l1;1.00E-05;32;0.8;0.9;1.00E-08;0.025375982;-0.013371166;506;0.62
relu;(50, 50, 50);0.1;0.03;l1;0.0001;16;0.99;0.99;1.00E-08;0.025376484;-0.013391201;506;0.58
relu;(100, 50, 25);0.1;0.03;l2;0.01;32;0.99;0.99;1.00E-08;0.025376492;-0.013391537;506;0.7
relu;(100, 100, 100, 50);0.3;0.03;none;0.01;64;0.9;0.9;1.00E-06;0.02537692;-0.013408629;504;1.95
relu;(100, 100, 100, 50);0.3;0.001;l1;0.0001;32;0.8;0.9;1.00E-06;0.025377051;-0.013413831;506;1.44
relu;(100, 50, 25);0.3;0.001;l1;0.01;64;0.99;0.999;1.00E-08;0.025377077;-0.013414882;504;0.5
relu;(100, 100, 100, 50);0.3;0.03;l2;0.01;16;0.99;0.99;1.00E-06;0.025377237;-0.013421281;506;0.95
relu;(100, 50, 25);0.3;0.03;none;0.0001;32;0.8;0.99;1.00E-08;0.025377491;-0.013431405;506;0.97
relu;(50, 50, 50);0.3;0.03;none;0.0001;16;0.99;0.9;1.00E-08;0.025377631;-0.013436987;506;0.52
relu;(100, 100, 100, 50);0.1;0.03;none;1.00E-05;16;0.9;0.9;1.00E-06;0.025377903;-0.013447874;506;1.37
relu;(100, 50, 25);0.1;0.01;l1;1.00E-05;32;0.99;0.999;1.00E-06;0.025378265;-0.013462313;506;1.06
relu;(100, 50, 25);0.3;0.01;l1;0.01;16;0.8;0.9;1.00E-06;0.025378355;-0.013465902;506;0.39
relu;(100, 50, 25);0;0.03;l1;0.01;64;0.8;0.999;1.00E-06;0.025379288;-0.013503176;504;0.44
relu;(100, 50, 25);0.3;0.001;none;0.01;32;0.99;0.99;1.00E-06;0.025379347;-0.01350554;506;0.41
relu;(50, 50, 50);0.3;0.03;l2;1.00E-05;32;0.9;0.999;1.00E-06;0.025379352;-0.013505753;506;1.04
relu;(100, 50, 25);0.1;0.03;none;1.00E-05;64;0.99;0.99;1.00E-08;0.025379361;-0.013506081;504;1.17
relu;(100, 50, 25);0.1;0.01;l1;0.01;64;0.9;0.9;1.00E-06;0.025379731;-0.013520877;504;1.11
relu;(50, 50, 50);0.1;0.001;l1;0.01;64;0.9;0.9;1.00E-08;0.025380181;-0.013538826;504;0.56
relu;(100, 100, 100, 50);0.1;0.03;none;0.01;16;0.99;0.9;1.00E-06;0.025380196;-0.013539435;506;1.34
relu;(100, 50, 25);0.1;0.001;l1;0.01;32;0.8;0.999;1.00E-08;0.025380196;-0.013539446;506;1.19
relu;(100, 50, 25);0.1;0.03;l2;1.00E-05;64;0.99;0.999;1.00E-06;0.025380383;-0.013546917;504;0.98
relu;(50, 50, 50);0.1;0.03;l2;1.00E-05;32;0.99;0.99;1.00E-06;0.025380701;-0.013559613;506;0.85
relu;(100, 50, 25);0.3;0.03;l2;0.0001;64;0.9;0.9;1.00E-08;0.025380947;-0.013569421;504;1.42
relu;(50, 50, 50);0.1;0.01;l1;0.01;64;0.9;0.999;1.00E-06;0.025380991;-0.013571196;504;0.66
relu;(100, 50, 25);0.1;0.01;l2;0.0001;64;0.99;0.999;1.00E-08;0.025381061;-0.013573971;504;1.07
relu;(100, 50, 25);0.1;0.03;l1;0.01;32;0.8;0.99;1.00E-08;0.025381358;-0.01358586;506;1.16
relu;(100, 50, 25);0;0.01;l1;0.01;16;0.99;0.999;1.00E-06;0.025382163;-0.013617998;506;0.35
relu;(100, 50, 25);0.3;0.01;l2;0.01;64;0.9;0.999;1.00E-06;0.025382534;-0.013632804;504;1.17
relu;(100, 50, 25);0.1;0.001;l2;0.01;16;0.99;0.9;1.00E-08;0.025382922;-0.01364831;506;0.88
relu;(100, 100, 100, 50);0.3;0.03;none;1.00E-05;64;0.99;0.99;1.00E-08;0.025383448;-0.013669288;504;0.96
relu;(50, 50, 50);0;0.01;l1;0.01;32;0.99;0.9;1.00E-06;0.025383685;-0.013678752;506;0.48
relu;(100, 50, 25);0.3;0.03;l2;1.00E-05;64;0.8;0.9;1.00E-06;0.025383993;-0.013691084;504;0.99
relu;(100, 50, 25);0.3;0.01;l1;0.01;16;0.9;0.9;1.00E-08;0.025384054;-0.013693491;506;0.39
relu;(50, 50, 50);0.1;0.01;l1;0.01;16;0.8;0.99;1.00E-08;0.025384677;-0.013718386;506;0.9
relu;(100, 50, 25);0.3;0.001;l2;1.00E-05;16;0.9;0.9;1.00E-08;0.025384827;-0.013724384;506;0.38
relu;(100, 100, 100, 50);0;0.03;l2;0.01;64;0.8;0.99;1.00E-06;0.02538484;-0.013724895;504;1.49
relu;(100, 100, 100, 50);0.3;0.03;none;0.0001;64;0.9;0.9;1.00E-06;0.02538555;-0.013753241;504;0.95
relu;(100, 100, 100, 50);0.1;0.001;l1;0.0001;64;0.99;0.99;1.00E-06;0.02538595;-0.013769224;504;2.06
relu;(50, 50, 50);0.3;0.01;none;0.01;32;0.9;0.999;1.00E-08;0.025386288;-0.013782701;506;0.75
relu;(100, 50, 25);0;0.01;l2;0.01;16;0.99;0.99;1.00E-06;0.025386533;-0.013792515;506;0.27
relu;(50, 50, 50);0.3;0.001;l1;0.01;32;0.8;0.999;1.00E-08;0.025386738;-0.01380067;506;0.82
relu;(100, 100, 100, 50);0.3;0.03;none;1.00E-05;16;0.99;0.99;1.00E-06;0.025387036;-0.013812584;506;0.92
relu;(100, 50, 25);0.1;0.001;l1;0.0001;16;0.9;0.9;1.00E-06;0.02538731;-0.013823539;506;1.01
relu;(100, 100, 100, 50);0.3;0.01;l1;0.01;64;0.9;0.999;1.00E-06;0.025387502;-0.013831206;504;1.21
relu;(100, 100, 100, 50);0.3;0.01;none;0.0001;64;0.9;0.999;1.00E-06;0.025388415;-0.013867642;504;1.15
relu;(100, 100, 100, 50);0;0.01;none;1.00E-05;64;0.8;0.999;1.00E-06;0.025388562;-0.01387354;504;1.55
relu;(50, 50, 50);0.3;0.01;none;1.00E-05;64;0.8;0.99;1.00E-08;0.025388909;-0.013887402;504;0.84
relu;(100, 100, 100, 50);0.1;0.001;l1;0.01;16;0.8;0.9;1.00E-08;0.025389061;-0.013893473;506;1.67
relu;(100, 50, 25);0.3;0.001;l1;0.01;32;0.8;0.999;1.00E-08;0.025389157;-0.013897289;506;0.51
relu;(100, 100, 100, 50);0.3;0.001;none;0.01;32;0.8;0.999;1.00E-06;0.025390107;-0.013935233;506;0.88
relu;(100, 100, 100, 50);0.1;0.03;l1;0.01;32;0.9;0.999;1.00E-06;0.025390608;-0.013955222;506;0.78
relu;(100, 50, 25);0;0.01;l1;0.01;32;0.8;0.999;1.00E-08;0.025391173;-0.013977779;506;0.34
relu;(50, 50, 50);0.1;0.03;l1;0.01;16;0.9;0.9;1.00E-08;0.025391354;-0.013985008;506;0.82
relu;(50, 50, 50);0.3;0.01;none;0.01;16;0.99;0.99;1.00E-06;0.025391589;-0.013994405;506;0.76
relu;(50, 50, 50);0;0.001;l1;1.00E-05;32;0.99;0.999;1.00E-08;0.025392126;-0.01401587;506;1.5
relu;(100, 100, 100, 50);0.3;0.001;none;1.00E-05;16;0.9;0.9;1.00E-08;0.025392137;-0.014016285;506;0.88
relu;(100, 100, 100, 50);0;0.001;l1;1.00E-05;16;0.8;0.99;1.00E-08;0.025392343;-0.014024528;506;1.38
relu;(50, 50, 50);0;0.01;none;0.0001;32;0.99;0.999;1.00E-08;0.025392834;-0.014044137;506;0.38
relu;(100, 50, 25);0.3;0.001;none;0.0001;64;0.8;0.99;1.00E-06;0.025393608;-0.014075046;504;0.55
relu;(100, 50, 25);0;0.03;l1;0.01;16;0.9;0.9;1.00E-08;0.025393696;-0.014078567;506;0.32
relu;(50, 50, 50);0;0.001;none;0.0001;32;0.99;0.999;1.00E-08;0.025394438;-0.014108169;506;0.34
relu;(100, 100, 100, 50);0.3;0.01;l1;0.0001;16;0.8;0.999;1.00E-08;0.02539477;-0.014121439;506;0.75
relu;(100, 50, 25);0.1;0.001;l2;1.00E-05;16;0.8;0.9;1.00E-06;0.025394809;-0.014123001;506;0.9
relu;(50, 50, 50);0.3;0.03;none;1.00E-05;16;0.9;0.999;1.00E-06;0.025395879;-0.014165729;506;0.62
relu;(50, 50, 50);0.3;0.03;l2;0.01;64;0.9;0.9;1.00E-08;0.025396055;-0.014172746;504;1.57
relu;(50, 50, 50);0.1;0.03;l2;0.01;16;0.99;0.99;1.00E-08;0.025396154;-0.014176702;506;0.52
relu;(100, 100, 100, 50);0;0.001;l1;0.01;16;0.8;0.99;1.00E-06;0.025396386;-0.01418599;506;1.16
relu;(100, 100, 100, 50);0.3;0.03;none;0.0001;32;0.99;0.999;1.00E-08;0.025396819;-0.014203257;506;0.64
relu;(50, 50, 50);0;0.001;none;1.00E-05;32;0.8;0.9;1.00E-06;0.025396843;-0.014204244;506;0.31
relu;(100, 100, 100, 50);0.3;0.03;l1;0.01;32;0.9;0.99;1.00E-06;0.025396917;-0.01420718;506;2.14
relu;(100, 50, 25);0.3;0.01;none;1.00E-05;16;0.9;0.99;1.00E-08;0.02539726;-0.014220882;506;0.35
relu;(50, 50, 50);0.1;0.001;l2;1.00E-05;32;0.8;0.999;1.00E-08;0.025398419;-0.014267178;506;0.44
relu;(100, 50, 25);0.1;0.01;l1;1.00E-05;16;0.99;0.9;1.00E-08;0.025398703;-0.014278508;506;1.08
relu;(50, 50, 50);0.3;0.03;l1;0.0001;64;0.99;0.9;1.00E-06;0.025398815;-0.01428296;504;0.83
relu;(100, 50, 25);0.3;0.03;l2;1.00E-05;64;0.9;0.9;1.00E-06;0.025399276;-0.014301375;504;0.99
relu;(100, 50, 25);0.1;0.03;none;0.0001;64;0.99;0.9;1.00E-06;0.025400589;-0.014353827;504;0.94
relu;(100, 50, 25);0;0.01;l1;0.01;64;0.9;0.9;1.00E-06;0.025400715;-0.014358854;504;0.42
relu;(100, 50, 25);0.1;0.01;l2;0.01;64;0.99;0.9;1.00E-06;0.025401352;-0.01438428;504;1.09
relu;(100, 50, 25);0.3;0.03;l2;1.00E-05;32;0.99;0.99;1.00E-08;0.025401482;-0.014389469;506;0.77
relu;(100, 50, 25);0;0.001;l1;0.01;16;0.8;0.99;1.00E-06;0.025401615;-0.01439479;506;0.77
relu;(100, 50, 25);0.3;0.03;l1;0.01;16;0.9;0.99;1.00E-08;0.025401664;-0.014396728;506;1.54
relu;(100, 100, 100, 50);0.1;0.03;l2;1.00E-05;16;0.9;0.99;1.00E-08;0.025401893;-0.014405873;506;0.61
relu;(100, 50, 25);0;0.001;l1;0.01;32;0.9;0.999;1.00E-08;0.025402761;-0.014440538;506;0.91
relu;(100, 50, 25);0.1;0.01;none;1.00E-05;64;0.8;0.99;1.00E-08;0.025402923;-0.014447006;504;1.18
relu;(100, 100, 100, 50);0.3;0.01;l2;0.0001;64;0.8;0.999;1.00E-06;0.025403699;-0.014477998;504;0.91
relu;(100, 100, 100, 50);0.1;0.001;l1;0.01;32;0.9;0.999;1.00E-06;0.025404352;-0.014504089;506;2.13
relu;(100, 100, 100, 50);0.1;0.03;l2;1.00E-05;64;0.9;0.9;1.00E-08;0.02540456;-0.014512416;504;1
relu;(100, 100, 100, 50);0;0.001;l1;0.01;16;0.8;0.999;1.00E-06;0.025404628;-0.014515104;506;1.27
relu;(100, 100, 100, 50);0.3;0.01;none;0.0001;64;0.8;0.999;1.00E-06;0.025404689;-0.014517543;504;1.14
relu;(50, 50, 50);0.3;0.03;l2;0.01;16;0.9;0.999;1.00E-06;0.02540561;-0.014554324;506;0.93
relu;(100, 100, 100, 50);0;0.03;l1;0.01;64;0.99;0.999;1.00E-06;0.025406369;-0.014584648;504;1.7
relu;(100, 50, 25);0.1;0.01;l1;0.0001;32;0.99;0.99;1.00E-08;0.025406376;-0.014584898;506;1.1
relu;(50, 50, 50);0.1;0.001;l2;1.00E-05;64;0.9;0.99;1.00E-08;0.025406488;-0.014589408;504;0.49
relu;(50, 50, 50);0.1;0.03;l2;1.00E-05;64;0.99;0.99;1.00E-08;0.025406503;-0.014589986;504;0.8
relu;(100, 50, 25);0.1;0.001;l1;0.01;32;0.99;0.999;1.00E-06;0.025406752;-0.014599946;506;1.02
relu;(100, 100, 100, 50);0;0.01;l1;0.01;32;0.9;0.9;1.00E-06;0.025406867;-0.014604519;506;1.14
relu;(100, 100, 100, 50);0;0.01;l1;0.01;16;0.99;0.999;1.00E-08;0.025407318;-0.014622538;506;1.19
relu;(50, 50, 50);0.3;0.03;none;0.0001;32;0.99;0.99;1.00E-08;0.025407699;-0.014637739;506;0.52
relu;(100, 100, 100, 50);0.3;0.01;l2;1.00E-05;64;0.99;0.99;1.00E-06;0.025407927;-0.014646851;504;1.01
relu;(50, 50, 50);0.3;0.01;l2;1.00E-05;32;0.8;0.99;1.00E-08;0.025408445;-0.014667546;506;0.75
relu;(100, 50, 25);0.3;0.01;l1;0.01;16;0.8;0.99;1.00E-08;0.025409231;-0.014698933;506;0.39
relu;(50, 50, 50);0.1;0.01;l2;0.01;32;0.8;0.9;1.00E-06;0.025409574;-0.014712617;506;0.76
relu;(50, 50, 50);0.1;0.03;none;0.0001;32;0.99;0.9;1.00E-08;0.025409679;-0.01471682;506;0.56
relu;(100, 100, 100, 50);0;0.01;none;0.0001;32;0.8;0.99;1.00E-06;0.025410312;-0.014742101;506;1.27
relu;(50, 50, 50);0.3;0.01;none;0.0001;64;0.9;0.999;1.00E-08;0.025410673;-0.014756531;504;0.72
relu;(100, 50, 25);0.3;0.03;l2;0.0001;64;0.99;0.999;1.00E-06;0.025410925;-0.014766561;504;1.17
relu;(100, 50, 25);0.3;0.01;none;0.01;32;0.99;0.99;1.00E-06;0.025411239;-0.014779103;506;0.46
relu;(100, 100, 100, 50);0;0.001;l1;0.01;64;0.9;0.99;1.00E-06;0.025411254;-0.014779719;504;1.69
relu;(50, 50, 50);0.3;0.01;none;0.0001;64;0.9;0.99;1.00E-08;0.025411454;-0.0147877;504;0.8
relu;(100, 100, 100, 50);0.1;0.03;l1;0.01;64;0.99;0.999;1.00E-06;0.025411488;-0.014789043;504;1.05
relu;(100, 100, 100, 50);0.3;0.03;l1;0.0001;16;0.99;0.99;1.00E-08;0.025411725;-0.014798515;506;1.35
relu;(100, 100, 100, 50);0.3;0.001;l2;1.00E-05;64;0.99;0.9;1.00E-06;0.025412102;-0.01481359;504;1.03
relu;(100, 100, 100, 50);0.3;0.01;l1;0.01;16;0.8;0.9;1.00E-08;0.025412713;-0.01483799;506;0.82
relu;(100, 100, 100, 50);0.3;0.01;l1;1.00E-05;32;0.99;0.99;1.00E-06;0.025412943;-0.014847168;506;0.74
relu;(100, 50, 25);0.1;0.03;l1;0.0001;16;0.9;0.99;1.00E-06;0.025413068;-0.014852165;506;1
relu;(100, 100, 100, 50);0.3;0.01;l1;0.01;32;0.8;0.999;1.00E-06;0.025414794;-0.01492107;506;0.79
relu;(50, 50, 50);0.3;0.03;l2;0.0001;32;0.99;0.999;1.00E-06;0.025415123;-0.014934218;506;0.9
relu;(100, 50, 25);0.3;0.001;none;1.00E-05;32;0.99;0.999;1.00E-06;0.025415164;-0.014935845;506;0.39
relu;(100, 50, 25);0.3;0.01;l1;0.0001;32;0.9;0.999;1.00E-08;0.025415627;-0.01495435;506;0.49
relu;(100, 100, 100, 50);0.3;0.001;l1;0.01;64;0.9;0.9;1.00E-08;0.025415969;-0.014968022;504;1.05
relu;(100, 100, 100, 50);0.3;0.01;none;0.0001;32;0.99;0.9;1.00E-08;0.025417711;-0.015037566;506;0.66
relu;(100, 100, 100, 50);0;0.001;l1;1.00E-05;16;0.99;0.999;1.00E-08;0.025417909;-0.01504547;506;1.38
relu;(50, 50, 50);0.1;0.03;l2;0.01;32;0.8;0.9;1.00E-06;0.025417992;-0.01504878;506;0.58
relu;(100, 100, 100, 50);0.3;0.03;l1;0.01;64;0.9;0.99;1.00E-08;0.025418132;-0.015054377;504;2.26
relu;(50, 50, 50);0.1;0.01;l2;0.01;64;0.9;0.99;1.00E-06;0.025418258;-0.015059409;504;0.52
relu;(100, 50, 25);0.3;0.03;l1;0.01;32;0.9;0.99;1.00E-06;0.02541854;-0.015070696;506;1.36
relu;(50, 50, 50);0.3;0.01;l2;1.00E-05;32;0.9;0.999;1.00E-06;0.025419385;-0.015104412;506;0.78
relu;(100, 100, 100, 50);0.3;0.03;l1;0.01;16;0.99;0.99;1.00E-08;0.025419398;-0.01510493;506;0.7
relu;(100, 100, 100, 50);0;0.03;l1;0.01;16;0.9;0.9;1.00E-06;0.025419445;-0.015106822;506;1.38
relu;(50, 50, 50);0.3;0.03;l2;0.0001;32;0.99;0.99;1.00E-08;0.02541973;-0.015118209;506;0.84
relu;(50, 50, 50);0.1;0.001;l2;0.01;16;0.99;0.9;1.00E-08;0.025419875;-0.015124003;506;0.42
relu;(100, 50, 25);0.3;0.03;l2;0.01;32;0.9;0.9;1.00E-08;0.025420199;-0.015136923;506;1.16
relu;(100, 50, 25);0.3;0.01;none;0.0001;64;0.99;0.99;1.00E-06;0.025420776;-0.015159955;504;0.54
relu;(100, 100, 100, 50);0;0.001;l1;0.01;64;0.8;0.9;1.00E-08;0.025421042;-0.01517059;504;1.69
relu;(100, 100, 100, 50);0.3;0.03;l1;0.0001;32;0.9;0.99;1.00E-08;0.02542206;-0.015211265;506;1.7
relu;(100, 100, 100, 50);0.3;0.03;none;0.01;32;0.99;0.99;1.00E-08;0.025422146;-0.015214692;506;0.7
relu;(100, 50, 25);0.3;0.03;l1;1.00E-05;32;0.9;0.99;1.00E-06;0.025422424;-0.015225784;506;1.21
relu;(50, 50, 50);0;0.001;l1;0.0001;32;0.9;0.99;1.00E-08;0.025422857;-0.015243088;506;1.34
relu;(100, 100, 100, 50);0.3;0.01;l2;0.01;32;0.99;0.999;1.00E-06;0.025423122;-0.015253648;506;0.79
relu;(100, 100, 100, 50);0.3;0.01;none;1.00E-05;16;0.99;0.9;1.00E-08;0.025423957;-0.015287003;506;0.65
relu;(100, 50, 25);0.1;0.03;l1;0.01;64;0.8;0.999;1.00E-06;0.025423978;-0.015287845;504;1.14
relu;(100, 50, 25);0;0.001;l1;0.01;64;0.99;0.999;1.00E-08;0.02542438;-0.015303875;504;0.97
relu;(100, 50, 25);0.1;0.01;l1;0.01;16;0.8;0.99;1.00E-06;0.025424616;-0.015313329;506;1.11
relu;(50, 50, 50);0;0.01;l1;1.00E-05;64;0.9;0.9;1.00E-08;0.02542466;-0.015315079;504;0.5
relu;(100, 50, 25);0.1;0.01;none;0.0001;32;0.99;0.99;1.00E-06;0.025424723;-0.015317586;506;0.97
relu;(100, 100, 100, 50);0.3;0.01;none;0.0001;16;0.8;0.999;1.00E-06;0.025425233;-0.015337967;506;0.59
relu;(100, 100, 100, 50);0.3;0.01;l1;0.0001;32;0.99;0.99;1.00E-06;0.025425546;-0.015350452;506;0.76
relu;(100, 50, 25);0.3;0.03;none;1.00E-05;32;0.8;0.99;1.00E-06;0.025426133;-0.01537388;506;1.08
relu;(100, 100, 100, 50);0;0.01;l1;0.01;16;0.8;0.99;1.00E-08;0.025426485;-0.015387937;506;1.22
relu;(100, 50, 25);0.3;0.03;none;0.0001;16;0.9;0.999;1.00E-06;0.025427376;-0.015423556;506;0.96
relu;(100, 100, 100, 50);0.1;0.03;l1;0.01;32;0.8;0.99;1.00E-06;0.025428242;-0.015458133;506;0.79
relu;(100, 50, 25);0.3;0.03;l2;0.01;64;0.8;0.999;1.00E-06;0.025428337;-0.015461933;504;1.33
relu;(100, 100, 100, 50);0;0.001;none;0.01;64;0.9;0.9;1.00E-08;0.02542895;-0.015486399;504;1.46
relu;(50, 50, 50);0.3;0.01;none;0.0001;16;0.8;0.9;1.00E-08;0.02542925;-0.015498362;506;0.59
relu;(50, 50, 50);0.3;0.03;l2;0.01;32;0.99;0.9;1.00E-06;0.02542945;-0.01550638;506;1.32
relu;(50, 50, 50);0.1;0.03;l1;1.00E-05;64;0.99;0.999;1.00E-08;0.025430132;-0.015533593;504;0.77
relu;(100, 50, 25);0.3;0.001;l1;0.01;32;0.99;0.99;1.00E-06;0.025430173;-0.015535217;506;0.41
relu;(100, 100, 100, 50);0.3;0.001;l1;0.01;32;0.9;0.999;1.00E-08;0.025430183;-0.015535629;506;0.73
relu;(100, 100, 100, 50);0.1;0.01;none;1.00E-05;64;0.99;0.9;1.00E-08;0.025430206;-0.015536537;504;1.76
relu;(50, 50, 50);0.3;0.001;l1;0.01;16;0.8;0.999;1.00E-06;0.025430458;-0.01554662;506;0.72
relu;(100, 50, 25);0;0.001;none;1.00E-05;16;0.9;0.99;1.00E-08;0.02543089;-0.01556388;506;1.27
relu;(50, 50, 50);0.3;0.01;l1;0.01;16;0.9;0.99;1.00E-06;0.025431443;-0.015585964;506;0.58
relu;(50, 50, 50);0.1;0.001;none;1.00E-05;32;0.99;0.999;1.00E-08;0.025431443;-0.015585967;506;0.41
relu;(100, 100, 100, 50);0;0.03;l1;1.00E-05;32;0.8;0.99;1.00E-08;0.025431696;-0.015596065;506;1.4
relu;(100, 50, 25);0.1;0.03;none;0.01;32;0.99;0.9;1.00E-06;0.025431754;-0.015598371;506;0.88
relu;(100, 50, 25);0.3;0.03;l2;0.01;16;0.8;0.99;1.00E-06;0.025431877;-0.015603262;506;0.89
relu;(50, 50, 50);0.1;0.001;l2;1.00E-05;16;0.8;0.999;1.00E-08;0.02543208;-0.015611395;506;0.43
relu;(50, 50, 50);0.1;0.001;l2;0.0001;64;0.9;0.99;1.00E-06;0.02543217;-0.015614981;504;0.5
relu;(100, 50, 25);0.3;0.03;l2;0.01;16;0.9;0.99;1.00E-06;0.025432256;-0.015618399;506;0.91
relu;(100, 50, 25);0.1;0.03;l1;1.00E-05;32;0.99;0.999;1.00E-06;0.025432615;-0.015632771;506;1.1
relu;(100, 50, 25);0.3;0.03;l1;0.01;16;0.8;0.99;1.00E-06;0.025432638;-0.01563366;506;1.38
relu;(50, 50, 50);0.1;0.01;l1;0.01;16;0.99;0.99;1.00E-06;0.025432713;-0.015636684;506;0.58
relu;(100, 100, 100, 50);0.3;0.03;l1;0.01;32;0.8;0.9;1.00E-06;0.025432872;-0.015643031;506;0.76
relu;(100, 100, 100, 50);0;0.001;l2;0.0001;32;0.9;0.999;1.00E-06;0.025433144;-0.015653887;506;1.01
relu;(100, 100, 100, 50);0.3;0.01;l2;0.01;32;0.99;0.99;1.00E-08;0.02543327;-0.015658925;506;0.81
relu;(100, 50, 25);0.3;0.03;none;1.00E-05;16;0.9;0.99;1.00E-08;0.025433312;-0.015660593;506;0.94
relu;(100, 100, 100, 50);0;0.001;l1;0.01;32;0.9;0.999;1.00E-08;0.025434093;-0.015691763;506;1.36
relu;(100, 50, 25);0.3;0.01;l1;0.01;32;0.99;0.99;1.00E-08;0.025434199;-0.015695996;506;0.43
relu;(100, 100, 100, 50);0.3;0.03;l2;0.01;16;0.9;0.9;1.00E-06;0.02543494;-0.015725601;506;1.09
relu;(50, 50, 50);0.3;0.03;l1;0.01;32;0.8;0.99;1.00E-06;0.025435402;-0.015744044;506;1.51
relu;(100, 100, 100, 50);0.1;0.01;l1;0.01;16;0.9;0.99;1.00E-08;0.025436424;-0.015784879;506;1.54
relu;(50, 50, 50);0.3;0.03;l1;0.01;16;0.99;0.999;1.00E-08;0.025437043;-0.01580958;506;1.44
relu;(50, 50, 50);0.3;0.01;none;1.00E-05;64;0.9;0.9;1.00E-06;0.02543777;-0.01583861;504;0.81
relu;(100, 50, 25);0;0.001;l1;0.0001;64;0.9;0.999;1.00E-08;0.025438047;-0.015849667;504;0.9
relu;(100, 50, 25);0.3;0.01;l2;0.0001;64;0.99;0.999;1.00E-06;0.025438263;-0.015858319;504;0.98
relu;(100, 100, 100, 50);0;0.001;l1;0.01;64;0.9;0.999;1.00E-06;0.025438478;-0.015866869;504;1.65
relu;(50, 50, 50);0.3;0.01;l2;0.01;32;0.99;0.999;1.00E-08;0.025438863;-0.01588225;506;0.69
relu;(50, 50, 50);0.1;0.03;l2;0.01;64;0.9;0.999;1.00E-08;0.025439191;-0.015895364;504;0.68
relu;(100, 50, 25);0;0.001;l2;1.00E-05;16;0.99;0.99;1.00E-08;0.025440038;-0.015929197;506;0.8
relu;(100, 50, 25);0.3;0.01;none;1.00E-05;16;0.99;0.999;1.00E-06;0.025440484;-0.015946991;506;0.36
relu;(100, 100, 100, 50);0.3;0.03;l1;1.00E-05;32;0.8;0.99;1.00E-08;0.025440552;-0.015949712;506;1.26
relu;(50, 50, 50);0.1;0.03;l2;0.01;64;0.8;0.99;1.00E-06;0.025441031;-0.015968841;504;0.72
relu;(50, 50, 50);0;0.01;l1;0.01;32;0.99;0.9;1.00E-08;0.025441222;-0.015976469;506;0.46
relu;(100, 50, 25);0.3;0.01;l1;0.01;16;0.9;0.999;1.00E-06;0.025441247;-0.015977474;506;0.39
relu;(50, 50, 50);0.1;0.01;l1;0.01;64;0.9;0.999;1.00E-08;0.025442633;-0.016032822;504;0.7
relu;(100, 100, 100, 50);0;0.03;none;0.01;64;0.99;0.9;1.00E-08;0.025444743;-0.016117078;504;1.55
relu;(100, 100, 100, 50);0.3;0.01;l1;0.0001;16;0.99;0.99;1.00E-08;0.025444915;-0.016123951;506;0.69
relu;(100, 100, 100, 50);0.1;0.03;l1;1.00E-05;32;0.99;0.9;1.00E-08;0.02544562;-0.016152104;506;1.84
relu;(100, 100, 100, 50);0.3;0.03;l2;0.01;64;0.99;0.99;1.00E-08;0.025446143;-0.016172978;504;1.7
relu;(50, 50, 50);0.1;0.001;l1;1.00E-05;32;0.8;0.99;1.00E-06;0.025446335;-0.016180664;506;0.48
relu;(100, 50, 25);0.1;0.01;l1;0.01;64;0.8;0.9;1.00E-06;0.025446688;-0.016194759;504;1.16
relu;(100, 100, 100, 50);0;0.03;l1;0.0001;16;0.99;0.9;1.00E-06;0.025446809;-0.016199561;506;1
relu;(100, 50, 25);0.1;0.001;l1;0.01;32;0.9;0.99;1.00E-06;0.025446861;-0.016201659;506;1.21
relu;(50, 50, 50);0.3;0.03;l2;0.0001;64;0.99;0.9;1.00E-08;0.025446998;-0.016207135;504;1.02
relu;(100, 100, 100, 50);0.1;0.01;l1;0.01;16;0.99;0.99;1.00E-06;0.025447102;-0.016211265;506;2.67
relu;(100, 100, 100, 50);0.3;0.03;l2;0.01;64;0.99;0.999;1.00E-08;0.025447111;-0.016211633;504;1.63
relu;(100, 100, 100, 50);0.1;0.03;none;0.0001;64;0.9;0.999;1.00E-06;0.025447872;-0.016242021;504;1.82
relu;(100, 50, 25);0;0.001;none;1.00E-05;64;0.99;0.99;1.00E-06;0.025448369;-0.01626186;504;1.87
relu;(100, 100, 100, 50);0.1;0.01;l1;0.01;16;0.9;0.99;1.00E-06;0.025448537;-0.016268569;506;1.83
relu;(100, 50, 25);0.3;0.01;l1;0.01;32;0.9;0.9;1.00E-06;0.025448778;-0.016278209;506;0.44
relu;(100, 50, 25);0.3;0.01;l1;1.00E-05;64;0.8;0.9;1.00E-08;0.02544893;-0.016284292;504;0.92
relu;(50, 50, 50);0.1;0.001;l1;1.00E-05;16;0.8;0.999;1.00E-08;0.025449088;-0.016290604;506;0.54
relu;(100, 100, 100, 50);0;0.03;none;0.0001;32;0.99;0.9;1.00E-06;0.025449303;-0.016299192;506;1.22
relu;(100, 50, 25);0.3;0.01;l1;0.01;16;0.99;0.999;1.00E-06;0.025449683;-0.01631434;506;0.41
relu;(50, 50, 50);0.3;0.01;l1;0.01;16;0.8;0.99;1.00E-08;0.025450209;-0.016335363;506;0.65
relu;(100, 100, 100, 50);0.1;0.001;l1;0.01;64;0.99;0.999;1.00E-06;0.025450669;-0.016353712;504;1.96
relu;(100, 50, 25);0.3;0.03;l2;1.00E-05;16;0.9;0.9;1.00E-06;0.025450876;-0.016361997;506;0.72
relu;(50, 50, 50);0.3;0.001;none;0.01;16;0.9;0.9;1.00E-08;0.025451222;-0.01637583;506;0.54
relu;(100, 50, 25);0.1;0.03;none;1.00E-05;16;0.99;0.999;1.00E-06;0.025452544;-0.016428618;506;0.92
relu;(100, 100, 100, 50);0.1;0.03;none;1.00E-05;32;0.9;0.999;1.00E-08;0.025452579;-0.016429999;506;1.46
relu;(50, 50, 50);0.1;0.01;none;0.01;64;0.99;0.9;1.00E-06;0.025452893;-0.016442542;504;0.83
relu;(50, 50, 50);0.1;0.03;none;0.0001;16;0.99;0.99;1.00E-08;0.025452927;-0.016443889;506;0.77
relu;(100, 50, 25);0;0.001;l1;1.00E-05;64;0.99;0.99;1.00E-06;0.025453356;-0.016461039;504;0.76
relu;(100, 100, 100, 50);0.3;0.03;l1;1.00E-05;32;0.99;0.9;1.00E-06;0.025453416;-0.016463415;506;1.38
relu;(100, 50, 25);0.3;0.01;l2;0.0001;16;0.9;0.9;1.00E-08;0.025454298;-0.016498641;506;0.36
relu;(100, 100, 100, 50);0.3;0.01;l2;0.01;16;0.99;0.99;1.00E-08;0.02545461;-0.016511124;506;0.61
relu;(100, 100, 100, 50);0.3;0.03;none;0.01;64;0.9;0.99;1.00E-08;0.025454922;-0.016523568;504;2.24
relu;(50, 50, 50);0.1;0.01;l1;0.0001;16;0.99;0.9;1.00E-08;0.025455517;-0.016547323;506;0.68
relu;(100, 50, 25);0;0.03;l1;0.01;16;0.8;0.9;1.00E-08;0.025455792;-0.016558293;506;0.35
relu;(100, 100, 100, 50);0.1;0.01;l1;0.0001;64;0.99;0.999;1.00E-08;0.025456166;-0.016573255;504;2.02
relu;(50, 50, 50);0;0.001;l1;0.0001;16;0.8;0.999;1.00E-06;0.025456648;-0.0165925;506;1.18
relu;(100, 100, 100, 50);0.1;0.001;l1;0.01;32;0.8;0.99;1.00E-08;0.025456668;-0.016593293;506;1.94
relu;(50, 50, 50);0;0.001;l1;0.01;64;0.8;0.999;1.00E-06;0.025456769;-0.016597309;504;0.48
relu;(100, 50, 25);0.1;0.001;l1;0.01;64;0.99;0.999;1.00E-08;0.025457106;-0.016610797;504;0.97
relu;(100, 100, 100, 50);0.3;0.03;l2;0.01;64;0.99;0.999;1.00E-06;0.025457878;-0.016641615;504;1.67
relu;(100, 50, 25);0.3;0.01;none;0.01;16;0.9;0.9;1.00E-08;0.025457901;-0.016642528;506;0.43
relu;(100, 100, 100, 50);0.3;0.01;l1;0.0001;16;0.9;0.99;1.00E-08;0.025458337;-0.016659927;506;0.93
relu;(100, 50, 25);0.3;0.01;none;0.0001;16;0.99;0.999;1.00E-06;0.025458919;-0.016683191;506;0.34
relu;(50, 50, 50);0.1;0.01;none;0.01;64;0.8;0.9;1.00E-06;0.025459299;-0.016698358;504;0.78
relu;(100, 100, 100, 50);0.1;0.03;l2;0.01;16;0.9;0.9;1.00E-08;0.02545934;-0.016700016;506;1.01
relu;(100, 50, 25);0.3;0.03;l2;1.00E-05;32;0.99;0.9;1.00E-06;0.02545938;-0.016701612;506;0.96
relu;(100, 50, 25);0.3;0.03;l2;0.0001;32;0.8;0.99;1.00E-08;0.025459463;-0.016704912;506;1.24
relu;(50, 50, 50);0;0.01;l1;0.01;16;0.99;0.9;1.00E-06;0.025459656;-0.016712629;506;0.34
relu;(50, 50, 50);0.3;0.03;none;1.00E-05;16;0.9;0.9;1.00E-08;0.02545978;-0.016717559;506;0.58
relu;(100, 100, 100, 50);0;0.03;l1;0.01;16;0.8;0.99;1.00E-08;0.025460049;-0.016728325;506;1.28
relu;(100, 50, 25);0.3;0.001;l1;0.01;64;0.99;0.99;1.00E-08;0.025460088;-0.016729881;504;0.53
relu;(100, 50, 25);0.1;0.03;l1;0.01;32;0.9;0.99;1.00E-06;0.025460147;-0.016732214;506;1.17
relu;(50, 50, 50);0.3;0.03;l2;0.01;64;0.9;0.99;1.00E-08;0.025460713;-0.01675483;504;1.64
relu;(100, 50, 25);0.1;0.03;l1;0.01;32;0.99;0.999;1.00E-06;0.025460884;-0.01676166;506;1
relu;(50, 50, 50);0.3;0.001;l1;0.0001;16;0.9;0.9;1.00E-08;0.025461144;-0.016772039;506;0.71
relu;(100, 50, 25);0.1;0.01;l2;0.0001;16;0.99;0.9;1.00E-06;0.025461376;-0.016781313;506;0.75
relu;(100, 100, 100, 50);0.3;0.01;l2;1.00E-05;32;0.99;0.999;1.00E-06;0.02546226;-0.016816608;506;0.65
relu;(100, 50, 25);0.3;0.03;l1;0.0001;32;0.8;0.99;1.00E-06;0.025462324;-0.016819166;506;1.28
relu;(100, 50, 25);0.3;0.03;none;1.00E-05;16;0.99;0.999;1.00E-08;0.025462358;-0.016820515;506;0.98
relu;(100, 100, 100, 50);0;0.001;l1;0.01;64;0.8;0.9;1.00E-06;0.025462584;-0.016829556;504;1.65
relu;(100, 100, 100, 50);0.3;0.01;l1;1.00E-05;16;0.9;0.99;1.00E-08;0.025462702;-0.016834265;506;0.73
relu;(50, 50, 50);0;0.001;none;0.0001;32;0.9;0.99;1.00E-06;0.025462809;-0.016838511;506;0.35
relu;(50, 50, 50);0.3;0.03;none;0.0001;64;0.8;0.9;1.00E-06;0.02546458;-0.016909244;504;0.68
relu;(100, 100, 100, 50);0.1;0.03;none;0.0001;16;0.9;0.999;1.00E-06;0.02546706;-0.017008288;506;1.3
relu;(50, 50, 50);0.3;0.03;none;0.0001;32;0.99;0.99;1.00E-06;0.025468128;-0.017050923;506;0.55
relu;(100, 100, 100, 50);0.1;0.03;l1;1.00E-05;32;0.99;0.999;1.00E-06;0.025468702;-0.017073871;506;1.79
relu;(50, 50, 50);0.3;0.01;l1;0.01;64;0.99;0.99;1.00E-06;0.025468922;-0.017082632;504;0.84
relu;(100, 100, 100, 50);0.3;0.01;l1;0.0001;16;0.99;0.999;1.00E-06;0.025468981;-0.017085014;506;0.76
relu;(50, 50, 50);0.3;0.03;l2;0.0001;16;0.9;0.999;1.00E-06;0.025469911;-0.017122157;506;1.5
relu;(100, 100, 100, 50);0.3;0.03;l2;0.01;16;0.8;0.99;1.00E-06;0.025469912;-0.017122171;506;1.26
relu;(50, 50, 50);0;0.03;l2;1.00E-05;32;0.8;0.99;1.00E-06;0.025470193;-0.017133407;506;0.36
relu;(100, 100, 100, 50);0.3;0.03;l2;0.01;32;0.8;0.99;1.00E-08;0.025470677;-0.017152713;506;1.19
relu;(50, 50, 50);0.3;0.03;l1;0.01;16;0.9;0.99;1.00E-06;0.0254707;-0.017153662;506;1.56
relu;(100, 50, 25);0.1;0.001;l1;0.01;32;0.9;0.999;1.00E-08;0.025470768;-0.017156362;506;1.23
relu;(100, 50, 25);0;0.001;l2;0.0001;32;0.99;0.9;1.00E-06;0.025470911;-0.017162071;506;0.85
relu;(100, 50, 25);0.3;0.001;l1;0.01;64;0.8;0.99;1.00E-08;0.025471244;-0.017175384;504;0.52
relu;(50, 50, 50);0.3;0.001;l2;0.01;64;0.9;0.999;1.00E-08;0.025471353;-0.017179732;504;1.03
relu;(100, 100, 100, 50);0.3;0.001;l1;0.0001;16;0.8;0.9;1.00E-08;0.025471478;-0.017184722;506;0.79
relu;(100, 100, 100, 50);0.3;0.01;l1;1.00E-05;16;0.99;0.9;1.00E-06;0.025471815;-0.017198184;506;0.85
relu;(50, 50, 50);0.3;0.03;none;1.00E-05;64;0.8;0.999;1.00E-08;0.025471904;-0.017201741;504;0.8
relu;(100, 100, 100, 50);0.1;0.01;l2;0.0001;64;0.99;0.99;1.00E-06;0.025474255;-0.017295615;504;1.79
relu;(100, 100, 100, 50);0.1;0.03;none;1.00E-05;64;0.99;0.9;1.00E-08;0.025475036;-0.017326787;504;1.7
relu;(50, 50, 50);0;0.03;none;1.00E-05;16;0.99;0.9;1.00E-08;0.025475816;-0.017357936;506;0.31
relu;(50, 50, 50);0.3;0.001;l1;0.01;16;0.99;0.9;1.00E-08;0.025476158;-0.017371591;506;0.67
relu;(50, 50, 50);0.3;0.03;l1;0.0001;64;0.99;0.99;1.00E-06;0.025476613;-0.017389773;504;0.89
relu;(50, 50, 50);0.1;0.01;l1;1.00E-05;64;0.8;0.99;1.00E-08;0.025477127;-0.017410294;504;0.84
relu;(100, 50, 25);0.3;0.03;none;0.0001;16;0.9;0.9;1.00E-06;0.025477309;-0.017417571;506;0.81
relu;(100, 50, 25);0.3;0.01;l1;0.01;64;0.99;0.99;1.00E-08;0.025477369;-0.017419966;504;0.54
relu;(50, 50, 50);0.3;0.03;none;0.01;32;0.8;0.99;1.00E-08;0.025477421;-0.017422057;506;0.6
relu;(100, 100, 100, 50);0;0.03;l1;0.01;32;0.99;0.99;1.00E-06;0.025477462;-0.017423696;506;1.47
relu;(50, 50, 50);0.3;0.03;l2;1.00E-05;32;0.99;0.99;1.00E-06;0.025478755;-0.017475332;506;1.27
relu;(100, 50, 25);0.3;0.001;l1;1.00E-05;64;0.9;0.9;1.00E-06;0.025478828;-0.017478223;504;0.62
relu;(100, 100, 100, 50);0.3;0.01;l2;0.0001;32;0.99;0.999;1.00E-06;0.025479279;-0.017496244;506;0.77
relu;(50, 50, 50);0.1;0.03;l1;0.0001;32;0.99;0.9;1.00E-06;0.025479401;-0.017501116;506;0.65
relu;(50, 50, 50);0.1;0.03;l1;0.01;16;0.8;0.99;1.00E-06;0.025479916;-0.017521695;506;0.64
relu;(100, 100, 100, 50);0.1;0.01;l1;0.01;32;0.99;0.9;1.00E-06;0.025480162;-0.017531489;506;2.19
relu;(100, 100, 100, 50);0;0.001;l2;0.0001;16;0.8;0.9;1.00E-08;0.025480241;-0.01753465;506;1.09
relu;(100, 100, 100, 50);0.1;0.03;l2;0.0001;64;0.99;0.99;1.00E-06;0.025480436;-0.01754243;504;1.09
relu;(100, 50, 25);0.1;0.01;l1;0.01;64;0.8;0.9;1.00E-08;0.025480905;-0.017561185;504;1.06
relu;(50, 50, 50);0;0.001;l1;0.0001;32;0.9;0.999;1.00E-06;0.025481648;-0.017590836;506;1.17
relu;(50, 50, 50);0.3;0.01;l2;0.0001;32;0.8;0.999;1.00E-08;0.025481853;-0.017599041;506;0.63
relu;(100, 100, 100, 50);0.3;0.03;l2;1.00E-05;32;0.8;0.9;1.00E-08;0.025481954;-0.017603087;506;1.37
relu;(100, 50, 25);0.3;0.03;l1;0.0001;64;0.9;0.99;1.00E-08;0.025482727;-0.017633935;504;1.44
relu;(50, 50, 50);0;0.001;none;0.01;16;0.99;0.999;1.00E-06;0.025484046;-0.017686595;506;1.16
relu;(50, 50, 50);0.3;0.001;l1;0.01;64;0.8;0.999;1.00E-06;0.025484066;-0.0176874;504;0.78
relu;(100, 50, 25);0.3;0.001;l1;0.01;64;0.8;0.999;1.00E-08;0.025484413;-0.017701287;504;0.59
relu;(100, 100, 100, 50);0.1;0.03;l2;0.01;16;0.8;0.99;1.00E-06;0.025484575;-0.017707754;506;0.68
relu;(100, 100, 100, 50);0.3;0.001;l1;0.0001;16;0.9;0.999;1.00E-06;0.025485275;-0.017735695;506;1.11
relu;(100, 100, 100, 50);0.1;0.03;l2;1.00E-05;64;0.99;0.999;1.00E-06;0.025485458;-0.017743006;504;1.15
relu;(50, 50, 50);0.3;0.03;l2;0.01;32;0.9;0.99;1.00E-08;0.025487555;-0.017826758;506;0.93
relu;(100, 100, 100, 50);0.3;0.01;none;1.00E-05;32;0.9;0.999;1.00E-06;0.025487871;-0.017839375;506;1.01
relu;(100, 100, 100, 50);0.1;0.03;none;0.0001;64;0.99;0.9;1.00E-08;0.025488577;-0.017867558;504;1.78
relu;(100, 50, 25);0.1;0.01;none;0.01;32;0.99;0.9;1.00E-06;0.025488778;-0.017875573;506;0.9
relu;(100, 100, 100, 50);0;0.03;l1;0.01;64;0.9;0.99;1.00E-06;0.025488982;-0.017883737;504;1.68
relu;(100, 50, 25);0.3;0.03;none;0.0001;16;0.99;0.9;1.00E-08;0.025489006;-0.017884689;506;0.93
relu;(100, 50, 25);0;0.03;l1;0.01;32;0.8;0.9;1.00E-06;0.025489257;-0.017894719;506;0.35
relu;(100, 50, 25);0.3;0.03;none;0.01;32;0.8;0.9;1.00E-06;0.025489328;-0.017897543;506;0.7
relu;(100, 50, 25);0.1;0.03;l1;0.01;32;0.99;0.99;1.00E-06;0.025489363;-0.01789896;506;1.1
relu;(100, 100, 100, 50);0.1;0.01;l2;0.01;16;0.8;0.99;1.00E-08;0.025489384;-0.017899782;506;1.42
relu;(50, 50, 50);0.3;0.03;l1;0.01;64;0.99;0.99;1.00E-06;0.025489391;-0.017900077;504;1.36
relu;(50, 50, 50);0.3;0.001;l1;0.01;64;0.99;0.9;1.00E-06;0.025489443;-0.017902137;504;0.71
relu;(100, 100, 100, 50);0.3;0.03;l1;0.0001;64;0.99;0.99;1.00E-08;0.025490547;-0.017946236;504;2.12
relu;(50, 50, 50);0;0.01;l1;1.00E-05;32;0.9;0.999;1.00E-08;0.025491653;-0.017990384;506;0.39
relu;(50, 50, 50);0;0.03;l2;0.0001;16;0.99;0.9;1.00E-08;0.025492567;-0.018026895;506;1.16
relu;(100, 100, 100, 50);0.1;0.001;l2;0.01;32;0.99;0.9;1.00E-06;0.025493078;-0.018047289;506;1.75
relu;(50, 50, 50);0;0.01;none;0.01;32;0.8;0.99;1.00E-06;0.025493147;-0.018050048;506;0.33
relu;(50, 50, 50);0.3;0.03;l2;1.00E-05;32;0.8;0.99;1.00E-06;0.025493148;-0.018050111;506;1.17
relu;(100, 100, 100, 50);0;0.001;l1;0.01;32;0.99;0.99;1.00E-06;0.025493635;-0.018069527;506;1.38
relu;(100, 100, 100, 50);0.3;0.03;none;0.01;16;0.99;0.9;1.00E-08;0.025494113;-0.01808863;506;0.61
relu;(50, 50, 50);0.3;0.03;none;0.0001;32;0.8;0.9;1.00E-06;0.02549429;-0.018095698;506;0.57
relu;(50, 50, 50);0.3;0.001;none;0.0001;64;0.9;0.9;1.00E-08;0.025494736;-0.018113497;504;0.61
relu;(100, 100, 100, 50);0.3;0.03;none;0.01;64;0.8;0.99;1.00E-06;0.02549477;-0.018114874;504;1.55
relu;(100, 100, 100, 50);0.3;0.001;l1;0.01;64;0.8;0.9;1.00E-08;0.02549485;-0.018118069;504;1.21
relu;(100, 50, 25);0.3;0.03;none;0.01;16;0.8;0.99;1.00E-08;0.025495379;-0.018139198;506;0.73
relu;(100, 50, 25);0.3;0.03;l2;0.01;64;0.8;0.99;1.00E-06;0.025496134;-0.018169351;504;1.36
relu;(50, 50, 50);0.3;0.001;none;1.00E-05;64;0.9;0.9;1.00E-08;0.025496387;-0.018179425;504;0.67
relu;(100, 100, 100, 50);0.1;0.03;l2;0.01;16;0.8;0.999;1.00E-06;0.025496475;-0.018182948;506;1.05
relu;(50, 50, 50);0;0.01;l1;0.01;16;0.9;0.9;1.00E-08;0.025496615;-0.018188547;506;0.44
relu;(100, 50, 25);0;0.001;none;0.01;16;0.8;0.999;1.00E-06;0.025496684;-0.018191308;506;1.31
relu;(100, 100, 100, 50);0.3;0.01;none;1.00E-05;16;0.8;0.9;1.00E-08;0.025496731;-0.018193166;506;0.82
relu;(50, 50, 50);0.3;0.01;none;0.01;32;0.99;0.9;1.00E-06;0.025496832;-0.0181972;506;0.65
relu;(100, 50, 25);0.3;0.03;l1;0.01;32;0.99;0.999;1.00E-08;0.025497293;-0.018215636;506;0.98
relu;(100, 50, 25);0.3;0.03;none;0.0001;64;0.99;0.9;1.00E-08;0.02549805;-0.018245843;504;0.85
relu;(100, 100, 100, 50);0.1;0.001;l2;1.00E-05;16;0.99;0.99;1.00E-06;0.025499172;-0.018290674;506;1.18
relu;(50, 50, 50);0.1;0.03;l1;0.01;64;0.9;0.9;1.00E-08;0.025499502;-0.01830385;504;0.93
relu;(100, 100, 100, 50);0.3;0.01;l2;0.01;32;0.9;0.9;1.00E-06;0.025500061;-0.018326173;506;0.73
relu;(100, 100, 100, 50);0.3;0.01;none;0.01;32;0.8;0.9;1.00E-06;0.025500093;-0.018327451;506;0.78
relu;(100, 50, 25);0;0.03;l2;1.00E-05;32;0.99;0.9;1.00E-06;0.025500638;-0.018349192;506;0.31
relu;(50, 50, 50);0.3;0.03;none;1.00E-05;64;0.99;0.999;1.00E-06;0.025501035;-0.018365074;504;0.67
relu;(50, 50, 50);0.1;0.001;l1;0.01;32;0.8;0.999;1.00E-06;0.025501039;-0.018365207;506;0.61
relu;(100, 50, 25);0.3;0.001;l2;1.00E-05;32;0.9;0.9;1.00E-08;0.025501293;-0.01837535;506;0.39
relu;(100, 100, 100, 50);0.1;0.03;l1;1.00E-05;64;0.99;0.999;1.00E-08;0.025501603;-0.018387719;504;1.95
relu;(100, 100, 100, 50);0.3;0.01;none;0.01;16;0.99;0.99;1.00E-08;0.025501838;-0.018397106;506;0.64
relu;(50, 50, 50);0.3;0.03;l2;0.01;32;0.9;0.9;1.00E-08;0.025501946;-0.018401425;506;0.81
relu;(100, 100, 100, 50);0;0.001;l1;0.01;64;0.8;0.99;1.00E-06;0.025502012;-0.018404058;504;1.68
relu;(100, 100, 100, 50);0.3;0.01;l2;0.01;16;0.8;0.9;1.00E-06;0.025502134;-0.018408951;506;0.92
relu;(100, 50, 25);0.1;0.03;none;0.0001;16;0.99;0.9;1.00E-08;0.025502697;-0.018431436;506;0.96
relu;(100, 100, 100, 50);0.3;0.001;l1;0.01;32;0.8;0.99;1.00E-08;0.025504397;-0.018499318;506;1.01
relu;(100, 100, 100, 50);0.3;0.01;none;1.00E-05;16;0.8;0.999;1.00E-08;0.025504605;-0.018507615;506;0.69
relu;(100, 100, 100, 50);0.3;0.001;l2;0.01;16;0.99;0.99;1.00E-08;0.025505046;-0.018525235;506;1.08
relu;(100, 100, 100, 50);0.3;0.001;l1;0.01;32;0.99;0.999;1.00E-06;0.025505224;-0.01853233;506;0.76
relu;(100, 100, 100, 50);0.3;0.03;l1;0.0001;16;0.8;0.999;1.00E-08;0.025505379;-0.018538529;506;1.18
relu;(50, 50, 50);0;0.001;l2;1.00E-05;16;0.99;0.999;1.00E-06;0.025505455;-0.01854155;506;0.32
relu;(50, 50, 50);0.3;0.01;l1;0.01;16;0.8;0.9;1.00E-06;0.025505548;-0.01854528;506;0.64
relu;(100, 100, 100, 50);0.3;0.03;l1;0.01;32;0.99;0.999;1.00E-06;0.025506152;-0.018569412;506;2.13
relu;(100, 100, 100, 50);0.3;0.01;l2;1.00E-05;16;0.99;0.999;1.00E-06;0.025506366;-0.018577939;506;0.83
relu;(100, 50, 25);0;0.01;l1;0.01;32;0.99;0.9;1.00E-08;0.025506457;-0.018581583;506;0.48
relu;(50, 50, 50);0.3;0.01;l1;1.00E-05;32;0.99;0.9;1.00E-08;0.025506871;-0.018598097;506;0.75
relu;(50, 50, 50);0.1;0.001;l1;1.00E-05;64;0.99;0.999;1.00E-08;0.025506918;-0.018599971;504;0.53
relu;(100, 100, 100, 50);0;0.03;l1;0.01;16;0.8;0.999;1.00E-08;0.025506948;-0.018601173;506;1.25
relu;(100, 50, 25);0.3;0.001;l2;0.01;16;0.99;0.9;1.00E-06;0.025506984;-0.018602638;506;0.42
relu;(100, 100, 100, 50);0.1;0.03;none;1.00E-05;64;0.99;0.999;1.00E-06;0.025507126;-0.018608305;504;1.73
relu;(100, 50, 25);0.3;0.01;l2;0.0001;64;0.8;0.9;1.00E-08;0.025507352;-0.018617337;504;1.17
relu;(50, 50, 50);0.3;0.03;l1;0.01;32;0.99;0.99;1.00E-06;0.025507628;-0.018628332;506;1.55
relu;(50, 50, 50);0.3;0.03;l2;1.00E-05;16;0.8;0.99;1.00E-08;0.025507934;-0.018640573;506;1.19
relu;(100, 100, 100, 50);0.1;0.001;l2;1.00E-05;16;0.8;0.99;1.00E-08;0.02550794;-0.018640816;506;1.38
relu;(100, 100, 100, 50);0;0.01;none;0.0001;32;0.99;0.9;1.00E-06;0.025508483;-0.018662497;506;1.18
relu;(100, 100, 100, 50);0.3;0.03;l1;1.00E-05;32;0.99;0.999;1.00E-08;0.025509383;-0.018698433;506;1.18
relu;(100, 50, 25);0.1;0.01;l1;0.01;16;0.8;0.999;1.00E-08;0.025509957;-0.018721352;506;1.14
relu;(100, 100, 100, 50);0.3;0.03;none;1.00E-05;64;0.9;0.99;1.00E-06;0.025510151;-0.018729101;504;0.94
relu;(100, 100, 100, 50);0.1;0.03;l2;1.00E-05;16;0.8;0.99;1.00E-08;0.025510333;-0.018736349;506;0.67
relu;(50, 50, 50);0.3;0.03;none;1.00E-05;64;0.9;0.9;1.00E-06;0.025510765;-0.018753617;504;0.6
relu;(100, 50, 25);0.1;0.01;l1;0.01;32;0.99;0.999;1.00E-08;0.02551122;-0.018771782;506;1.27
relu;(100, 50, 25);0.1;0.03;l1;0.01;16;0.99;0.999;1.00E-08;0.025511281;-0.018774229;506;1.02
relu;(100, 50, 25);0.3;0.01;l1;0.01;16;0.9;0.99;1.00E-06;0.025511679;-0.01879012;506;0.42
relu;(50, 50, 50);0.3;0.03;none;0.0001;64;0.9;0.9;1.00E-06;0.025511812;-0.018795425;504;0.66
relu;(100, 100, 100, 50);0.3;0.01;none;1.00E-05;32;0.99;0.9;1.00E-06;0.025511878;-0.01879805;506;0.82
relu;(50, 50, 50);0;0.001;l1;1.00E-05;16;0.9;0.99;1.00E-08;0.025512234;-0.018812274;506;1.02
relu;(50, 50, 50);0;0.001;none;0.0001;16;0.8;0.999;1.00E-06;0.025512433;-0.018820242;506;0.32
relu;(100, 100, 100, 50);0.3;0.01;l1;1.00E-05;32;0.99;0.9;1.00E-08;0.025512926;-0.018839916;506;0.94
relu;(100, 100, 100, 50);0.1;0.01;l1;0.0001;16;0.99;0.999;1.00E-06;0.025513148;-0.018848773;506;2.03
relu;(100, 50, 25);0.1;0.03;l1;0.01;16;0.9;0.99;1.00E-06;0.025513796;-0.018874667;506;1.09
relu;(100, 50, 25);0.3;0.001;l1;0.0001;16;0.99;0.9;1.00E-06;0.025514908;-0.018919083;506;0.39
relu;(100, 100, 100, 50);0.3;0.01;l1;0.01;16;0.8;0.999;1.00E-06;0.025514923;-0.018919672;506;1.05
relu;(100, 100, 100, 50);0.3;0.01;l2;0.0001;16;0.9;0.9;1.00E-08;0.025515333;-0.018936038;506;0.62
relu;(100, 100, 100, 50);0.3;0.001;none;1.00E-05;64;0.8;0.999;1.00E-06;0.025515345;-0.018936506;504;1.12
relu;(100, 50, 25);0.1;0.03;l1;0.0001;16;0.9;0.9;1.00E-08;0.025515626;-0.018947742;506;1.03
relu;(50, 50, 50);0.3;0.03;l1;1.00E-05;32;0.99;0.99;1.00E-06;0.025515664;-0.01894924;506;0.82
relu;(100, 100, 100, 50);0.1;0.03;l2;1.00E-05;32;0.99;0.999;1.00E-06;0.025515795;-0.018954495;506;0.72
relu;(100, 50, 25);0.3;0.01;l2;1.00E-05;16;0.99;0.9;1.00E-06;0.025515971;-0.018961509;506;0.33
relu;(100, 50, 25);0.3;0.01;l1;0.01;32;0.99;0.9;1.00E-08;0.025516149;-0.018968603;506;0.45
relu;(100, 50, 25);0.3;0.001;none;1.00E-05;64;0.99;0.999;1.00E-08;0.025516613;-0.018987158;504;0.51
relu;(100, 100, 100, 50);0.3;0.01;l2;1.00E-05;32;0.99;0.99;1.00E-08;0.025516847;-0.018996514;506;0.69
relu;(100, 50, 25);0.3;0.03;l1;0.0001;16;0.8;0.99;1.00E-06;0.025517051;-0.019004662;506;1.18
relu;(50, 50, 50);0.3;0.03;l2;0.01;64;0.99;0.99;1.00E-06;0.025517242;-0.019012276;504;1.59
relu;(100, 100, 100, 50);0.1;0.001;none;1.00E-05;64;0.99;0.999;1.00E-08;0.025517515;-0.019023181;504;1.86
relu;(100, 100, 100, 50);0;0.01;l1;0.01;32;0.9;0.9;1.00E-08;0.02551761;-0.019026981;506;1.15
relu;(50, 50, 50);0;0.01;l2;1.00E-05;16;0.9;0.99;1.00E-06;0.025518323;-0.019055452;506;0.36
relu;(50, 50, 50);0.1;0.001;l2;0.0001;16;0.9;0.999;1.00E-06;0.025518706;-0.019070737;506;0.41
relu;(100, 100, 100, 50);0;0.001;l1;0.01;64;0.99;0.999;1.00E-08;0.025518715;-0.01907109;504;1.7
relu;(100, 50, 25);0.3;0.03;l2;0.01;64;0.99;0.99;1.00E-06;0.025518777;-0.01907355;504;1.22
relu;(100, 100, 100, 50);0.3;0.03;l1;0.0001;16;0.9;0.9;1.00E-06;0.025519015;-0.019083066;506;1.06
relu;(50, 50, 50);0.3;0.03;l1;0.01;64;0.9;0.9;1.00E-06;0.025519191;-0.019090117;504;1.85
relu;(100, 100, 100, 50);0.3;0.03;l2;1.00E-05;64;0.8;0.99;1.00E-06;0.025519377;-0.01909751;504;1.14
relu;(100, 100, 100, 50);0.3;0.03;l2;0.01;16;0.9;0.99;1.00E-06;0.02551992;-0.019119229;506;1.4
relu;(50, 50, 50);0.3;0.01;l1;1.00E-05;16;0.99;0.99;1.00E-08;0.025520169;-0.019129153;506;0.62
relu;(100, 50, 25);0.3;0.001;l1;0.0001;64;0.9;0.999;1.00E-06;0.02552026;-0.019132797;504;0.54
relu;(50, 50, 50);0.1;0.01;none;0.0001;16;0.99;0.9;1.00E-06;0.025520335;-0.019135768;506;1.11
relu;(100, 50, 25);0.3;0.03;l1;1.00E-05;64;0.99;0.99;1.00E-08;0.025520663;-0.019148893;504;1.31
relu;(100, 100, 100, 50);0.1;0.001;none;0.01;32;0.8;0.9;1.00E-08;0.025520738;-0.01915187;506;1.66
relu;(100, 100, 100, 50);0.3;0.01;l1;0.01;64;0.8;0.99;1.00E-08;0.025520841;-0.019155991;504;1.04
relu;(100, 50, 25);0.1;0.03;l2;0.01;16;0.8;0.9;1.00E-06;0.025522509;-0.0192226;506;0.85
relu;(100, 100, 100, 50);0.1;0.03;l2;0.0001;32;0.99;0.99;1.00E-08;0.025522956;-0.01924044;506;1.01
relu;(100, 50, 25);0.3;0.01;l1;1.00E-05;32;0.99;0.99;1.00E-06;0.025523131;-0.01924743;506;0.49
relu;(100, 100, 100, 50);0.1;0.03;none;1.00E-05;32;0.99;0.9;1.00E-06;0.025523983;-0.019281461;506;1.49
relu;(50, 50, 50);0.1;0.03;l2;1.00E-05;64;0.99;0.999;1.00E-06;0.025524085;-0.019285543;504;0.62
relu;(100, 100, 100, 50);0.1;0.01;none;1.00E-05;64;0.99;0.999;1.00E-06;0.025524552;-0.019304196;504;1.79
relu;(100, 100, 100, 50);0;0.001;none;0.01;64;0.99;0.9;1.00E-08;0.025524577;-0.019305184;504;1.52
relu;(100, 50, 25);0;0.001;l1;0.01;32;0.9;0.99;1.00E-08;0.025525087;-0.019325565;506;0.97
relu;(50, 50, 50);0;0.03;none;0.0001;64;0.8;0.999;1.00E-06;0.02552518;-0.019329251;504;0.4
relu;(100, 100, 100, 50);0.3;0.001;l1;0.01;16;0.9;0.99;1.00E-08;0.025525526;-0.019343086;506;0.7
relu;(50, 50, 50);0;0.01;l2;0.01;16;0.99;0.99;1.00E-06;0.025525976;-0.019361073;506;0.41
relu;(100, 100, 100, 50);0.3;0.03;none;0.0001;32;0.9;0.9;1.00E-08;0.025527221;-0.019410789;506;0.79
relu;(100, 50, 25);0;0.001;none;0.01;16;0.9;0.99;1.00E-08;0.025529594;-0.019505547;506;1.37
relu;(100, 100, 100, 50);0.3;0.01;l2;0.0001;32;0.99;0.99;1.00E-08;0.025529795;-0.019513566;506;1.05
relu;(50, 50, 50);0.3;0.001;l1;0.01;32;0.99;0.9;1.00E-08;0.025530319;-0.019534489;506;0.72
relu;(50, 50, 50);0.1;0.01;l1;0.01;64;0.8;0.999;1.00E-08;0.02553037;-0.019536508;504;0.65
relu;(100, 50, 25);0.1;0.03;none;0.01;16;0.9;0.9;1.00E-08;0.025530948;-0.019559596;506;0.71
relu;(100, 50, 25);0.3;0.03;l2;0.01;64;0.8;0.9;1.00E-06;0.025531002;-0.019561758;504;1.29
relu;(100, 100, 100, 50);0.3;0.01;l2;0.0001;64;0.9;0.99;1.00E-06;0.025531181;-0.01956891;504;1.49
relu;(100, 100, 100, 50);0;0.03;l1;0.01;16;0.8;0.9;1.00E-06;0.025531741;-0.019591287;506;1.29
relu;(100, 50, 25);0.3;0.03;l2;1.00E-05;16;0.99;0.9;1.00E-08;0.025531909;-0.019597974;506;0.68
relu;(50, 50, 50);0.1;0.03;l1;0.01;16;0.99;0.999;1.00E-06;0.025532073;-0.019604537;506;0.7
relu;(100, 50, 25);0.1;0.001;l1;0.01;64;0.9;0.999;1.00E-08;0.025532279;-0.019612773;504;1.09
relu;(50, 50, 50);0;0.01;l1;0.01;16;0.99;0.999;1.00E-08;0.025532874;-0.019636532;506;0.44
relu;(50, 50, 50);0.3;0.01;none;1.00E-05;64;0.99;0.99;1.00E-08;0.02553295;-0.019639561;504;0.77
relu;(100, 100, 100, 50);0;0.001;l1;1.00E-05;64;0.9;0.999;1.00E-08;0.025533192;-0.019649208;504;1.56
relu;(50, 50, 50);0.3;0.03;l1;1.00E-05;16;0.9;0.9;1.00E-06;0.025533598;-0.019665428;506;0.49
relu;(50, 50, 50);0.1;0.001;none;0.0001;16;0.99;0.9;1.00E-08;0.025534425;-0.019698478;506;0.4
relu;(50, 50, 50);0;0.001;none;0.0001;32;0.8;0.9;1.00E-08;0.025535286;-0.019732824;506;0.45
relu;(50, 50, 50);0.3;0.03;l2;1.00E-05;16;0.9;0.99;1.00E-08;0.025536709;-0.019789665;506;1.02
relu;(100, 100, 100, 50);0.3;0.01;l2;0.01;16;0.8;0.9;1.00E-08;0.025537411;-0.019817711;506;1.12
relu;(100, 50, 25);0.3;0.01;l2;1.00E-05;32;0.8;0.99;1.00E-06;0.025537435;-0.019818677;506;0.38
relu;(50, 50, 50);0.3;0.03;l1;1.00E-05;32;0.9;0.9;1.00E-06;0.025537456;-0.019819499;506;0.77
relu;(100, 100, 100, 50);0.1;0.03;l1;0.01;16;0.9;0.999;1.00E-06;0.025537458;-0.019819581;506;0.71
relu;(100, 50, 25);0.3;0.01;none;0.0001;16;0.99;0.9;1.00E-06;0.025537769;-0.019831982;506;0.34
relu;(50, 50, 50);0.3;0.03;l2;1.00E-05;64;0.99;0.99;1.00E-06;0.025537883;-0.019836536;504;1.74
relu;(100, 100, 100, 50);0.3;0.01;l1;0.01;32;0.99;0.999;1.00E-08;0.025537963;-0.019839757;506;0.84
relu;(100, 100, 100, 50);0.3;0.03;l2;1.00E-05;32;0.8;0.99;1.00E-08;0.025538287;-0.019852699;506;1.41
relu;(100, 100, 100, 50);0.3;0.01;none;0.01;32;0.8;0.999;1.00E-08;0.025538686;-0.019868623;506;0.69
relu;(100, 50, 25);0;0.001;l1;0.01;16;0.8;0.999;1.00E-08;0.025538917;-0.019877843;506;0.68
relu;(100, 50, 25);0.3;0.01;none;0.01;32;0.8;0.9;1.00E-06;0.025540972;-0.019959919;506;0.46
relu;(100, 100, 100, 50);0.1;0.01;l1;0.01;16;0.9;0.9;1.00E-06;0.025540991;-0.01996067;506;1.45
relu;(100, 100, 100, 50);0;0.03;l2;1.00E-05;32;0.99;0.9;1.00E-08;0.025541486;-0.01998043;506;1.17
relu;(50, 50, 50);0.1;0.01;l1;0.0001;16;0.99;0.99;1.00E-06;0.025541673;-0.019987901;506;0.81
relu;(100, 50, 25);0.1;0.001;l2;0.0001;32;0.9;0.999;1.00E-08;0.025542023;-0.02000187;506;0.92
relu;(50, 50, 50);0.1;0.001;l1;0.01;16;0.9;0.9;1.00E-08;0.025542198;-0.020008864;506;0.43
relu;(100, 100, 100, 50);0.3;0.01;none;0.0001;32;0.99;0.999;1.00E-08;0.025542209;-0.020009309;506;0.79
relu;(100, 100, 100, 50);0;0.001;none;0.0001;32;0.8;0.99;1.00E-06;0.025542643;-0.020026627;506;1.15
relu;(100, 50, 25);0;0.03;l2;0.01;16;0.99;0.999;1.00E-06;0.025542667;-0.020027585;506;0.34
relu;(100, 50, 25);0.1;0.03;l1;0.0001;16;0.9;0.9;1.00E-06;0.02554282;-0.020033709;506;0.9
relu;(100, 50, 25);0.3;0.03;l1;0.0001;32;0.9;0.99;1.00E-08;0.025543346;-0.020054709;506;1.51
relu;(50, 50, 50);0;0.03;l1;0.01;16;0.8;0.99;1.00E-08;0.02554357;-0.020063663;506;0.34
relu;(100, 50, 25);0.3;0.01;l1;0.01;32;0.99;0.9;1.00E-06;0.025544553;-0.020102912;506;0.49
relu;(100, 100, 100, 50);0;0.001;none;0.01;64;0.8;0.99;1.00E-08;0.025544564;-0.020103368;504;1.51
relu;(100, 100, 100, 50);0.3;0.03;l2;0.0001;64;0.8;0.999;1.00E-06;0.025545131;-0.020126013;504;1.33
relu;(100, 50, 25);0.3;0.01;l1;0.01;16;0.99;0.99;1.00E-08;0.025545469;-0.020139505;506;0.4
relu;(100, 100, 100, 50);0;0.001;l1;0.01;16;0.9;0.99;1.00E-08;0.025545478;-0.020139838;506;1.21
relu;(100, 100, 100, 50);0.3;0.03;l1;0.0001;64;0.9;0.9;1.00E-08;0.025545525;-0.020141717;504;2.11
relu;(100, 50, 25);0.3;0.03;l1;1.00E-05;32;0.99;0.999;1.00E-08;0.025545544;-0.020142481;506;1.1
relu;(100, 50, 25);0.3;0.03;l1;0.01;32;0.9;0.999;1.00E-06;0.025545609;-0.020145092;506;1.26
relu;(50, 50, 50);0.3;0.03;l2;1.00E-05;32;0.99;0.999;1.00E-06;0.025546123;-0.02016563;506;1.56
relu;(100, 100, 100, 50);0.1;0.01;l2;0.0001;64;0.9;0.999;1.00E-06;0.025546554;-0.020182834;504;1.85
relu;(100, 100, 100, 50);0.3;0.03;none;0.0001;16;0.9;0.999;1.00E-08;0.025546652;-0.020186737;506;0.59
relu;(100, 50, 25);0;0.001;l1;1.00E-05;32;0.8;0.999;1.00E-08;0.025547949;-0.020238517;506;0.71
relu;(50, 50, 50);0.3;0.03;l1;0.01;16;0.99;0.99;1.00E-08;0.025548484;-0.020259891;506;1.44
relu;(100, 50, 25);0.1;0.03;l2;0.0001;16;0.99;0.999;1.00E-08;0.02554865;-0.020266527;506;0.82
relu;(50, 50, 50);0.3;0.01;l1;0.01;16;0.8;0.99;1.00E-06;0.025548751;-0.020270568;506;0.75
relu;(100, 100, 100, 50);0.3;0.03;l1;0.01;16;0.99;0.9;1.00E-06;0.02554964;-0.020306051;506;0.85
relu;(100, 100, 100, 50);0.3;0.001;l2;0.01;16;0.99;0.99;1.00E-06;0.025549846;-0.020314295;506;0.78
relu;(50, 50, 50);0.3;0.03;l1;0.01;32;0.9;0.999;1.00E-06;0.025550032;-0.020321704;506;1.73
relu;(100, 100, 100, 50);0.1;0.001;l2;0.01;64;0.99;0.99;1.00E-08;0.025550103;-0.02032453;504;1.83
relu;(50, 50, 50);0;0.03;l2;0.0001;64;0.8;0.999;1.00E-06;0.025550149;-0.020326375;504;1.3
relu;(100, 100, 100, 50);0.3;0.01;l1;0.01;32;0.9;0.99;1.00E-08;0.025550523;-0.020341316;506;0.79
relu;(50, 50, 50);0.1;0.01;l2;0.0001;64;0.9;0.999;1.00E-08;0.02555089;-0.020355967;504;0.95
relu;(50, 50, 50);0.3;0.01;l1;0.01;32;0.9;0.999;1.00E-06;0.025550979;-0.020359522;506;0.62
relu;(100, 100, 100, 50);0.3;0.03;none;1.00E-05;64;0.8;0.99;1.00E-08;0.025551454;-0.020378495;504;0.94
relu;(100, 100, 100, 50);0.3;0.03;l2;0.0001;32;0.99;0.999;1.00E-08;0.025552868;-0.020434952;506;1.07
relu;(100, 50, 25);0.1;0.001;none;0.0001;64;0.8;0.999;1.00E-08;0.025553651;-0.020466238;504;0.44
relu;(100, 50, 25);0;0.001;l1;1.00E-05;32;0.8;0.99;1.00E-08;0.025553764;-0.020470765;506;0.7
relu;(100, 50, 25);0.3;0.001;none;0.0001;64;0.9;0.999;1.00E-08;0.025554541;-0.020501774;504;0.55
relu;(100, 100, 100, 50);0.3;0.03;none;0.01;16;0.9;0.999;1.00E-08;0.025555363;-0.02053461;506;0.58
relu;(100, 100, 100, 50);0.1;0.01;l2;0.0001;64;0.99;0.9;1.00E-08;0.025555498;-0.020539988;504;1.82
relu;(100, 50, 25);0.3;0.01;none;0.0001;32;0.9;0.999;1.00E-06;0.025556315;-0.020572604;506;0.37
relu;(100, 50, 25);0.3;0.01;l1;0.0001;32;0.8;0.99;1.00E-06;0.025556772;-0.020590864;506;0.43
relu;(100, 100, 100, 50);0.1;0.01;l1;0.01;64;0.9;0.99;1.00E-06;0.025557324;-0.020612927;504;1.97
relu;(100, 100, 100, 50);0.3;0.03;l2;0.0001;16;0.9;0.99;1.00E-08;0.025557696;-0.020627765;506;1.15
relu;(100, 100, 100, 50);0;0.03;none;1.00E-05;16;0.99;0.9;1.00E-06;0.025557746;-0.020629779;506;0.97
relu;(100, 100, 100, 50);0.3;0.001;l2;0.01;16;0.99;0.9;1.00E-08;0.025558686;-0.020667298;506;0.66
relu;(100, 100, 100, 50);0.1;0.001;l1;0.01;16;0.9;0.999;1.00E-08;0.025558738;-0.020669391;506;1.75
relu;(100, 50, 25);0.1;0.01;l1;1.00E-05;64;0.99;0.9;1.00E-06;0.025559212;-0.020688292;504;1.17
relu;(100, 50, 25);0.1;0.03;l1;0.0001;16;0.99;0.9;1.00E-06;0.025559695;-0.020707584;506;1.05
relu;(50, 50, 50);0.3;0.01;none;1.00E-05;32;0.9;0.99;1.00E-08;0.025560301;-0.020731814;506;0.78
relu;(50, 50, 50);0.1;0.001;l1;0.01;64;0.9;0.99;1.00E-06;0.025560575;-0.020742752;504;0.55
relu;(50, 50, 50);0.3;0.01;l2;0.01;32;0.8;0.99;1.00E-06;0.025560686;-0.020747189;506;0.75
relu;(100, 50, 25);0.1;0.01;l1;0.0001;64;0.8;0.9;1.00E-06;0.025561249;-0.02076966;504;1.3
relu;(100, 50, 25);0.1;0.001;l1;0.01;32;0.99;0.9;1.00E-06;0.02556151;-0.020780092;506;1.14
relu;(100, 50, 25);0.3;0.03;none;1.00E-05;64;0.9;0.9;1.00E-08;0.025561872;-0.020794554;504;1.21
relu;(100, 50, 25);0.3;0.01;l1;0.01;32;0.99;0.99;1.00E-06;0.025562305;-0.020811837;506;0.45
relu;(100, 100, 100, 50);0.1;0.01;none;1.00E-05;64;0.9;0.999;1.00E-08;0.025562591;-0.020823263;504;1.79
relu;(100, 50, 25);0;0.03;l1;0.01;32;0.8;0.99;1.00E-08;0.025563181;-0.0208468;506;0.36
relu;(100, 100, 100, 50);0.3;0.03;l1;0.0001;32;0.9;0.999;1.00E-06;0.025563268;-0.020850294;506;1.39
relu;(100, 50, 25);0.3;0.001;l1;0.01;16;0.8;0.999;1.00E-08;0.025567163;-0.021005825;506;0.39
relu;(50, 50, 50);0.3;0.01;l1;0.01;32;0.8;0.999;1.00E-08;0.025567926;-0.021036307;506;0.58
relu;(50, 50, 50);0.3;0.001;l2;0.01;32;0.99;0.999;1.00E-08;0.02556842;-0.02105602;506;0.65
relu;(100, 50, 25);0.1;0.001;l1;0.01;16;0.8;0.999;1.00E-06;0.025568491;-0.021058847;506;1.02
relu;(100, 100, 100, 50);0.3;0.03;l2;1.00E-05;32;0.99;0.9;1.00E-08;0.025568749;-0.021069159;506;0.81
relu;(100, 50, 25);0;0.01;l2;0.0001;32;0.9;0.9;1.00E-06;0.025569804;-0.021111307;506;0.33
relu;(100, 50, 25);0.3;0.01;none;1.00E-05;16;0.9;0.999;1.00E-08;0.025569994;-0.021118863;506;0.33
relu;(100, 100, 100, 50);0.1;0.03;l2;0.01;16;0.9;0.9;1.00E-06;0.025570022;-0.021120011;506;0.83
relu;(50, 50, 50);0;0.001;l1;0.01;16;0.8;0.999;1.00E-06;0.02557046;-0.021137494;506;0.98
relu;(100, 50, 25);0.3;0.03;none;0.0001;16;0.8;0.9;1.00E-06;0.02557364;-0.02126447;506;0.95
relu;(50, 50, 50);0.1;0.03;none;1.00E-05;32;0.99;0.99;1.00E-08;0.025573895;-0.021274665;506;0.69
relu;(100, 100, 100, 50);0.3;0.001;l2;1.00E-05;64;0.9;0.9;1.00E-06;0.025575629;-0.021343908;504;1.27
relu;(100, 50, 25);0.3;0.03;l2;0.0001;64;0.99;0.9;1.00E-06;0.025576255;-0.021368894;504;1.38
relu;(100, 100, 100, 50);0.1;0.01;l2;1.00E-05;64;0.99;0.999;1.00E-06;0.025576325;-0.021371707;504;1.81
relu;(100, 100, 100, 50);0;0.001;l1;0.01;32;0.9;0.9;1.00E-08;0.025576881;-0.021393909;506;1.5
relu;(50, 50, 50);0.1;0.03;none;0.01;32;0.8;0.99;1.00E-08;0.02557749;-0.021418249;506;0.69
relu;(100, 100, 100, 50);0.3;0.01;none;0.01;64;0.99;0.9;1.00E-06;0.025577526;-0.021419662;504;1.17
relu;(50, 50, 50);0.3;0.03;l1;0.0001;16;0.99;0.99;1.00E-06;0.025577744;-0.02142837;506;0.71
relu;(100, 100, 100, 50);0.1;0.001;l1;0.01;16;0.99;0.999;1.00E-08;0.025578214;-0.021447129;506;1.69
relu;(50, 50, 50);0.3;0.01;l1;0.0001;32;0.99;0.9;1.00E-06;0.02557845;-0.02145656;506;0.65
relu;(100, 50, 25);0;0.001;l1;0.01;32;0.8;0.999;1.00E-08;0.025578574;-0.021461538;506;0.89
relu;(100, 100, 100, 50);0.3;0.03;l2;0.0001;64;0.99;0.999;1.00E-08;0.02557957;-0.021501293;504;1.5
relu;(50, 50, 50);0.3;0.03;none;1.00E-05;64;0.8;0.99;1.00E-06;0.0255797;-0.021506494;504;0.68
relu;(100, 50, 25);0.3;0.01;l2;0.0001;16;0.8;0.99;1.00E-08;0.025580315;-0.021531042;506;0.38
relu;(100, 50, 25);0.1;0.03;l2;0.01;32;0.9;0.999;1.00E-08;0.025581162;-0.021564853;506;0.93
relu;(50, 50, 50);0.1;0.01;l1;0.01;64;0.8;0.99;1.00E-06;0.025581673;-0.021585283;504;0.72
relu;(100, 100, 100, 50);0.3;0.03;l1;0.01;64;0.9;0.999;1.00E-08;0.025582105;-0.021602541;504;2.03
relu;(100, 50, 25);0.1;0.03;none;0.01;32;0.9;0.9;1.00E-08;0.0255822;-0.021606331;506;0.82
relu;(100, 100, 100, 50);0.3;0.01;l2;0.0001;64;0.8;0.99;1.00E-08;0.025582574;-0.021621249;504;0.98
relu;(50, 50, 50);0.1;0.001;none;1.00E-05;64;0.8;0.99;1.00E-06;0.025583234;-0.021647632;504;0.46
relu;(50, 50, 50);0.3;0.01;l2;0.01;16;0.99;0.99;1.00E-08;0.025583666;-0.021664881;506;0.68
relu;(100, 50, 25);0.3;0.01;l1;0.01;16;0.8;0.999;1.00E-06;0.025583806;-0.021670473;506;0.4
relu;(100, 50, 25);0;0.001;l2;0.0001;64;0.8;0.9;1.00E-06;0.025584241;-0.021687832;504;0.94
relu;(100, 50, 25);0;0.03;l1;0.01;32;0.9;0.999;1.00E-06;0.025584801;-0.021710181;506;0.35
relu;(50, 50, 50);0.3;0.03;none;1.00E-05;16;0.8;0.9;1.00E-06;0.025585871;-0.021752937;506;0.57
relu;(50, 50, 50);0.3;0.01;l2;0.01;16;0.8;0.999;1.00E-06;0.025586143;-0.021763794;506;0.7
relu;(100, 100, 100, 50);0.3;0.03;l1;0.01;16;0.9;0.9;1.00E-08;0.025586405;-0.021774248;506;0.83
relu;(50, 50, 50);0.1;0.03;none;1.00E-05;32;0.99;0.999;1.00E-06;0.025586634;-0.02178337;506;0.48
relu;(100, 100, 100, 50);0.3;0.01;none;0.01;64;0.8;0.999;1.00E-08;0.025586781;-0.021789256;504;1.16
relu;(50, 50, 50);0.3;0.03;l1;0.01;16;0.9;0.999;1.00E-06;0.025587912;-0.021834407;506;1.36
relu;(50, 50, 50);0.1;0.001;l2;1.00E-05;64;0.99;0.9;1.00E-06;0.025587984;-0.021837317;504;0.48
relu;(50, 50, 50);0.1;0.03;l1;0.01;64;0.9;0.99;1.00E-06;0.025588027;-0.021838998;504;0.83
relu;(100, 50, 25);0.3;0.03;l1;1.00E-05;16;0.9;0.9;1.00E-06;0.02558855;-0.021859888;506;1.02
relu;(100, 100, 100, 50);0.1;0.001;l1;0.01;16;0.99;0.999;1.00E-06;0.025588555;-0.021860104;506;1.74
relu;(100, 50, 25);0.3;0.03;none;0.01;64;0.9;0.999;1.00E-08;0.025589346;-0.021891704;504;0.99
relu;(100, 100, 100, 50);0.3;0.03;l2;0.0001;32;0.99;0.99;1.00E-08;0.025589486;-0.021897264;506;1.46
relu;(50, 50, 50);0.3;0.03;none;0.0001;64;0.99;0.999;1.00E-06;0.02558987;-0.021912611;504;0.66
relu;(100, 50, 25);0.1;0.001;l2;0.0001;16;0.99;0.99;1.00E-08;0.025589946;-0.021915648;506;0.7
relu;(50, 50, 50);0.3;0.03;none;0.01;16;0.99;0.99;1.00E-06;0.025590821;-0.021950599;506;0.57
relu;(100, 50, 25);0.3;0.01;l2;0.01;64;0.8;0.99;1.00E-06;0.025591143;-0.021963469;504;1.14
relu;(100, 50, 25);0.1;0.01;l1;0.01;16;0.99;0.9;1.00E-08;0.025591177;-0.021964795;506;1.1
relu;(50, 50, 50);0.3;0.001;l2;0.01;16;0.99;0.999;1.00E-06;0.025591334;-0.021971064;506;0.78
relu;(50, 50, 50);0;0.001;l2;0.0001;32;0.8;0.9;1.00E-06;0.025591443;-0.021975443;506;0.38
relu;(100, 50, 25);0.3;0.001;l1;0.01;64;0.8;0.999;1.00E-06;0.025591947;-0.021995567;504;0.56
relu;(100, 100, 100, 50);0;0.001;l1;1.00E-05;64;0.9;0.99;1.00E-06;0.025592298;-0.02200956;504;1.5
relu;(100, 50, 25);0.3;0.01;l1;0.01;64;0.8;0.9;1.00E-08;0.025592799;-0.022029586;504;0.53
relu;(100, 100, 100, 50);0;0.001;none;0.0001;64;0.8;0.99;1.00E-08;0.025593455;-0.022055776;504;1.5
relu;(100, 50, 25);0.3;0.01;l2;1.00E-05;32;0.9;0.999;1.00E-08;0.025594356;-0.022091776;506;0.38
relu;(100, 50, 25);0.1;0.03;l1;0.01;16;0.99;0.9;1.00E-06;0.025594754;-0.022107673;506;1.02
relu;(50, 50, 50);0.3;0.03;l2;0.0001;32;0.8;0.9;1.00E-06;0.0255957;-0.02214542;506;1.33
relu;(100, 50, 25);0.1;0.03;l1;0.0001;32;0.99;0.99;1.00E-06;0.025595871;-0.022152251;506;1.06
relu;(50, 50, 50);0;0.01;l1;1.00E-05;16;0.99;0.9;1.00E-08;0.025596708;-0.022185699;506;0.37
relu;(100, 100, 100, 50);0.3;0.03;l1;0.01;64;0.99;0.99;1.00E-08;0.025596988;-0.022196863;504;2.23
relu;(100, 50, 25);0.3;0.001;none;1.00E-05;16;0.99;0.9;1.00E-06;0.02559759;-0.022220914;506;0.35
relu;(100, 100, 100, 50);0.1;0.03;none;1.00E-05;16;0.99;0.9;1.00E-06;0.025597955;-0.022235487;506;1.35
relu;(100, 50, 25);0.3;0.03;l1;0.01;16;0.9;0.9;1.00E-06;0.025599393;-0.022292929;506;1.34
relu;(50, 50, 50);0.1;0.03;l1;0.01;64;0.8;0.99;1.00E-06;0.025599591;-0.022300812;504;0.89
relu;(50, 50, 50);0.3;0.001;l1;1.00E-05;64;0.9;0.999;1.00E-06;0.025599621;-0.022302022;504;0.83
relu;(100, 50, 25);0;0.001;l2;1.00E-05;16;0.9;0.9;1.00E-06;0.025600078;-0.022320281;506;0.74
relu;(100, 100, 100, 50);0.3;0.001;l1;1.00E-05;16;0.8;0.999;1.00E-06;0.02560088;-0.022352292;506;0.8
relu;(100, 100, 100, 50);0.1;0.03;l2;0.01;32;0.9;0.999;1.00E-06;0.025602981;-0.022436191;506;0.76
relu;(50, 50, 50);0.1;0.03;none;0.01;32;0.99;0.99;1.00E-08;0.025602988;-0.02243648;506;0.8
relu;(100, 100, 100, 50);0.3;0.01;l2;0.01;32;0.9;0.9;1.00E-08;0.025603278;-0.022448056;506;0.7
relu;(100, 100, 100, 50);0.3;0.01;l2;0.01;16;0.99;0.9;1.00E-06;0.025604415;-0.022493473;506;0.77
relu;(50, 50, 50);0.3;0.03;none;0.0001;16;0.9;0.999;1.00E-08;0.025605003;-0.022516942;506;0.54
relu;(50, 50, 50);0.1;0.001;l2;1.00E-05;32;0.99;0.999;1.00E-08;0.025605627;-0.022541868;506;0.42
relu;(100, 100, 100, 50);0.3;0.01;l1;0.01;16;0.8;0.99;1.00E-06;0.025605765;-0.022547351;506;0.72
relu;(50, 50, 50);0.3;0.01;l1;0.0001;16;0.9;0.9;1.00E-06;0.025606002;-0.022556826;506;0.81
relu;(50, 50, 50);0.1;0.001;l1;0.01;64;0.8;0.999;1.00E-08;0.025606651;-0.022582756;504;0.63
relu;(100, 100, 100, 50);0.3;0.03;none;0.0001;32;0.9;0.9;1.00E-06;0.025607212;-0.022605155;506;0.78
relu;(100, 100, 100, 50);0.3;0.01;l1;0.01;16;0.9;0.999;1.00E-08;0.025607861;-0.022631071;506;1
relu;(50, 50, 50);0;0.03;l1;1.00E-05;64;0.99;0.9;1.00E-06;0.025608201;-0.022644635;504;0.44
relu;(50, 50, 50);0;0.03;l1;0.01;32;0.99;0.999;1.00E-08;0.025609859;-0.022710864;506;0.48
relu;(100, 50, 25);0;0.001;l1;0.01;32;0.8;0.99;1.00E-06;0.025609974;-0.022715443;506;0.89
relu;(50, 50, 50);0.3;0.01;none;0.0001;32;0.99;0.999;1.00E-06;0.02561093;-0.022753644;506;0.71
relu;(100, 100, 100, 50);0.3;0.001;none;0.01;32;0.9;0.9;1.00E-08;0.025610932;-0.022753707;506;0.81
relu;(50, 50, 50);0;0.001;l1;0.01;64;0.9;0.999;1.00E-08;0.025610945;-0.022754248;504;0.44
relu;(50, 50, 50);0.3;0.01;none;0.0001;16;0.99;0.99;1.00E-06;0.02561189;-0.022791987;506;0.63
relu;(100, 50, 25);0.1;0.001;l1;0.01;16;0.9;0.9;1.00E-06;0.025612328;-0.02280945;506;1.11
relu;(100, 50, 25);0.1;0.03;l1;0.01;64;0.9;0.9;1.00E-08;0.025612766;-0.022826942;504;1.18
relu;(100, 100, 100, 50);0;0.001;l1;1.00E-05;32;0.99;0.99;1.00E-08;0.025616315;-0.022968666;506;1.5
relu;(100, 100, 100, 50);0.3;0.01;none;0.0001;16;0.9;0.99;1.00E-08;0.025617043;-0.022997732;506;0.64
relu;(50, 50, 50);0;0.001;l2;1.00E-05;32;0.8;0.99;1.00E-08;0.025617712;-0.023024476;506;0.33
relu;(100, 100, 100, 50);0.3;0.01;l1;0.01;32;0.99;0.9;1.00E-08;0.025617724;-0.023024946;506;0.99
relu;(50, 50, 50);0.3;0.01;l1;0.0001;64;0.8;0.9;1.00E-08;0.025618029;-0.023037115;504;0.84
relu;(100, 100, 100, 50);0.1;0.01;none;0.0001;16;0.8;0.9;1.00E-08;0.025618689;-0.023063489;506;1.36
relu;(100, 100, 100, 50);0;0.03;l1;1.00E-05;16;0.99;0.999;1.00E-08;0.025618834;-0.02306926;506;1.15
relu;(50, 50, 50);0.3;0.03;none;0.01;16;0.9;0.999;1.00E-06;0.02561907;-0.023078704;506;0.49
relu;(50, 50, 50);0.1;0.03;l1;0.01;32;0.8;0.99;1.00E-08;0.025620017;-0.023116532;506;0.76
relu;(100, 100, 100, 50);0.3;0.001;l1;0.01;64;0.99;0.99;1.00E-06;0.025620748;-0.023145702;504;1.04
relu;(50, 50, 50);0;0.001;l1;0.01;64;0.9;0.99;1.00E-06;0.025621522;-0.023176605;504;0.45
relu;(100, 50, 25);0;0.001;l1;0.01;16;0.9;0.9;1.00E-06;0.025621639;-0.023181274;506;0.95
relu;(50, 50, 50);0;0.01;l1;0.01;32;0.8;0.99;1.00E-08;0.025621686;-0.023183147;506;0.48
relu;(100, 50, 25);0;0.01;l1;0.0001;16;0.8;0.99;1.00E-06;0.025621754;-0.023185899;506;0.35
relu;(100, 50, 25);0.1;0.001;none;1.00E-05;32;0.99;0.999;1.00E-06;0.025622093;-0.023199418;506;0.4
relu;(100, 50, 25);0.1;0.03;l1;0.01;64;0.8;0.99;1.00E-06;0.025622821;-0.023228509;504;1.2
relu;(100, 50, 25);0;0.01;none;1.00E-05;32;0.9;0.999;1.00E-06;0.025623206;-0.023243853;506;0.7
relu;(100, 50, 25);0.3;0.03;l2;1.00E-05;16;0.99;0.9;1.00E-06;0.025623838;-0.02326909;506;0.68
relu;(100, 100, 100, 50);0.3;0.03;l1;1.00E-05;32;0.8;0.999;1.00E-06;0.025623944;-0.02327332;506;1.44
relu;(100, 50, 25);0;0.01;none;1.00E-05;32;0.9;0.9;1.00E-06;0.025625227;-0.023324584;506;0.65
relu;(100, 50, 25);0.3;0.01;none;0.01;16;0.99;0.99;1.00E-08;0.025625259;-0.023325848;506;0.38
relu;(100, 100, 100, 50);0.1;0.03;none;0.0001;32;0.99;0.99;1.00E-06;0.02562661;-0.023379794;506;1.46
relu;(50, 50, 50);0.1;0.03;none;1.00E-05;32;0.99;0.999;1.00E-08;0.025626619;-0.023380154;506;0.5
relu;(100, 50, 25);0.3;0.03;none;0.01;64;0.99;0.999;1.00E-06;0.025626634;-0.023380773;504;0.95
relu;(100, 50, 25);0.3;0.01;l2;1.00E-05;16;0.9;0.999;1.00E-06;0.025627018;-0.023396091;506;0.33
relu;(100, 50, 25);0.3;0.03;none;1.00E-05;16;0.99;0.99;1.00E-08;0.025627292;-0.023407045;506;1.02
relu;(100, 50, 25);0.1;0.01;l1;0.0001;32;0.99;0.99;1.00E-06;0.025627927;-0.02343239;506;1.04
relu;(100, 50, 25);0.1;0.03;none;0.0001;64;0.99;0.999;1.00E-08;0.025628109;-0.023439649;504;0.92
relu;(100, 50, 25);0.3;0.01;none;0.01;32;0.9;0.999;1.00E-08;0.025628659;-0.023461617;506;0.43
relu;(100, 50, 25);0.1;0.03;l1;1.00E-05;16;0.9;0.99;1.00E-08;0.025629356;-0.023489449;506;0.84
relu;(50, 50, 50);0.3;0.03;l2;0.0001;32;0.9;0.999;1.00E-06;0.025630119;-0.023519913;506;0.87
relu;(100, 100, 100, 50);0.1;0.03;l2;0.01;64;0.99;0.999;1.00E-08;0.025630443;-0.023532856;504;1.25
relu;(100, 50, 25);0.3;0.01;l2;1.00E-05;64;0.99;0.99;1.00E-06;0.025630471;-0.023533975;504;0.42
relu;(50, 50, 50);0;0.001;l1;0.0001;32;0.8;0.99;1.00E-06;0.025630763;-0.023545649;506;1.03
relu;(100, 100, 100, 50);0.3;0.01;none;1.00E-05;32;0.9;0.9;1.00E-08;0.025631474;-0.023574049;506;0.8
relu;(50, 50, 50);0;0.001;l1;0.0001;32;0.9;0.9;1.00E-08;0.025632027;-0.023596121;506;1.13
relu;(50, 50, 50);0.3;0.01;l1;0.01;64;0.8;0.99;1.00E-08;0.025632097;-0.02359893;504;0.89
relu;(100, 100, 100, 50);0.1;0.01;l2;0.01;16;0.9;0.999;1.00E-06;0.025632426;-0.023612068;506;1.36
relu;(100, 100, 100, 50);0.3;0.001;l1;0.01;64;0.8;0.99;1.00E-06;0.025632779;-0.023626138;504;1.34
relu;(100, 100, 100, 50);0.3;0.03;l2;0.0001;64;0.9;0.9;1.00E-08;0.025633223;-0.023643905;504;1.58
relu;(100, 100, 100, 50);0.3;0.03;l2;0.0001;16;0.9;0.9;1.00E-08;0.025634161;-0.023681339;506;0.61
relu;(100, 100, 100, 50);0;0.03;l2;0.01;16;0.99;0.9;1.00E-06;0.025634751;-0.023704919;506;1.18
relu;(50, 50, 50);0.3;0.03;l2;0.01;16;0.99;0.99;1.00E-06;0.025635227;-0.023723895;506;0.82
relu;(100, 50, 25);0;0.001;none;1.00E-05;64;0.8;0.999;1.00E-08;0.025635793;-0.023746529;504;1.72
relu;(100, 100, 100, 50);0;0.001;l1;0.01;16;0.99;0.999;1.00E-08;0.025636768;-0.02378545;506;1.21
relu;(100, 100, 100, 50);0.1;0.01;l1;1.00E-05;16;0.8;0.9;1.00E-08;0.02563697;-0.023793504;506;1.39
relu;(100, 50, 25);0.3;0.03;l2;1.00E-05;16;0.9;0.999;1.00E-08;0.025637088;-0.023798227;506;0.84
relu;(100, 50, 25);0.3;0.03;l1;0.01;64;0.99;0.99;1.00E-06;0.025637434;-0.023812067;504;1.16
relu;(100, 100, 100, 50);0.3;0.01;l1;0.01;32;0.9;0.999;1.00E-06;0.025637439;-0.023812243;506;0.79
relu;(50, 50, 50);0;0.01;l2;0.0001;16;0.99;0.999;1.00E-08;0.025637639;-0.023820254;506;0.38
relu;(50, 50, 50);0.3;0.01;l1;0.01;16;0.9;0.9;1.00E-06;0.025638326;-0.023847666;506;0.65
relu;(100, 100, 100, 50);0.3;0.01;l2;1.00E-05;64;0.99;0.999;1.00E-08;0.025638626;-0.02385964;504;1.25
relu;(100, 100, 100, 50);0.1;0.01;l2;1.00E-05;16;0.99;0.9;1.00E-08;0.02563907;-0.023877381;506;1.4
relu;(50, 50, 50);0.1;0.001;none;1.00E-05;32;0.9;0.999;1.00E-06;0.025639278;-0.02388569;506;0.48
relu;(100, 100, 100, 50);0;0.001;l1;1.00E-05;32;0.9;0.9;1.00E-06;0.025641461;-0.023972872;506;1.47
relu;(50, 50, 50);0.1;0.01;l2;0.01;32;0.9;0.99;1.00E-08;0.025641835;-0.023987796;506;0.65
relu;(100, 50, 25);0.3;0.03;none;0.01;16;0.99;0.9;1.00E-06;0.025642115;-0.023998963;506;0.69
relu;(100, 50, 25);0.1;0.03;l2;0.01;32;0.99;0.9;1.00E-08;0.025642668;-0.024021047;506;1.1
relu;(50, 50, 50);0.3;0.01;l2;1.00E-05;32;0.99;0.9;1.00E-08;0.025643468;-0.024053002;506;0.73
relu;(50, 50, 50);0.3;0.03;l2;0.01;16;0.9;0.99;1.00E-06;0.025644203;-0.024082378;506;1.15
relu;(50, 50, 50);0.1;0.03;l1;0.0001;16;0.99;0.999;1.00E-06;0.025644362;-0.024088711;506;0.59
relu;(100, 100, 100, 50);0.3;0.03;l1;0.01;64;0.9;0.9;1.00E-06;0.025644779;-0.024105353;504;2.18
relu;(50, 50, 50);0.1;0.001;none;0.01;16;0.8;0.99;1.00E-06;0.025644931;-0.024111453;506;0.43
relu;(50, 50, 50);0.3;0.01;none;0.0001;32;0.9;0.99;1.00E-06;0.025645117;-0.02411887;506;0.78
relu;(50, 50, 50);0.3;0.03;l1;0.0001;16;0.99;0.999;1.00E-08;0.025645155;-0.024120382;506;0.8
relu;(50, 50, 50);0;0.01;none;0.01;64;0.8;0.99;1.00E-08;0.025646006;-0.024154383;504;0.4
relu;(50, 50, 50);0;0.001;l2;1.00E-05;32;0.99;0.99;1.00E-08;0.025646679;-0.024181257;506;0.38
relu;(100, 50, 25);0.3;0.03;l1;0.0001;32;0.99;0.999;1.00E-08;0.025647346;-0.024207875;506;1.48
relu;(50, 50, 50);0;0.01;l2;1.00E-05;32;0.8;0.99;1.00E-06;0.025647628;-0.02421914;506;0.37
relu;(100, 50, 25);0.3;0.001;none;0.0001;64;0.99;0.99;1.00E-08;0.025647688;-0.024221547;504;0.53
relu;(100, 100, 100, 50);0.3;0.03;l1;0.0001;64;0.99;0.999;1.00E-08;0.025647787;-0.024225475;504;2.41
relu;(50, 50, 50);0.3;0.03;l2;0.01;64;0.99;0.99;1.00E-08;0.025647947;-0.024231872;504;1.61
relu;(50, 50, 50);0.1;0.001;none;0.01;64;0.8;0.9;1.00E-08;0.025648212;-0.024242458;504;0.5
relu;(50, 50, 50);0.1;0.01;l2;1.00E-05;32;0.99;0.9;1.00E-06;0.025648602;-0.024258035;506;0.62
relu;(100, 100, 100, 50);0;0.01;l1;0.01;32;0.9;0.999;1.00E-08;0.025651927;-0.024390835;506;1.14
relu;(100, 100, 100, 50);0;0.001;l1;0.01;32;0.9;0.99;1.00E-08;0.025652073;-0.02439665;506;1.42
relu;(100, 100, 100, 50);0.3;0.001;l2;0.01;64;0.99;0.99;1.00E-08;0.025652425;-0.02441071;504;1.24
relu;(100, 100, 100, 50);0.3;0.01;l1;1.00E-05;16;0.8;0.9;1.00E-08;0.025652819;-0.02442644;506;0.78
relu;(100, 100, 100, 50);0;0.001;l1;1.00E-05;16;0.9;0.9;1.00E-06;0.025652826;-0.0244267;506;1.36
relu;(100, 50, 25);0.1;0.03;l1;0.01;16;0.9;0.9;1.00E-08;0.025652859;-0.024428028;506;1.09
relu;(50, 50, 50);0.3;0.001;l2;0.0001;16;0.9;0.9;1.00E-08;0.025653475;-0.024452649;506;0.51
relu;(100, 50, 25);0;0.01;l1;0.01;64;0.99;0.99;1.00E-08;0.025653717;-0.02446231;504;0.41
relu;(100, 50, 25);0;0.03;none;0.0001;32;0.99;0.9;1.00E-08;0.025654707;-0.024501824;506;0.34
relu;(100, 100, 100, 50);0.1;0.01;l1;0.01;32;0.8;0.99;1.00E-08;0.025655598;-0.0245374;506;2
relu;(100, 50, 25);0.1;0.001;l2;0.01;32;0.9;0.999;1.00E-08;0.025655699;-0.024541468;506;0.89
relu;(100, 50, 25);0.3;0.03;none;0.0001;16;0.99;0.9;1.00E-06;0.025656134;-0.024558807;506;0.86
relu;(100, 50, 25);0.1;0.01;l1;0.01;32;0.99;0.9;1.00E-08;0.025657216;-0.024602025;506;1.27
relu;(100, 100, 100, 50);0.1;0.03;l1;0.01;16;0.8;0.99;1.00E-06;0.025657279;-0.024604546;506;0.84
relu;(100, 100, 100, 50);0;0.03;l1;0.01;64;0.99;0.9;1.00E-06;0.025657664;-0.024619932;504;1.64
relu;(100, 100, 100, 50);0.1;0.03;l1;0.01;32;0.9;0.9;1.00E-08;0.025657832;-0.024626637;506;0.76
relu;(100, 50, 25);0.1;0.03;l2;1.00E-05;32;0.99;0.9;1.00E-06;0.025658014;-0.024633887;506;0.8
relu;(100, 50, 25);0.3;0.03;l2;0.01;64;0.8;0.9;1.00E-08;0.02565814;-0.024638927;504;1.28
relu;(100, 100, 100, 50);0;0.001;none;1.00E-05;64;0.8;0.999;1.00E-06;0.025659214;-0.024681834;504;1.46
relu;(100, 50, 25);0.1;0.01;none;0.0001;16;0.8;0.99;1.00E-08;0.02565964;-0.024698814;506;0.96
relu;(50, 50, 50);0.3;0.01;l1;0.0001;64;0.8;0.99;1.00E-06;0.025659747;-0.024703088;504;0.87
relu;(50, 50, 50);0.1;0.01;l1;1.00E-05;32;0.99;0.9;1.00E-06;0.025659879;-0.024708354;506;0.73
relu;(100, 50, 25);0.3;0.01;l1;1.00E-05;32;0.99;0.9;1.00E-06;0.025660332;-0.024726467;506;0.62
relu;(100, 100, 100, 50);0;0.03;l1;0.01;64;0.99;0.9;1.00E-08;0.025661263;-0.024763655;504;1.59
relu;(100, 50, 25);0.1;0.001;l1;0.01;16;0.8;0.99;1.00E-06;0.025661359;-0.024767477;506;1.08
relu;(100, 50, 25);0.3;0.01;none;0.0001;64;0.99;0.99;1.00E-08;0.025661777;-0.024784185;504;0.66
relu;(100, 100, 100, 50);0.3;0.001;l1;0.01;16;0.9;0.999;1.00E-06;0.025662964;-0.024831578;506;0.75
relu;(100, 100, 100, 50);0.1;0.01;l1;0.01;32;0.9;0.99;1.00E-06;0.025662993;-0.024832719;506;2.61
relu;(100, 100, 100, 50);0;0.03;l1;0.01;32;0.8;0.9;1.00E-08;0.025663059;-0.024835375;506;1.45
relu;(100, 100, 100, 50);0.1;0.01;l1;0.0001;32;0.99;0.999;1.00E-08;0.025663138;-0.024838524;506;2.07
relu;(50, 50, 50);0.1;0.03;l1;0.0001;64;0.99;0.99;1.00E-06;0.025663268;-0.0248437;504;0.93
relu;(100, 100, 100, 50);0.3;0.001;l2;0.01;16;0.9;0.999;1.00E-06;0.025663358;-0.024847321;506;0.81
relu;(100, 100, 100, 50);0.1;0.01;l1;0.01;32;0.99;0.999;1.00E-06;0.025663418;-0.024849687;506;1.89
relu;(50, 50, 50);0;0.001;none;0.01;64;0.99;0.99;1.00E-08;0.025663423;-0.024849902;504;1.18
relu;(100, 50, 25);0.3;0.03;l1;1.00E-05;64;0.99;0.9;1.00E-08;0.02566417;-0.024879744;504;1.26
relu;(50, 50, 50);0.1;0.01;none;1.00E-05;16;0.99;0.99;1.00E-08;0.025664264;-0.024883501;506;0.44
relu;(100, 50, 25);0.1;0.03;none;0.0001;32;0.8;0.999;1.00E-08;0.025664841;-0.024906542;506;0.76
relu;(100, 100, 100, 50);0;0.01;l1;0.01;64;0.9;0.999;1.00E-08;0.025665095;-0.024916676;504;1.39
relu;(50, 50, 50);0.1;0.001;l1;0.01;64;0.8;0.9;1.00E-06;0.025665432;-0.024930126;504;0.54
relu;(100, 50, 25);0.1;0.03;l1;0.01;64;0.8;0.9;1.00E-08;0.025665534;-0.024934208;504;1.1
relu;(50, 50, 50);0.3;0.03;none;1.00E-05;64;0.99;0.99;1.00E-08;0.02566665;-0.024978757;504;0.68
relu;(100, 100, 100, 50);0.1;0.03;l2;0.0001;16;0.99;0.99;1.00E-08;0.025666773;-0.024983687;506;0.74
relu;(50, 50, 50);0;0.001;l2;1.00E-05;32;0.99;0.999;1.00E-08;0.025666854;-0.024986909;506;0.42
relu;(100, 100, 100, 50);0.3;0.03;l2;0.01;64;0.99;0.9;1.00E-06;0.025666894;-0.024988526;504;1.65
relu;(100, 50, 25);0.3;0.03;none;0.0001;16;0.9;0.999;1.00E-08;0.02566694;-0.024990365;506;0.92
relu;(50, 50, 50);0;0.001;none;1.00E-05;16;0.9;0.999;1.00E-08;0.025667604;-0.025016872;506;0.37
relu;(100, 50, 25);0.3;0.03;l1;1.00E-05;16;0.9;0.99;1.00E-08;0.025667623;-0.025017613;506;1.18
relu;(100, 100, 100, 50);0.3;0.03;none;0.01;32;0.9;0.99;1.00E-06;0.025668193;-0.025040392;506;0.68
relu;(50, 50, 50);0.1;0.03;l2;0.01;64;0.99;0.9;1.00E-08;0.025668269;-0.025043407;504;0.96
relu;(100, 100, 100, 50);0;0.001;l1;0.01;32;0.99;0.999;1.00E-08;0.02566941;-0.025088976;506;1.43
relu;(100, 50, 25);0.3;0.03;l2;1.00E-05;64;0.9;0.9;1.00E-08;0.025670688;-0.025140036;504;1.05
relu;(100, 100, 100, 50);0;0.001;l1;0.01;64;0.8;0.999;1.00E-08;0.025671787;-0.0251839;504;1.64
relu;(50, 50, 50);0.3;0.01;l1;1.00E-05;16;0.99;0.9;1.00E-08;0.025672887;-0.025227835;506;0.72
relu;(50, 50, 50);0;0.001;l2;1.00E-05;64;0.8;0.9;1.00E-08;0.025673625;-0.025257297;504;0.37
relu;(100, 100, 100, 50);0;0.01;l2;0.0001;32;0.8;0.999;1.00E-06;0.025674427;-0.025289342;506;1.29
relu;(100, 100, 100, 50);0.1;0.03;none;0.01;64;0.99;0.9;1.00E-06;0.025674461;-0.025290705;504;1.71
relu;(100, 100, 100, 50);0;0.001;l1;1.00E-05;32;0.8;0.999;1.00E-06;0.025674486;-0.025291706;506;1.4
relu;(100, 100, 100, 50);0.3;0.03;l1;0.01;16;0.99;0.9;1.00E-08;0.025675037;-0.025313696;506;0.75
relu;(100, 50, 25);0;0.001;l1;0.01;32;0.99;0.9;1.00E-08;0.025676011;-0.025352606;506;1.12
relu;(50, 50, 50);0.1;0.03;l2;0.01;64;0.9;0.9;1.00E-08;0.025676642;-0.025377811;504;0.77
relu;(100, 50, 25);0.1;0.03;l1;0.01;16;0.99;0.99;1.00E-08;0.025677139;-0.025397646;506;1.03
relu;(100, 100, 100, 50);0.3;0.001;none;0.0001;16;0.9;0.9;1.00E-08;0.025677141;-0.02539772;506;0.62
relu;(50, 50, 50);0;0.03;l1;0.01;32;0.9;0.999;1.00E-08;0.025677163;-0.025398616;506;0.4
relu;(50, 50, 50);0.1;0.03;none;0.0001;32;0.9;0.999;1.00E-06;0.025677368;-0.025406778;506;0.57
relu;(100, 100, 100, 50);0.3;0.01;none;1.00E-05;16;0.99;0.99;1.00E-08;0.025677605;-0.02541623;506;1.05
relu;(50, 50, 50);0.1;0.001;l1;0.01;64;0.8;0.999;1.00E-06;0.025678458;-0.02545032;504;0.51
relu;(100, 100, 100, 50);0.1;0.001;l1;0.01;32;0.8;0.99;1.00E-06;0.025678789;-0.025463536;506;2.05
relu;(100, 50, 25);0;0.001;l2;0.0001;32;0.9;0.999;1.00E-08;0.025679107;-0.025476215;506;0.86
relu;(100, 100, 100, 50);0.1;0.03;l2;1.00E-05;16;0.99;0.99;1.00E-06;0.025679277;-0.025483027;506;0.69
relu;(50, 50, 50);0.1;0.001;l2;1.00E-05;16;0.99;0.999;1.00E-08;0.025679577;-0.025495004;506;0.44
relu;(100, 100, 100, 50);0.3;0.03;l2;1.00E-05;64;0.8;0.9;1.00E-06;0.025680296;-0.025523722;504;1.66
relu;(100, 50, 25);0.3;0.03;l1;0.0001;16;0.99;0.999;1.00E-06;0.025680976;-0.025550862;506;1.13
relu;(100, 100, 100, 50);0.3;0.01;none;0.0001;32;0.9;0.99;1.00E-08;0.025681112;-0.025556298;506;0.71
relu;(100, 50, 25);0.1;0.001;l1;0.01;64;0.8;0.9;1.00E-08;0.025681591;-0.025575422;504;0.99
relu;(100, 50, 25);0;0.001;none;0.01;32;0.9;0.99;1.00E-06;0.025681743;-0.02558151;506;0.94
relu;(100, 100, 100, 50);0;0.03;l1;0.01;32;0.9;0.9;1.00E-06;0.025682088;-0.025595257;506;1.47
relu;(100, 50, 25);0.3;0.03;l1;1.00E-05;16;0.8;0.9;1.00E-08;0.025682184;-0.025599095;506;0.98
relu;(100, 50, 25);0.3;0.01;none;0.01;64;0.99;0.9;1.00E-06;0.025682381;-0.025606976;504;0.79
relu;(50, 50, 50);0.3;0.01;l1;0.01;16;0.9;0.999;1.00E-08;0.02568312;-0.025636502;506;0.62
relu;(50, 50, 50);0.3;0.03;none;1.00E-05;16;0.9;0.99;1.00E-06;0.025683994;-0.025671392;506;0.62
relu;(50, 50, 50);0;0.01;l1;1.00E-05;32;0.9;0.9;1.00E-06;0.02568469;-0.025699166;506;0.42
relu;(100, 100, 100, 50);0.3;0.03;none;0.0001;32;0.9;0.99;1.00E-08;0.025684934;-0.025708922;506;0.65
relu;(100, 100, 100, 50);0.3;0.001;l1;0.01;64;0.99;0.999;1.00E-08;0.025685722;-0.025740404;504;1.02
relu;(100, 50, 25);0.1;0.001;none;1.00E-05;64;0.9;0.9;1.00E-06;0.025686665;-0.025778059;504;0.88
relu;(100, 100, 100, 50);0.3;0.001;none;0.0001;32;0.8;0.9;1.00E-06;0.025688305;-0.025843551;506;1.14
relu;(50, 50, 50);0;0.03;none;0.01;64;0.99;0.9;1.00E-08;0.025688473;-0.025850261;504;0.4
relu;(50, 50, 50);0.3;0.01;l2;1.00E-05;64;0.9;0.9;1.00E-06;0.02568988;-0.025906437;504;0.75
relu;(100, 100, 100, 50);0.3;0.001;l1;0.01;64;0.8;0.99;1.00E-08;0.025689908;-0.025907556;504;1.12
relu;(100, 100, 100, 50);0.3;0.01;none;1.00E-05;64;0.99;0.999;1.00E-08;0.025691641;-0.025976757;504;1.18
relu;(100, 50, 25);0.3;0.001;l2;0.0001;32;0.99;0.99;1.00E-06;0.025692319;-0.026003823;506;0.45
relu;(50, 50, 50);0;0.001;l1;0.01;64;0.8;0.9;1.00E-08;0.025692325;-0.026004082;504;0.43
relu;(50, 50, 50);0.3;0.03;l1;0.0001;16;0.9;0.9;1.00E-08;0.025693235;-0.026040419;506;0.75
relu;(50, 50, 50);0;0.01;l1;1.00E-05;32;0.8;0.999;1.00E-08;0.02569349;-0.026050622;506;0.39
relu;(50, 50, 50);0.3;0.03;none;0.01;16;0.99;0.9;1.00E-08;0.025693672;-0.026057853;506;0.56
relu;(100, 100, 100, 50);0.3;0.01;none;1.00E-05;16;0.9;0.999;1.00E-06;0.025693874;-0.026065945;506;0.66
relu;(100, 50, 25);0;0.03;l1;0.01;32;0.9;0.99;1.00E-08;0.025694114;-0.026075508;506;0.37
relu;(100, 100, 100, 50);0.3;0.01;l2;1.00E-05;16;0.99;0.99;1.00E-08;0.025694365;-0.026085566;506;0.61
relu;(50, 50, 50);0.1;0.001;l1;1.00E-05;32;0.9;0.99;1.00E-06;0.025695647;-0.026136724;506;0.47
relu;(50, 50, 50);0.1;0.03;l1;0.01;16;0.9;0.99;1.00E-06;0.025696121;-0.026155691;506;0.76
relu;(100, 100, 100, 50);0.3;0.03;none;1.00E-05;16;0.9;0.9;1.00E-08;0.025696427;-0.026167903;506;0.63
relu;(50, 50, 50);0;0.03;l1;0.01;16;0.99;0.9;1.00E-06;0.025697358;-0.026205082;506;0.4
relu;(100, 100, 100, 50);0.1;0.03;l1;0.01;16;0.9;0.9;1.00E-08;0.025697411;-0.026207173;506;1.02
relu;(100, 100, 100, 50);0.3;0.01;l2;0.01;64;0.9;0.9;1.00E-06;0.025697579;-0.026213876;504;1.04
relu;(100, 50, 25);0.1;0.03;l2;0.0001;16;0.99;0.9;1.00E-08;0.025698499;-0.026250642;506;0.71
relu;(50, 50, 50);0;0.001;l1;0.01;64;0.99;0.999;1.00E-08;0.025699173;-0.026277556;504;0.45
relu;(50, 50, 50);0;0.01;none;0.0001;16;0.9;0.999;1.00E-08;0.025699802;-0.026302671;506;0.34
relu;(100, 100, 100, 50);0;0.03;l2;0.01;32;0.8;0.9;1.00E-08;0.025699824;-0.026303563;506;1.2
relu;(50, 50, 50);0.3;0.01;l1;0.01;16;0.99;0.9;1.00E-08;0.025700451;-0.026328602;506;0.58
relu;(100, 50, 25);0;0.001;l1;1.00E-05;64;0.8;0.99;1.00E-08;0.025700577;-0.026333614;504;0.74
relu;(100, 50, 25);0.1;0.03;l1;1.00E-05;64;0.99;0.99;1.00E-06;0.025701058;-0.026352808;504;1
relu;(100, 50, 25);0.1;0.001;l1;0.01;64;0.8;0.99;1.00E-08;0.02570175;-0.026380442;504;1.23
relu;(100, 50, 25);0.3;0.01;l2;0.01;16;0.8;0.9;1.00E-06;0.025702994;-0.026430125;506;0.75
relu;(100, 100, 100, 50);0.1;0.001;l2;0.01;64;0.99;0.9;1.00E-08;0.025702997;-0.026430247;504;1.82
relu;(50, 50, 50);0.3;0.03;l1;1.00E-05;64;0.8;0.9;1.00E-08;0.025704445;-0.026488068;504;0.84
relu;(100, 50, 25);0.3;0.001;l1;0.0001;16;0.9;0.99;1.00E-08;0.025704508;-0.026490591;506;0.4
relu;(50, 50, 50);0.3;0.03;l2;1.00E-05;64;0.8;0.999;1.00E-06;0.025704891;-0.026505896;504;1.19
relu;(100, 50, 25);0;0.01;l1;0.01;32;0.8;0.99;1.00E-08;0.025705307;-0.026522519;506;0.35
relu;(50, 50, 50);0.3;0.03;none;1.00E-05;16;0.99;0.99;1.00E-06;0.025705426;-0.026527263;506;0.66
relu;(100, 100, 100, 50);0.3;0.03;l1;0.0001;64;0.8;0.9;1.00E-08;0.025705627;-0.026535306;504;1.96
relu;(100, 100, 100, 50);0.3;0.01;none;1.00E-05;64;0.9;0.9;1.00E-06;0.025706231;-0.026559415;504;1.29
relu;(100, 50, 25);0.1;0.001;l1;0.01;64;0.8;0.999;1.00E-08;0.025706437;-0.026567626;504;1.21
relu;(50, 50, 50);0;0.03;l1;0.0001;32;0.99;0.999;1.00E-08;0.025706718;-0.02657887;506;0.43
relu;(100, 50, 25);0.3;0.03;l1;0.0001;64;0.99;0.999;1.00E-06;0.025707663;-0.026616586;504;1.4
relu;(100, 100, 100, 50);0.3;0.01;l1;0.01;16;0.8;0.99;1.00E-08;0.025708786;-0.026661423;506;0.82
relu;(100, 100, 100, 50);0;0.001;l1;0.01;32;0.9;0.99;1.00E-06;0.0257091;-0.026673984;506;1.43
relu;(50, 50, 50);0.3;0.001;l2;0.01;16;0.99;0.999;1.00E-08;0.02570951;-0.02669034;506;0.52
relu;(100, 50, 25);0.1;0.001;none;1.00E-05;32;0.9;0.9;1.00E-06;0.025709823;-0.026702852;506;0.41
relu;(100, 100, 100, 50);0.3;0.001;l1;1.00E-05;32;0.9;0.99;1.00E-08;0.025711163;-0.026756346;506;0.86
relu;(50, 50, 50);0.1;0.03;l1;0.01;64;0.9;0.999;1.00E-06;0.02571143;-0.026767016;504;0.77
relu;(100, 50, 25);0.3;0.03;l2;0.01;32;0.99;0.9;1.00E-08;0.025711514;-0.026770373;506;1.58
relu;(100, 100, 100, 50);0.3;0.03;l1;0.01;64;0.99;0.99;1.00E-06;0.025712211;-0.026798209;504;2.13
relu;(100, 100, 100, 50);0.1;0.001;none;0.0001;64;0.9;0.99;1.00E-06;0.025713331;-0.026842948;504;1.74
relu;(50, 50, 50);0.3;0.03;l1;0.0001;32;0.9;0.999;1.00E-08;0.025713457;-0.026847975;506;0.68
relu;(100, 100, 100, 50);0;0.001;l1;0.01;32;0.8;0.99;1.00E-08;0.025713722;-0.026858551;506;1.42
relu;(100, 50, 25);0.1;0.001;l1;1.00E-05;64;0.9;0.9;1.00E-08;0.025714807;-0.026901902;504;1.26
relu;(100, 100, 100, 50);0.1;0.03;none;0.01;64;0.99;0.99;1.00E-06;0.025715052;-0.026911668;504;1.72
relu;(100, 50, 25);0.3;0.01;none;0.01;64;0.99;0.999;1.00E-08;0.025715199;-0.026917552;504;0.65
relu;(100, 50, 25);0.1;0.001;none;1.00E-05;16;0.9;0.999;1.00E-08;0.02571521;-0.026917968;506;0.43
relu;(100, 50, 25);0;0.001;l1;0.01;32;0.99;0.9;1.00E-06;0.02571562;-0.026934335;506;0.91
relu;(100, 100, 100, 50);0.3;0.01;l2;1.00E-05;64;0.99;0.99;1.00E-08;0.025716261;-0.026959945;504;0.96
relu;(100, 50, 25);0.3;0.001;l2;0.0001;32;0.8;0.9;1.00E-08;0.025718057;-0.027031657;506;0.37
relu;(100, 100, 100, 50);0.3;0.03;l2;0.01;64;0.8;0.99;1.00E-06;0.025718421;-0.0270462;504;1.55
relu;(100, 100, 100, 50);0.1;0.03;none;0.0001;16;0.8;0.999;1.00E-08;0.025718545;-0.027051143;506;1.36
relu;(50, 50, 50);0;0.01;l1;0.01;64;0.8;0.99;1.00E-06;0.025718756;-0.027059603;504;0.59
relu;(50, 50, 50);0.3;0.03;l1;0.0001;64;0.9;0.9;1.00E-06;0.025718848;-0.027063258;504;0.93
relu;(50, 50, 50);0.3;0.01;l1;0.0001;64;0.8;0.999;1.00E-08;0.025719068;-0.027072028;504;0.7
relu;(100, 50, 25);0;0.03;l1;0.01;16;0.9;0.9;1.00E-06;0.02572159;-0.027172758;506;0.35
relu;(100, 100, 100, 50);0.3;0.03;l1;0.01;16;0.9;0.9;1.00E-06;0.025721628;-0.027174291;506;0.64
relu;(50, 50, 50);0.3;0.03;l2;0.01;16;0.9;0.99;1.00E-08;0.025721675;-0.027176155;506;1.5
relu;(100, 50, 25);0.3;0.01;l2;1.00E-05;16;0.9;0.9;1.00E-06;0.025722459;-0.027207463;506;0.33
relu;(50, 50, 50);0.1;0.03;l2;0.0001;32;0.99;0.99;1.00E-08;0.025722606;-0.027213326;506;0.68
relu;(100, 50, 25);0;0.01;l2;0.0001;16;0.8;0.999;1.00E-08;0.02572271;-0.027217465;506;0.3
relu;(100, 100, 100, 50);0.3;0.03;l2;0.01;32;0.9;0.9;1.00E-06;0.025722741;-0.027218709;506;1.37
relu;(100, 100, 100, 50);0.1;0.001;none;1.00E-05;16;0.8;0.9;1.00E-06;0.025723652;-0.027255092;506;1.55
relu;(100, 100, 100, 50);0.1;0.03;none;0.0001;64;0.8;0.99;1.00E-06;0.025723888;-0.027264519;504;1.79
relu;(100, 100, 100, 50);0.1;0.01;l1;0.01;32;0.9;0.999;1.00E-06;0.025724614;-0.027293534;506;1.82
relu;(50, 50, 50);0.3;0.001;none;1.00E-05;16;0.9;0.999;1.00E-08;0.025725864;-0.027343447;506;0.52
relu;(100, 100, 100, 50);0.1;0.03;none;0.01;64;0.99;0.99;1.00E-08;0.02572642;-0.027365642;504;1.78
relu;(50, 50, 50);0.3;0.03;none;1.00E-05;16;0.99;0.99;1.00E-08;0.025726534;-0.027370197;506;0.6
relu;(100, 100, 100, 50);0.1;0.01;l2;0.01;16;0.9;0.9;1.00E-08;0.025726841;-0.027382453;506;1.4
relu;(100, 50, 25);0;0.03;none;0.0001;64;0.99;0.9;1.00E-06;0.025728066;-0.027431376;504;0.43
relu;(100, 50, 25);0.3;0.03;l1;0.01;32;0.9;0.99;1.00E-08;0.025728217;-0.02743742;506;1.32
relu;(100, 50, 25);0;0.001;none;0.01;32;0.8;0.99;1.00E-06;0.025728228;-0.027437845;506;1.51
relu;(50, 50, 50);0;0.03;l2;0.0001;32;0.99;0.99;1.00E-08;0.025728343;-0.027442446;506;0.94
relu;(100, 50, 25);0.3;0.01;l2;1.00E-05;32;0.99;0.99;1.00E-08;0.025729945;-0.027506397;506;0.36
relu;(100, 50, 25);0.3;0.03;l2;0.0001;64;0.9;0.9;1.00E-06;0.0257301;-0.027512605;504;1.02
relu;(100, 100, 100, 50);0.3;0.03;none;0.01;16;0.99;0.9;1.00E-06;0.025730443;-0.027526305;506;0.59
relu;(100, 100, 100, 50);0;0.03;l2;0.0001;16;0.99;0.9;1.00E-08;0.025731159;-0.027554896;506;0.97
relu;(100, 50, 25);0;0.001;none;1.00E-05;32;0.99;0.99;1.00E-08;0.025731607;-0.027572763;506;1.36
relu;(50, 50, 50);0.3;0.001;l1;0.01;64;0.8;0.999;1.00E-08;0.025731885;-0.027583881;504;0.79
relu;(50, 50, 50);0;0.001;l1;0.01;32;0.99;0.9;1.00E-06;0.025732424;-0.027605392;506;0.4
relu;(50, 50, 50);0.1;0.03;l1;1.00E-05;64;0.9;0.99;1.00E-06;0.025732572;-0.027611317;504;0.61
relu;(50, 50, 50);0.3;0.03;none;0.01;64;0.8;0.99;1.00E-06;0.02573352;-0.02764918;504;0.68
relu;(50, 50, 50);0.3;0.01;l1;0.01;16;0.99;0.999;1.00E-06;0.025733535;-0.027649753;506;0.55
relu;(100, 100, 100, 50);0.3;0.03;l2;1.00E-05;64;0.99;0.999;1.00E-06;0.025733536;-0.027649825;504;1.58
relu;(100, 50, 25);0.3;0.01;l2;0.01;64;0.99;0.999;1.00E-08;0.025733885;-0.027663729;504;1.27
relu;(100, 100, 100, 50);0.3;0.03;l2;0.01;32;0.99;0.999;1.00E-08;0.025734133;-0.027673652;506;1.38
relu;(100, 50, 25);0.1;0.03;none;1.00E-05;32;0.99;0.99;1.00E-06;0.025735962;-0.027746699;506;1.08
relu;(100, 100, 100, 50);0.1;0.03;none;0.0001;16;0.99;0.99;1.00E-06;0.025736442;-0.027765852;506;1.32
relu;(50, 50, 50);0;0.01;none;0.0001;32;0.8;0.99;1.00E-08;0.025737576;-0.027811145;506;0.39
relu;(50, 50, 50);0.1;0.001;l1;1.00E-05;32;0.9;0.999;1.00E-06;0.025737676;-0.027815156;506;0.46
relu;(100, 100, 100, 50);0.1;0.03;l2;0.01;32;0.8;0.999;1.00E-08;0.025738379;-0.027843214;506;0.77
relu;(50, 50, 50);0.3;0.001;l1;0.01;16;0.9;0.99;1.00E-08;0.025738478;-0.027847173;506;0.7
relu;(50, 50, 50);0.3;0.001;l1;0.01;32;0.9;0.99;1.00E-06;0.02573915;-0.027874;506;0.9
relu;(50, 50, 50);0.3;0.03;l2;0.01;16;0.8;0.999;1.00E-06;0.025739381;-0.027883222;506;0.47
relu;(100, 100, 100, 50);0.3;0.03;l1;1.00E-05;16;0.8;0.999;1.00E-08;0.025742227;-0.027996874;506;1.85
relu;(50, 50, 50);0.1;0.001;l2;0.0001;32;0.99;0.9;1.00E-08;0.025742304;-0.027999959;506;0.41
relu;(100, 50, 25);0.3;0.001;l2;1.00E-05;16;0.8;0.999;1.00E-08;0.025742934;-0.028025125;506;0.34
relu;(50, 50, 50);0.3;0.001;none;0.01;32;0.99;0.99;1.00E-08;0.025743837;-0.02806116;506;0.72
relu;(100, 50, 25);0.1;0.001;l2;1.00E-05;16;0.9;0.99;1.00E-06;0.025744687;-0.028095115;506;0.73
relu;(50, 50, 50);0.3;0.03;none;0.01;16;0.9;0.9;1.00E-08;0.025745142;-0.028113274;506;0.49
relu;(50, 50, 50);0.1;0.001;none;0.0001;16;0.8;0.999;1.00E-08;0.025746013;-0.028148091;506;0.39
relu;(100, 100, 100, 50);0.3;0.01;none;0.0001;64;0.9;0.99;1.00E-06;0.025746972;-0.028186378;504;0.98
relu;(50, 50, 50);0;0.001;l1;0.0001;64;0.8;0.999;1.00E-06;0.025747452;-0.028205529;504;1.38
relu;(100, 100, 100, 50);0.3;0.01;none;1.00E-05;16;0.9;0.9;1.00E-08;0.025747685;-0.028214824;506;0.84
relu;(100, 50, 25);0.1;0.01;none;0.0001;16;0.99;0.9;1.00E-06;0.025748241;-0.028237064;506;0.82
relu;(50, 50, 50);0.3;0.03;l1;0.0001;32;0.8;0.9;1.00E-06;0.025750027;-0.028308383;506;0.77
relu;(100, 100, 100, 50);0.1;0.001;none;1.00E-05;32;0.8;0.9;1.00E-06;0.025751491;-0.028366812;506;1.7
relu;(100, 100, 100, 50);0.3;0.01;l2;0.01;64;0.8;0.9;1.00E-06;0.025752358;-0.02840146;504;0.98
relu;(100, 100, 100, 50);0.1;0.001;l1;0.01;64;0.9;0.9;1.00E-06;0.025752598;-0.02841104;504;2.13
relu;(50, 50, 50);0;0.001;l1;0.01;64;0.8;0.99;1.00E-06;0.025752936;-0.028424549;504;0.52
relu;(100, 100, 100, 50);0.3;0.001;l2;1.00E-05;32;0.99;0.99;1.00E-08;0.025753074;-0.028430029;506;0.99
relu;(50, 50, 50);0.1;0.001;l1;0.0001;16;0.99;0.9;1.00E-06;0.025753206;-0.028435316;506;0.41
relu;(100, 100, 100, 50);0;0.001;l1;0.01;64;0.9;0.9;1.00E-08;0.025754603;-0.028491112;504;1.67
relu;(100, 50, 25);0;0.001;l1;0.01;32;0.99;0.999;1.00E-08;0.025754955;-0.02850518;506;0.8
relu;(50, 50, 50);0;0.03;l1;0.01;16;0.99;0.99;1.00E-06;0.025755106;-0.028511202;506;0.4
relu;(100, 100, 100, 50);0.3;0.001;none;0.01;64;0.9;0.9;1.00E-06;0.025755222;-0.028515825;504;0.97
relu;(100, 100, 100, 50);0.3;0.03;l1;0.01;16;0.9;0.99;1.00E-06;0.025755355;-0.028521134;506;0.91
relu;(100, 100, 100, 50);0.1;0.001;l1;0.0001;16;0.99;0.9;1.00E-06;0.025756095;-0.028550703;506;1.39
relu;(100, 100, 100, 50);0.1;0.03;none;1.00E-05;64;0.9;0.9;1.00E-08;0.025756264;-0.028557432;504;1.7
relu;(100, 100, 100, 50);0.3;0.03;l1;0.0001;32;0.99;0.99;1.00E-06;0.025757921;-0.028623592;506;1.69
relu;(100, 100, 100, 50);0.1;0.001;l1;0.01;16;0.8;0.99;1.00E-08;0.025758188;-0.028634274;506;1.62
relu;(50, 50, 50);0.1;0.03;l1;0.0001;32;0.8;0.999;1.00E-08;0.025759304;-0.028678847;506;0.59
relu;(100, 100, 100, 50);0.1;0.001;l2;0.0001;32;0.9;0.999;1.00E-06;0.02575935;-0.028680658;506;1.59
relu;(100, 50, 25);0.3;0.01;none;1.00E-05;64;0.99;0.99;1.00E-08;0.025759964;-0.028705192;504;0.47
relu;(100, 100, 100, 50);0;0.01;none;1.00E-05;16;0.99;0.9;1.00E-08;0.025760419;-0.028723367;506;1.14
relu;(100, 100, 100, 50);0.1;0.001;l1;0.01;64;0.8;0.999;1.00E-06;0.025761408;-0.028762859;504;2.16
relu;(100, 100, 100, 50);0.3;0.01;none;0.01;32;0.99;0.9;1.00E-08;0.025762015;-0.028787094;506;0.7
relu;(50, 50, 50);0.3;0.03;l1;0.0001;64;0.99;0.9;1.00E-08;0.025762343;-0.028800212;504;0.92
relu;(50, 50, 50);0;0.03;none;1.00E-05;32;0.99;0.9;1.00E-06;0.025762446;-0.028804295;506;0.32
relu;(50, 50, 50);0.3;0.01;none;0.01;32;0.8;0.9;1.00E-08;0.025762453;-0.028804582;506;0.64
relu;(100, 100, 100, 50);0.1;0.01;l1;0.01;16;0.8;0.999;1.00E-08;0.025762705;-0.028814671;506;1.6
relu;(50, 50, 50);0.3;0.01;none;0.01;64;0.99;0.9;1.00E-06;0.025762893;-0.028822171;504;0.81
relu;(100, 50, 25);0.3;0.001;l1;1.00E-05;32;0.99;0.999;1.00E-08;0.025763604;-0.028850551;506;0.41
relu;(100, 100, 100, 50);0.1;0.001;l2;1.00E-05;32;0.99;0.99;1.00E-06;0.02576398;-0.028865572;506;1.3
relu;(50, 50, 50);0.1;0.01;l1;0.01;16;0.8;0.9;1.00E-06;0.025764162;-0.02887285;506;0.74
relu;(100, 50, 25);0;0.03;l2;0.01;64;0.99;0.9;1.00E-08;0.025764399;-0.028882323;504;0.41
relu;(100, 100, 100, 50);0.1;0.03;l2;0.01;32;0.99;0.9;1.00E-08;0.025764813;-0.02889884;506;0.75
relu;(50, 50, 50);0.3;0.01;l1;0.01;32;0.99;0.99;1.00E-06;0.0257656;-0.028930257;506;0.61
relu;(100, 100, 100, 50);0;0.001;none;0.01;16;0.9;0.9;1.00E-06;0.025765853;-0.028940359;506;1.32
relu;(50, 50, 50);0.1;0.001;l1;0.0001;64;0.99;0.999;1.00E-06;0.025766819;-0.028978947;504;0.58
relu;(50, 50, 50);0.1;0.001;none;0.01;64;0.8;0.99;1.00E-06;0.025766933;-0.028983505;504;0.46
relu;(100, 100, 100, 50);0.1;0.001;l1;1.00E-05;64;0.99;0.999;1.00E-08;0.025767826;-0.029019162;504;1.71
relu;(100, 100, 100, 50);0.3;0.01;l2;0.01;32;0.99;0.999;1.00E-08;0.025768054;-0.029028276;506;0.85
relu;(50, 50, 50);0;0.001;none;0.0001;32;0.99;0.999;1.00E-06;0.025768125;-0.029031103;506;0.4
relu;(100, 100, 100, 50);0.1;0.001;l2;0.01;32;0.9;0.99;1.00E-06;0.025768392;-0.029041763;506;1.68
relu;(100, 50, 25);0.3;0.03;l2;0.0001;32;0.9;0.999;1.00E-06;0.025768994;-0.029065802;506;1.03
relu;(100, 100, 100, 50);0.3;0.03;l2;0.0001;16;0.99;0.999;1.00E-06;0.025769902;-0.029102065;506;0.92
relu;(100, 100, 100, 50);0;0.01;l1;0.01;32;0.99;0.9;1.00E-06;0.025770892;-0.029141602;506;1.14
relu;(100, 50, 25);0;0.001;l1;0.01;64;0.8;0.9;1.00E-06;0.025771322;-0.029158784;504;0.96
relu;(100, 100, 100, 50);0.1;0.001;none;0.01;64;0.8;0.9;1.00E-06;0.025771827;-0.029178919;504;1.95
relu;(50, 50, 50);0.3;0.03;l1;0.0001;64;0.9;0.99;1.00E-08;0.025772239;-0.029195383;504;0.83
relu;(100, 100, 100, 50);0.3;0.01;l1;1.00E-05;16;0.99;0.999;1.00E-08;0.025772681;-0.029213024;506;0.95
relu;(100, 100, 100, 50);0.1;0.001;l1;0.01;32;0.99;0.999;1.00E-08;0.025772823;-0.029218701;506;2.09
relu;(100, 100, 100, 50);0.1;0.001;l1;0.01;16;0.8;0.999;1.00E-08;0.025772985;-0.029225175;506;1.7
relu;(50, 50, 50);0.3;0.03;l2;0.0001;64;0.9;0.999;1.00E-08;0.025773724;-0.029254707;504;1.12
relu;(100, 100, 100, 50);0;0.001;l1;0.01;16;0.9;0.99;1.00E-06;0.025778014;-0.029426007;506;1.21
relu;(100, 50, 25);0.3;0.03;l1;1.00E-05;16;0.8;0.99;1.00E-06;0.025778395;-0.029441211;506;0.98
relu;(50, 50, 50);0.1;0.03;l2;0.0001;16;0.99;0.99;1.00E-06;0.025778668;-0.029452141;506;0.49
relu;(50, 50, 50);0.1;0.03;l2;0.01;16;0.8;0.99;1.00E-08;0.025778704;-0.029453564;506;0.65
relu;(100, 50, 25);0.3;0.01;l2;1.00E-05;32;0.9;0.99;1.00E-06;0.02577954;-0.029486964;506;0.39
relu;(100, 50, 25);0.3;0.01;l2;1.00E-05;64;0.99;0.999;1.00E-08;0.025779603;-0.029489474;504;0.47
relu;(100, 100, 100, 50);0.3;0.001;none;0.01;32;0.8;0.999;1.00E-08;0.025779725;-0.029494331;506;0.78
relu;(50, 50, 50);0.3;0.01;l1;1.00E-05;64;0.99;0.9;1.00E-08;0.025780216;-0.029513925;504;0.95
relu;(50, 50, 50);0;0.01;none;1.00E-05;32;0.8;0.999;1.00E-06;0.025781759;-0.02957557;506;0.33
relu;(50, 50, 50);0;0.01;l1;0.0001;16;0.9;0.99;1.00E-06;0.025781958;-0.029583497;506;0.36
relu;(50, 50, 50);0;0.001;l1;0.01;32;0.8;0.99;1.00E-08;0.025783169;-0.029631877;506;0.99
relu;(50, 50, 50);0;0.03;l1;0.01;64;0.99;0.99;1.00E-08;0.025783745;-0.029654886;504;0.44
relu;(50, 50, 50);0.3;0.001;l2;0.01;64;0.9;0.99;1.00E-08;0.025783928;-0.029662171;504;0.53
relu;(100, 50, 25);0.1;0.001;l1;0.01;64;0.8;0.99;1.00E-06;0.025784544;-0.02968676;504;1.21
relu;(100, 50, 25);0;0.001;l1;0.01;16;0.99;0.999;1.00E-06;0.025785256;-0.029715197;506;0.88
relu;(100, 50, 25);0.3;0.001;l1;0.01;32;0.9;0.999;1.00E-08;0.025785809;-0.029737296;506;0.44
relu;(100, 100, 100, 50);0.1;0.03;l2;1.00E-05;64;0.99;0.99;1.00E-08;0.025785991;-0.029744574;504;1.3
relu;(50, 50, 50);0;0.001;none;0.0001;64;0.9;0.99;1.00E-08;0.025786083;-0.029748249;504;0.47
relu;(100, 100, 100, 50);0;0.001;none;0.0001;32;0.9;0.9;1.00E-08;0.025786228;-0.029754035;506;1.05
relu;(50, 50, 50);0.3;0.03;l1;1.00E-05;64;0.9;0.9;1.00E-06;0.025786472;-0.029763761;504;0.72
relu;(100, 100, 100, 50);0.1;0.03;l2;0.0001;32;0.9;0.9;1.00E-08;0.025786867;-0.029779559;506;0.7
relu;(100, 100, 100, 50);0.3;0.01;none;0.0001;16;0.99;0.999;1.00E-08;0.025787926;-0.02982184;506;0.63
relu;(50, 50, 50);0.3;0.03;l1;1.00E-05;64;0.99;0.99;1.00E-06;0.025788279;-0.029835943;504;0.73
relu;(100, 100, 100, 50);0;0.001;l1;0.01;32;0.8;0.999;1.00E-06;0.025788693;-0.029852451;506;1.5
relu;(50, 50, 50);0.3;0.03;l2;1.00E-05;64;0.99;0.9;1.00E-08;0.025788784;-0.029856115;504;1.12
relu;(100, 100, 100, 50);0.1;0.001;l2;1.00E-05;32;0.9;0.9;1.00E-08;0.025788938;-0.029862261;506;1.39
relu;(100, 100, 100, 50);0.3;0.01;none;0.0001;64;0.99;0.9;1.00E-08;0.025789255;-0.02987491;504;0.99
relu;(100, 50, 25);0.3;0.01;l2;1.00E-05;32;0.99;0.99;1.00E-06;0.025789805;-0.029896884;506;0.37
relu;(50, 50, 50);0.1;0.001;l2;1.00E-05;32;0.9;0.99;1.00E-06;0.025790665;-0.029931223;506;0.44
relu;(100, 50, 25);0;0.001;none;0.01;16;0.8;0.9;1.00E-06;0.025790821;-0.029937437;506;1.39
relu;(100, 50, 25);0.1;0.001;none;1.00E-05;16;0.8;0.99;1.00E-08;0.025790889;-0.029940145;506;0.34
relu;(100, 50, 25);0.3;0.001;l2;1.00E-05;32;0.99;0.99;1.00E-06;0.025792347;-0.029998385;506;0.4
relu;(50, 50, 50);0.1;0.001;none;1.00E-05;32;0.8;0.99;1.00E-06;0.025793979;-0.030063554;506;0.39
relu;(100, 100, 100, 50);0.1;0.03;l1;0.01;16;0.99;0.999;1.00E-08;0.025794657;-0.030090642;506;0.71
relu;(50, 50, 50);0.1;0.03;l1;0.01;32;0.9;0.999;1.00E-08;0.025795877;-0.03013934;506;0.65
relu;(100, 100, 100, 50);0.3;0.03;none;0.0001;16;0.99;0.99;1.00E-06;0.025796116;-0.030148893;506;0.73
relu;(50, 50, 50);0.1;0.03;l1;0.0001;64;0.99;0.9;1.00E-06;0.025796732;-0.030173484;504;0.72
relu;(100, 100, 100, 50);0.1;0.01;l1;0.0001;32;0.99;0.99;1.00E-06;0.025797582;-0.030207432;506;2.03
relu;(50, 50, 50);0.1;0.001;l1;0.01;32;0.8;0.99;1.00E-08;0.02579759;-0.030207747;506;0.48
relu;(100, 50, 25);0;0.001;l1;1.00E-05;64;0.9;0.999;1.00E-08;0.025797808;-0.030216473;504;0.75
relu;(100, 50, 25);0.1;0.03;none;0.01;32;0.99;0.999;1.00E-08;0.025797919;-0.030220898;506;0.84
relu;(100, 100, 100, 50);0.3;0.03;l1;0.01;32;0.9;0.9;1.00E-08;0.025798076;-0.030227176;506;0.95
relu;(100, 50, 25);0.1;0.03;l1;0.0001;64;0.9;0.99;1.00E-08;0.025798306;-0.030236335;504;1.3
relu;(50, 50, 50);0.1;0.001;l1;0.0001;32;0.8;0.9;1.00E-06;0.025798517;-0.030244791;506;0.5
relu;(100, 50, 25);0.1;0.03;l1;0.01;64;0.9;0.9;1.00E-06;0.02579915;-0.03027007;504;1.21
relu;(100, 100, 100, 50);0.1;0.001;l1;0.0001;16;0.9;0.999;1.00E-08;0.025799177;-0.030271127;506;1.39
relu;(50, 50, 50);0.3;0.01;l1;0.01;16;0.99;0.999;1.00E-08;0.02579936;-0.030278461;506;0.57
relu;(50, 50, 50);0;0.001;none;0.01;32;0.9;0.999;1.00E-08;0.025799381;-0.030279303;506;0.85
relu;(50, 50, 50);0.3;0.001;l1;0.01;64;0.99;0.99;1.00E-06;0.025802999;-0.030423754;504;0.86
relu;(100, 100, 100, 50);0.3;0.01;l1;0.01;16;0.99;0.99;1.00E-06;0.025803114;-0.030428355;506;0.74
relu;(100, 100, 100, 50);0.3;0.01;l1;0.01;16;0.99;0.9;1.00E-08;0.025805983;-0.030542932;506;0.93
relu;(50, 50, 50);0.1;0.01;l1;0.0001;16;0.99;0.9;1.00E-06;0.025806619;-0.030568328;506;0.67
relu;(100, 50, 25);0;0.01;l1;0.01;64;0.9;0.99;1.00E-08;0.025807745;-0.030613281;504;0.42
relu;(100, 100, 100, 50);0.1;0.001;l1;1.00E-05;16;0.99;0.9;1.00E-06;0.025807942;-0.030621146;506;1.67
relu;(50, 50, 50);0.3;0.03;l2;1.00E-05;16;0.99;0.99;1.00E-08;0.02580971;-0.030691754;506;0.98
relu;(100, 50, 25);0.1;0.001;l2;1.00E-05;64;0.99;0.9;1.00E-08;0.025813002;-0.030823221;504;1.05
relu;(100, 50, 25);0;0.001;none;0.01;64;0.8;0.999;1.00E-06;0.025813558;-0.030845424;504;0.76
relu;(100, 100, 100, 50);0;0.001;l2;1.00E-05;16;0.9;0.999;1.00E-06;0.02581373;-0.030852319;506;1.23
relu;(100, 100, 100, 50);0.1;0.01;l1;1.00E-05;64;0.99;0.9;1.00E-06;0.025813785;-0.030854509;504;2.19
relu;(50, 50, 50);0.1;0.03;l1;0.01;64;0.8;0.9;1.00E-06;0.025814259;-0.030873427;504;0.91
relu;(100, 100, 100, 50);0.1;0.03;l2;1.00E-05;32;0.99;0.99;1.00E-08;0.025814319;-0.030875806;506;0.87
relu;(100, 50, 25);0.3;0.001;none;0.01;16;0.99;0.9;1.00E-06;0.025814533;-0.030884365;506;0.36
relu;(100, 50, 25);0.1;0.001;none;0.01;16;0.9;0.9;1.00E-08;0.025814615;-0.030887622;506;0.4
relu;(100, 50, 25);0.3;0.03;l1;1.00E-05;64;0.99;0.99;1.00E-06;0.025816114;-0.030947522;504;1.39
relu;(100, 100, 100, 50);0;0.001;l2;1.00E-05;16;0.8;0.99;1.00E-06;0.025816117;-0.030947616;506;1.19
relu;(100, 50, 25);0.3;0.03;l2;0.01;16;0.9;0.9;1.00E-06;0.025817489;-0.031002405;506;1.02
relu;(100, 100, 100, 50);0.3;0.03;none;0.0001;16;0.9;0.9;1.00E-08;0.025817912;-0.031019289;506;0.71
relu;(100, 50, 25);0.3;0.03;l2;0.0001;16;0.99;0.9;1.00E-06;0.025818554;-0.031044923;506;0.94
relu;(100, 100, 100, 50);0;0.001;l1;0.01;64;0.99;0.99;1.00E-08;0.02582011;-0.031107074;504;1.73
relu;(50, 50, 50);0;0.001;l2;1.00E-05;64;0.99;0.99;1.00E-08;0.025821299;-0.031154562;504;0.38
relu;(50, 50, 50);0.1;0.001;none;0.01;16;0.99;0.999;1.00E-06;0.025821575;-0.031165581;506;0.38
relu;(100, 100, 100, 50);0;0.03;l1;0.01;64;0.8;0.999;1.00E-08;0.025822598;-0.031206457;504;1.7
relu;(100, 100, 100, 50);0.3;0.01;none;0.0001;32;0.9;0.9;1.00E-06;0.025825981;-0.031341535;506;0.71
relu;(100, 100, 100, 50);0.3;0.001;none;0.01;32;0.8;0.9;1.00E-06;0.025826095;-0.03134608;506;0.64
relu;(50, 50, 50);0.1;0.01;l2;0.01;64;0.99;0.99;1.00E-08;0.025826173;-0.031349205;504;0.89
relu;(100, 100, 100, 50);0.1;0.03;l1;0.01;16;0.99;0.99;1.00E-06;0.02582626;-0.031352682;506;0.69
relu;(50, 50, 50);0.1;0.01;none;0.0001;64;0.9;0.99;1.00E-08;0.025826271;-0.031353101;504;0.83
relu;(50, 50, 50);0;0.001;l1;0.01;16;0.9;0.99;1.00E-08;0.025826585;-0.031365641;506;0.95
relu;(100, 100, 100, 50);0.1;0.03;l1;0.0001;64;0.99;0.999;1.00E-06;0.025827807;-0.031414469;504;1.12
relu;(100, 50, 25);0;0.001;l1;1.00E-05;64;0.8;0.999;1.00E-08;0.025828826;-0.031455155;504;0.88
relu;(50, 50, 50);0;0.01;l2;1.00E-05;64;0.8;0.99;1.00E-08;0.02582898;-0.031461294;504;0.39
relu;(100, 50, 25);0.1;0.001;none;1.00E-05;64;0.99;0.9;1.00E-08;0.025829028;-0.031463227;504;0.48
relu;(100, 50, 25);0;0.001;l2;0.0001;64;0.9;0.999;1.00E-08;0.025829327;-0.031475152;504;0.94
relu;(50, 50, 50);0.1;0.01;l1;0.01;64;0.8;0.9;1.00E-06;0.025829339;-0.031475627;504;0.7
relu;(100, 50, 25);0.1;0.001;l2;1.00E-05;16;0.99;0.9;1.00E-06;0.025829652;-0.031488121;506;0.67
relu;(100, 100, 100, 50);0.3;0.03;l2;0.01;16;0.8;0.99;1.00E-08;0.025830786;-0.031533437;506;1.16
relu;(100, 100, 100, 50);0.3;0.01;l2;1.00E-05;16;0.9;0.999;1.00E-06;0.025830962;-0.031540437;506;0.64
relu;(100, 50, 25);0.3;0.03;l1;1.00E-05;16;0.99;0.9;1.00E-06;0.025831465;-0.031560536;506;1.12
relu;(100, 50, 25);0.1;0.03;none;0.01;64;0.99;0.9;1.00E-08;0.025831946;-0.03157973;504;1.12
relu;(100, 50, 25);0.3;0.03;none;0.01;32;0.8;0.999;1.00E-06;0.025832293;-0.031593596;506;0.83
relu;(100, 50, 25);0.3;0.01;l1;1.00E-05;16;0.8;0.99;1.00E-08;0.025832739;-0.031611422;506;0.7
relu;(50, 50, 50);0;0.001;l1;0.0001;16;0.8;0.99;1.00E-08;0.02583303;-0.031623047;506;1.15
relu;(100, 50, 25);0.1;0.03;l2;0.0001;32;0.99;0.999;1.00E-08;0.025834203;-0.031669862;506;0.86
relu;(50, 50, 50);0.3;0.03;none;0.01;64;0.8;0.99;1.00E-08;0.025834965;-0.031700293;504;0.6
relu;(50, 50, 50);0;0.01;none;1.00E-05;64;0.9;0.999;1.00E-06;0.025836418;-0.031758333;504;0.44
relu;(100, 50, 25);0;0.01;l1;0.01;16;0.8;0.999;1.00E-08;0.025837145;-0.031787364;506;0.39
relu;(100, 100, 100, 50);0.1;0.01;none;0.0001;16;0.8;0.999;1.00E-08;0.025838278;-0.0318326;506;1.33
relu;(100, 100, 100, 50);0;0.001;none;0.01;32;0.8;0.999;1.00E-06;0.025838578;-0.031844574;506;1.29
relu;(50, 50, 50);0.1;0.03;none;0.01;32;0.99;0.999;1.00E-06;0.025838766;-0.031852075;506;0.76
relu;(100, 50, 25);0.1;0.001;none;0.0001;16;0.9;0.9;1.00E-06;0.025839473;-0.031880318;506;0.33
relu;(100, 50, 25);0;0.01;l2;1.00E-05;64;0.99;0.99;1.00E-08;0.025840144;-0.031907116;504;0.4
relu;(100, 50, 25);0;0.001;none;0.01;32;0.99;0.99;1.00E-06;0.025840166;-0.031908006;506;0.71
relu;(100, 50, 25);0;0.001;none;1.00E-05;32;0.9;0.9;1.00E-06;0.025840675;-0.031928341;506;1.46
relu;(100, 100, 100, 50);0.3;0.001;l2;0.01;16;0.8;0.9;1.00E-06;0.025841151;-0.03194732;506;1.06
relu;(100, 50, 25);0.1;0.001;none;0.0001;16;0.8;0.999;1.00E-06;0.025841178;-0.031948401;506;0.33
relu;(100, 100, 100, 50);0.3;0.01;none;0.01;64;0.99;0.999;1.00E-08;0.025841394;-0.031957024;504;0.95
relu;(50, 50, 50);0;0.001;l1;1.00E-05;16;0.9;0.999;1.00E-06;0.025846399;-0.032156901;506;1.26
relu;(100, 100, 100, 50);0;0.001;l1;0.01;16;0.9;0.999;1.00E-06;0.025847107;-0.03218519;506;1.29
relu;(50, 50, 50);0;0.03;l1;0.01;32;0.9;0.999;1.00E-06;0.025848308;-0.032233143;506;0.39
relu;(100, 100, 100, 50);0.3;0.03;none;1.00E-05;32;0.8;0.9;1.00E-06;0.025849468;-0.032279467;506;0.73
relu;(50, 50, 50);0.1;0.001;l1;0.01;64;0.99;0.99;1.00E-06;0.025849492;-0.032280418;504;0.54
relu;(100, 50, 25);0.1;0.03;none;0.01;32;0.99;0.99;1.00E-08;0.025849799;-0.032292696;506;0.79
relu;(100, 50, 25);0.3;0.001;none;0.0001;64;0.99;0.999;1.00E-08;0.025850136;-0.032306132;504;0.73
relu;(50, 50, 50);0.1;0.001;none;0.01;32;0.9;0.9;1.00E-06;0.025850827;-0.032333758;506;0.44
relu;(100, 50, 25);0;0.001;none;1.00E-05;32;0.8;0.9;1.00E-08;0.025853214;-0.032429047;506;2.24
relu;(100, 100, 100, 50);0.1;0.03;none;0.0001;32;0.99;0.99;1.00E-08;0.025853516;-0.032441114;506;1.48
relu;(100, 50, 25);0.1;0.03;l2;0.0001;32;0.99;0.99;1.00E-06;0.025854423;-0.032477329;506;1.02
relu;(100, 100, 100, 50);0.1;0.001;l1;0.01;16;0.9;0.99;1.00E-08;0.025855043;-0.032502087;506;1.64
relu;(100, 50, 25);0.3;0.001;none;1.00E-05;32;0.8;0.999;1.00E-08;0.025857229;-0.032589381;506;0.46
relu;(100, 100, 100, 50);0;0.001;l1;0.01;32;0.8;0.9;1.00E-08;0.025857476;-0.032599253;506;1.4
relu;(50, 50, 50);0.3;0.03;none;0.01;32;0.8;0.99;1.00E-06;0.025857785;-0.032611623;506;0.64
relu;(100, 100, 100, 50);0;0.03;l1;0.01;64;0.8;0.99;1.00E-06;0.025858106;-0.032624404;504;1.7
relu;(100, 100, 100, 50);0.3;0.01;l1;0.0001;64;0.8;0.999;1.00E-06;0.025858317;-0.032632858;504;1.11
relu;(50, 50, 50);0.3;0.03;l2;0.0001;64;0.9;0.999;1.00E-06;0.025858506;-0.03264041;504;0.99
relu;(100, 100, 100, 50);0.3;0.03;none;1.00E-05;32;0.8;0.999;1.00E-08;0.025858807;-0.032652425;506;0.88
relu;(50, 50, 50);0;0.001;none;0.01;16;0.8;0.9;1.00E-06;0.025859922;-0.03269696;506;0.97
relu;(100, 100, 100, 50);0.3;0.01;l1;0.01;16;0.99;0.9;1.00E-06;0.025860449;-0.032717986;506;0.83
relu;(100, 100, 100, 50);0.3;0.001;none;0.01;16;0.99;0.9;1.00E-06;0.025860465;-0.032718616;506;0.61
relu;(50, 50, 50);0.3;0.03;none;0.0001;16;0.9;0.99;1.00E-06;0.025861439;-0.032757526;506;0.59
relu;(50, 50, 50);0.1;0.03;l2;1.00E-05;32;0.8;0.99;1.00E-08;0.025862223;-0.032788827;506;0.68
relu;(100, 100, 100, 50);0.1;0.03;l1;0.0001;16;0.99;0.999;1.00E-06;0.025862372;-0.032794793;506;1.29
relu;(100, 100, 100, 50);0.1;0.03;l1;1.00E-05;16;0.9;0.99;1.00E-06;0.025862477;-0.03279896;506;1.6
relu;(100, 50, 25);0.1;0.001;l1;0.01;16;0.9;0.999;1.00E-06;0.02586269;-0.032807497;506;1.13
relu;(50, 50, 50);0.1;0.01;l1;1.00E-05;16;0.99;0.999;1.00E-08;0.02586288;-0.032815084;506;0.63
relu;(50, 50, 50);0.1;0.03;none;1.00E-05;32;0.99;0.9;1.00E-06;0.025863217;-0.03282854;506;0.77
relu;(50, 50, 50);0.3;0.001;none;0.01;32;0.8;0.99;1.00E-08;0.025863334;-0.032833216;506;0.85
relu;(100, 100, 100, 50);0.3;0.01;l1;0.0001;64;0.9;0.99;1.00E-08;0.025863383;-0.032835154;504;1.28
relu;(100, 100, 100, 50);0;0.001;none;0.0001;32;0.9;0.9;1.00E-06;0.025866376;-0.032954684;506;1.08
relu;(100, 100, 100, 50);0.1;0.03;l2;1.00E-05;16;0.8;0.999;1.00E-06;0.025868388;-0.033035008;506;0.59
relu;(100, 100, 100, 50);0.1;0.03;l2;0.01;64;0.99;0.9;1.00E-06;0.025868395;-0.033035294;504;1.11
relu;(100, 100, 100, 50);0.3;0.01;l1;0.01;32;0.8;0.9;1.00E-08;0.025868847;-0.033053358;506;0.79
relu;(50, 50, 50);0.1;0.03;none;1.00E-05;32;0.99;0.99;1.00E-06;0.025870627;-0.033124447;506;0.55
relu;(100, 100, 100, 50);0.3;0.01;l1;0.01;32;0.99;0.999;1.00E-06;0.025872102;-0.033183362;506;0.84
relu;(100, 100, 100, 50);0;0.01;l1;0.01;32;0.8;0.999;1.00E-08;0.025872515;-0.033199842;506;1.17
relu;(50, 50, 50);0.1;0.03;none;0.01;64;0.8;0.99;1.00E-08;0.0258727;-0.033207242;504;0.55
relu;(50, 50, 50);0.3;0.001;l1;0.01;16;0.9;0.999;1.00E-06;0.025873318;-0.033231909;506;0.73
relu;(50, 50, 50);0.3;0.01;l2;1.00E-05;64;0.99;0.9;1.00E-08;0.025873436;-0.033236599;504;0.76
relu;(50, 50, 50);0.3;0.03;l1;0.01;64;0.99;0.999;1.00E-06;0.025873715;-0.033247757;504;1.18
relu;(50, 50, 50);0.1;0.001;l1;0.0001;64;0.8;0.999;1.00E-06;0.025875123;-0.033303971;504;0.5
relu;(100, 50, 25);0.3;0.001;l1;0.0001;16;0.9;0.99;1.00E-06;0.025875841;-0.033332642;506;0.39
relu;(100, 100, 100, 50);0.3;0.03;none;0.0001;32;0.8;0.999;1.00E-08;0.025876496;-0.033358806;506;0.82
relu;(50, 50, 50);0.1;0.01;l1;0.01;64;0.99;0.99;1.00E-06;0.025877093;-0.033382656;504;0.91
relu;(100, 100, 100, 50);0;0.001;none;0.01;16;0.9;0.999;1.00E-06;0.025877448;-0.033396829;506;1.07
relu;(50, 50, 50);0.3;0.01;none;0.0001;16;0.99;0.999;1.00E-08;0.025878242;-0.033428532;506;0.58
relu;(100, 100, 100, 50);0.3;0.03;none;0.01;32;0.9;0.999;1.00E-06;0.025878865;-0.033453435;506;0.68
relu;(100, 100, 100, 50);0.3;0.001;l1;0.01;16;0.99;0.99;1.00E-08;0.025880456;-0.033516946;506;0.71
relu;(100, 100, 100, 50);0;0.001;none;0.0001;64;0.99;0.99;1.00E-08;0.025882852;-0.033612644;504;1.54
relu;(50, 50, 50);0.3;0.03;none;1.00E-05;64;0.9;0.99;1.00E-08;0.025884394;-0.033674202;504;0.98
relu;(100, 100, 100, 50);0.3;0.03;l2;0.0001;32;0.9;0.999;1.00E-08;0.025884826;-0.033691464;506;1.48
relu;(100, 100, 100, 50);0.3;0.001;l1;0.01;32;0.8;0.999;1.00E-06;0.025885372;-0.033713282;506;0.8
relu;(100, 50, 25);0.3;0.03;l2;1.00E-05;64;0.9;0.999;1.00E-06;0.025886797;-0.033770175;504;1
relu;(50, 50, 50);0.3;0.001;l2;0.01;16;0.9;0.99;1.00E-08;0.025887197;-0.033786135;506;0.51
relu;(100, 50, 25);0.3;0.03;none;1.00E-05;64;0.99;0.9;1.00E-08;0.025887418;-0.033794968;504;1.18
relu;(100, 100, 100, 50);0;0.001;l1;0.01;16;0.8;0.9;1.00E-08;0.02588881;-0.033850571;506;1.24
relu;(100, 100, 100, 50);0.3;0.03;l2;0.0001;64;0.8;0.99;1.00E-08;0.025889026;-0.033859183;504;1.63
relu;(100, 100, 100, 50);0.1;0.001;l1;0.01;32;0.9;0.99;1.00E-06;0.025890321;-0.033910907;506;2.03
relu;(100, 50, 25);0.1;0.001;l1;0.01;64;0.99;0.9;1.00E-08;0.025890842;-0.033931694;504;1.04
relu;(100, 50, 25);0.3;0.001;l2;0.0001;64;0.9;0.9;1.00E-06;0.025891265;-0.033948619;504;0.54
relu;(50, 50, 50);0.1;0.03;l1;0.0001;32;0.9;0.9;1.00E-06;0.02589131;-0.03395039;506;0.59
relu;(100, 50, 25);0.1;0.03;l1;1.00E-05;16;0.99;0.99;1.00E-06;0.025891348;-0.033951899;506;0.85
relu;(50, 50, 50);0;0.001;l2;1.00E-05;64;0.8;0.99;1.00E-06;0.025892152;-0.033984012;504;0.57
relu;(100, 100, 100, 50);0;0.001;none;1.00E-05;32;0.8;0.9;1.00E-08;0.025892869;-0.034012638;506;1.48
relu;(100, 100, 100, 50);0;0.03;l1;0.01;64;0.8;0.9;1.00E-08;0.025894299;-0.034069756;504;1.71
relu;(100, 100, 100, 50);0.1;0.03;l2;0.01;64;0.99;0.99;1.00E-08;0.025895299;-0.034109706;504;1.01
relu;(100, 50, 25);0.3;0.03;l2;0.01;64;0.99;0.999;1.00E-08;0.02589562;-0.034122508;504;1.33
relu;(100, 50, 25);0.1;0.03;l1;1.00E-05;16;0.8;0.99;1.00E-08;0.025897141;-0.034183276;506;0.86
relu;(100, 50, 25);0.3;0.01;none;1.00E-05;32;0.99;0.9;1.00E-08;0.025897146;-0.034183463;506;0.37
relu;(50, 50, 50);0.3;0.01;none;0.0001;32;0.99;0.999;1.00E-08;0.025898265;-0.034228154;506;0.82
relu;(100, 100, 100, 50);0.1;0.01;l1;0.01;32;0.8;0.9;1.00E-06;0.025898318;-0.034230242;506;2.21
relu;(100, 50, 25);0.3;0.01;l2;0.0001;64;0.99;0.99;1.00E-06;0.025898572;-0.034240418;504;1.07
relu;(100, 100, 100, 50);0.1;0.03;none;0.01;64;0.9;0.99;1.00E-08;0.02589921;-0.034265882;504;1.79
relu;(100, 100, 100, 50);0.3;0.03;l2;0.01;16;0.8;0.9;1.00E-06;0.0258998;-0.034289438;506;1.24
relu;(100, 50, 25);0.1;0.001;none;0.01;64;0.8;0.99;1.00E-08;0.025899932;-0.034294715;504;0.99
relu;(100, 50, 25);0.1;0.001;none;1.00E-05;64;0.8;0.999;1.00E-06;0.025900321;-0.034310267;504;0.71
relu;(100, 50, 25);0;0.001;none;0.0001;32;0.9;0.9;1.00E-06;0.025901477;-0.03435641;506;1.34
relu;(100, 100, 100, 50);0.3;0.03;none;1.00E-05;64;0.9;0.99;1.00E-08;0.025901833;-0.034370639;504;0.99
relu;(50, 50, 50);0.1;0.03;l2;1.00E-05;64;0.9;0.99;1.00E-06;0.025901856;-0.034371537;504;0.81
relu;(50, 50, 50);0.3;0.03;none;0.0001;64;0.9;0.999;1.00E-06;0.025902125;-0.034382301;504;0.57
relu;(50, 50, 50);0;0.03;none;1.00E-05;32;0.99;0.999;1.00E-06;0.02590246;-0.034395684;506;0.34
relu;(100, 100, 100, 50);0;0.001;l2;0.01;16;0.99;0.99;1.00E-06;0.025904539;-0.034478703;506;0.95
relu;(100, 50, 25);0.1;0.03;l1;0.0001;64;0.99;0.999;1.00E-08;0.025904603;-0.034481252;504;1.27
relu;(100, 100, 100, 50);0;0.01;none;0.01;32;0.8;0.9;1.00E-08;0.025904634;-0.034482482;506;1.03
relu;(100, 100, 100, 50);0.3;0.001;l1;0.01;64;0.99;0.99;1.00E-08;0.025905063;-0.034499609;504;1.08
relu;(100, 50, 25);0.3;0.03;none;1.00E-05;64;0.9;0.99;1.00E-08;0.025905153;-0.034503201;504;1.17
relu;(100, 100, 100, 50);0.3;0.01;l2;0.0001;16;0.99;0.9;1.00E-08;0.025905754;-0.034527194;506;0.64
relu;(50, 50, 50);0.3;0.01;none;0.01;64;0.9;0.999;1.00E-08;0.02590616;-0.034543408;504;0.91
relu;(100, 100, 100, 50);0.1;0.03;none;0.01;16;0.8;0.9;1.00E-06;0.025907225;-0.034585949;506;1.41
relu;(50, 50, 50);0.1;0.001;l2;0.0001;64;0.8;0.999;1.00E-08;0.025907586;-0.03460039;504;0.48
relu;(100, 100, 100, 50);0.3;0.03;l2;0.01;32;0.9;0.999;1.00E-06;0.025908338;-0.034630412;506;1.32
relu;(50, 50, 50);0.3;0.001;none;0.01;32;0.99;0.9;1.00E-06;0.02590885;-0.034650858;506;0.71
relu;(50, 50, 50);0;0.001;l1;1.00E-05;16;0.9;0.99;1.00E-06;0.025909207;-0.034665123;506;1.04
relu;(100, 100, 100, 50);0.3;0.03;l1;0.01;16;0.9;0.99;1.00E-08;0.025909364;-0.034671363;506;0.66
relu;(100, 100, 100, 50);0;0.001;l2;0.0001;64;0.99;0.99;1.00E-06;0.025909419;-0.034673576;504;1.23
relu;(100, 100, 100, 50);0;0.01;l1;1.00E-05;16;0.8;0.9;1.00E-08;0.025910668;-0.034723445;506;1.12
relu;(50, 50, 50);0;0.03;l1;0.01;64;0.8;0.9;1.00E-06;0.025911667;-0.034763337;504;0.45
relu;(100, 100, 100, 50);0.3;0.01;none;1.00E-05;64;0.99;0.9;1.00E-06;0.025912127;-0.034781713;504;1.05
relu;(50, 50, 50);0.1;0.01;l1;0.01;32;0.8;0.999;1.00E-06;0.025913031;-0.034817794;506;0.65
relu;(100, 50, 25);0.1;0.001;l2;0.01;16;0.99;0.9;1.00E-06;0.025913621;-0.03484137;506;0.94
relu;(100, 50, 25);0.3;0.01;l2;1.00E-05;64;0.9;0.999;1.00E-06;0.025913904;-0.034852692;504;0.46
relu;(100, 100, 100, 50);0.1;0.001;l1;0.01;16;0.9;0.99;1.00E-06;0.025914105;-0.034860705;506;1.67
relu;(100, 50, 25);0.1;0.001;l2;1.00E-05;64;0.9;0.999;1.00E-06;0.025914768;-0.034887197;504;0.96
relu;(100, 100, 100, 50);0.3;0.03;l1;1.00E-05;16;0.9;0.99;1.00E-08;0.025915942;-0.034934067;506;1.3
relu;(50, 50, 50);0.1;0.001;l1;0.01;32;0.99;0.99;1.00E-08;0.025916247;-0.034946242;506;0.48
relu;(50, 50, 50);0.1;0.001;l1;0.01;16;0.99;0.99;1.00E-06;0.025919846;-0.035089967;506;0.44
relu;(50, 50, 50);0;0.03;none;0.0001;32;0.9;0.99;1.00E-06;0.025920813;-0.035128595;506;0.38
relu;(100, 100, 100, 50);0.3;0.03;none;0.0001;16;0.99;0.99;1.00E-08;0.025921654;-0.035162172;506;0.67
relu;(100, 50, 25);0.3;0.01;l1;0.0001;16;0.8;0.999;1.00E-06;0.025922361;-0.035190392;506;0.4
relu;(100, 50, 25);0.1;0.001;l1;0.01;64;0.8;0.999;1.00E-06;0.025922532;-0.035197213;504;1.2
relu;(100, 100, 100, 50);0;0.001;l1;1.00E-05;32;0.8;0.99;1.00E-06;0.025923301;-0.035227956;506;1.5
relu;(50, 50, 50);0.3;0.01;none;0.0001;16;0.8;0.99;1.00E-08;0.025923443;-0.035233588;506;0.72
relu;(100, 100, 100, 50);0;0.03;l1;0.01;32;0.99;0.999;1.00E-06;0.025924082;-0.035259138;506;1.5
relu;(100, 100, 100, 50);0.3;0.03;l2;0.01;16;0.9;0.9;1.00E-08;0.02592469;-0.035283416;506;0.93
relu;(100, 50, 25);0.1;0.001;l1;0.01;16;0.9;0.9;1.00E-08;0.025924895;-0.035291576;506;1.09
relu;(100, 50, 25);0;0.03;none;0.0001;64;0.99;0.999;1.00E-06;0.025925161;-0.03530221;504;0.37
relu;(100, 50, 25);0;0.03;none;0.0001;16;0.99;0.999;1.00E-08;0.025926417;-0.035352359;506;0.31
relu;(100, 50, 25);0.1;0.03;l2;0.01;64;0.99;0.9;1.00E-06;0.025926437;-0.03535316;504;0.49
relu;(50, 50, 50);0.3;0.03;l2;0.0001;16;0.8;0.9;1.00E-06;0.02592668;-0.035362857;506;1
relu;(50, 50, 50);0;0.03;l2;1.00E-05;32;0.99;0.9;1.00E-06;0.025926774;-0.035366612;506;1.07
relu;(100, 50, 25);0.3;0.01;none;1.00E-05;16;0.99;0.99;1.00E-08;0.025927716;-0.035404253;506;0.34
relu;(100, 100, 100, 50);0;0.03;l1;0.0001;16;0.8;0.999;1.00E-06;0.025927792;-0.035407292;506;1.07
relu;(50, 50, 50);0.1;0.01;l2;1.00E-05;64;0.99;0.9;1.00E-08;0.025928109;-0.035419939;504;0.63
relu;(100, 100, 100, 50);0.1;0.03;none;0.01;64;0.9;0.9;1.00E-06;0.025928194;-0.035423345;504;1.71
relu;(100, 100, 100, 50);0.3;0.01;none;0.01;16;0.8;0.99;1.00E-08;0.025928346;-0.035429414;506;0.68
relu;(100, 100, 100, 50);0.3;0.03;l2;0.01;32;0.99;0.99;1.00E-08;0.025928573;-0.03543847;506;1.2
relu;(50, 50, 50);0.3;0.001;l2;0.01;64;0.8;0.999;1.00E-06;0.025931536;-0.035556795;504;0.73
relu;(100, 100, 100, 50);0.1;0.03;l1;1.00E-05;64;0.99;0.9;1.00E-08;0.025931804;-0.0355675;504;2.13
relu;(100, 50, 25);0.3;0.01;l1;1.00E-05;16;0.99;0.9;1.00E-06;0.025932584;-0.035598637;506;0.46
relu;(100, 100, 100, 50);0.3;0.03;none;0.01;64;0.8;0.999;1.00E-08;0.025932946;-0.035613108;504;1.06
relu;(100, 100, 100, 50);0.3;0.03;l1;1.00E-05;64;0.99;0.9;1.00E-06;0.025933211;-0.035623675;504;1.7
relu;(100, 100, 100, 50);0.1;0.03;none;0.0001;32;0.9;0.99;1.00E-08;0.02593339;-0.035630851;506;1.46
relu;(100, 100, 100, 50);0.1;0.01;l1;1.00E-05;32;0.8;0.99;1.00E-08;0.025933446;-0.035633081;506;1.54
relu;(100, 100, 100, 50);0;0.01;none;1.00E-05;16;0.9;0.99;1.00E-08;0.025935097;-0.035698995;506;1.1
relu;(100, 50, 25);0.1;0.03;none;1.00E-05;16;0.99;0.99;1.00E-08;0.025936787;-0.035766501;506;1.1
relu;(100, 100, 100, 50);0.1;0.001;l1;1.00E-05;32;0.9;0.99;1.00E-06;0.025936796;-0.035766836;506;1.77
relu;(100, 50, 25);0;0.03;none;0.01;32;0.99;0.9;1.00E-06;0.025937715;-0.035803547;506;0.32
relu;(100, 100, 100, 50);0.1;0.01;l1;0.01;64;0.99;0.999;1.00E-08;0.025938246;-0.035824773;504;1.87
relu;(100, 50, 25);0.1;0.001;l1;0.01;64;0.99;0.99;1.00E-08;0.025938424;-0.035831867;504;1.18
relu;(100, 50, 25);0;0.001;l1;1.00E-05;32;0.99;0.99;1.00E-08;0.025938582;-0.035838181;506;0.73
relu;(100, 100, 100, 50);0.1;0.001;none;1.00E-05;32;0.9;0.999;1.00E-06;0.025938712;-0.035843358;506;1.61
relu;(50, 50, 50);0.3;0.03;none;0.01;64;0.9;0.999;1.00E-06;0.025939667;-0.03588151;504;0.74
relu;(100, 100, 100, 50);0.3;0.001;l1;0.0001;32;0.9;0.99;1.00E-06;0.025940395;-0.035910562;506;1.06
relu;(100, 100, 100, 50);0.3;0.03;l1;0.0001;64;0.99;0.9;1.00E-06;0.025940425;-0.03591178;504;1.98
relu;(100, 50, 25);0.1;0.001;l1;0.01;64;0.99;0.999;1.00E-06;0.025940779;-0.035925891;504;1.1
relu;(50, 50, 50);0.1;0.001;l1;0.01;32;0.9;0.999;1.00E-08;0.025941521;-0.035955541;506;0.47
relu;(100, 50, 25);0.3;0.01;l2;0.01;32;0.8;0.99;1.00E-06;0.025941811;-0.035967128;506;0.99
relu;(100, 50, 25);0;0.001;l2;1.00E-05;32;0.9;0.99;1.00E-06;0.025942112;-0.035979122;506;0.85
relu;(100, 100, 100, 50);0;0.03;none;1.00E-05;64;0.99;0.99;1.00E-06;0.02594259;-0.035998233;504;1.35
relu;(100, 50, 25);0.1;0.001;none;0.01;64;0.9;0.99;1.00E-06;0.025943603;-0.036038665;504;0.83
relu;(50, 50, 50);0.3;0.03;none;0.01;16;0.99;0.999;1.00E-08;0.025945201;-0.036102507;506;0.53
relu;(100, 50, 25);0.1;0.03;l2;0.0001;16;0.99;0.99;1.00E-08;0.025945905;-0.036130627;506;0.7
relu;(100, 50, 25);0.3;0.03;l1;0.01;16;0.9;0.99;1.00E-06;0.025947202;-0.036182386;506;1.59
relu;(100, 100, 100, 50);0;0.001;l2;0.0001;64;0.8;0.99;1.00E-08;0.025948409;-0.036230601;504;1.22
relu;(50, 50, 50);0.1;0.03;l1;1.00E-05;64;0.99;0.999;1.00E-06;0.025948574;-0.036237194;504;0.93
relu;(50, 50, 50);0.1;0.03;l1;1.00E-05;32;0.9;0.99;1.00E-06;0.02594973;-0.036283355;506;0.59
relu;(100, 100, 100, 50);0.1;0.03;l1;0.01;64;0.99;0.9;1.00E-08;0.025950128;-0.036299248;504;1.03
relu;(100, 100, 100, 50);0.1;0.001;l1;0.01;16;0.9;0.999;1.00E-06;0.025951024;-0.036335016;506;1.76
relu;(100, 50, 25);0.1;0.03;none;0.01;16;0.99;0.999;1.00E-08;0.025951162;-0.036340527;506;0.67
relu;(100, 100, 100, 50);0.3;0.01;l2;0.01;16;0.99;0.999;1.00E-08;0.025951364;-0.036348609;506;0.73
relu;(100, 100, 100, 50);0.3;0.01;l2;0.01;16;0.8;0.99;1.00E-06;0.025951642;-0.036359706;506;0.86
relu;(100, 100, 100, 50);0.1;0.03;l2;0.01;16;0.9;0.999;1.00E-08;0.02595439;-0.036469445;506;0.65
relu;(100, 50, 25);0;0.03;l2;1.00E-05;64;0.99;0.9;1.00E-08;0.02595506;-0.03649621;504;0.36
relu;(100, 50, 25);0.3;0.001;l2;0.0001;64;0.99;0.99;1.00E-08;0.025955096;-0.036497637;504;0.52
relu;(100, 100, 100, 50);0;0.03;l2;0.01;32;0.9;0.9;1.00E-06;0.025956309;-0.036546092;506;1.24
relu;(100, 50, 25);0.3;0.01;none;0.0001;64;0.9;0.999;1.00E-08;0.025956335;-0.036547108;504;0.48
relu;(50, 50, 50);0.3;0.01;none;1.00E-05;64;0.9;0.99;1.00E-08;0.025956684;-0.036561082;504;0.86
relu;(100, 50, 25);0.1;0.01;none;1.00E-05;32;0.8;0.9;1.00E-08;0.025957834;-0.036606971;506;1.08
relu;(100, 100, 100, 50);0.3;0.01;l1;1.00E-05;64;0.8;0.9;1.00E-06;0.025959365;-0.03666813;504;1.13
relu;(50, 50, 50);0.3;0.001;l1;0.01;32;0.8;0.9;1.00E-06;0.025959376;-0.036668573;506;0.82
relu;(50, 50, 50);0.3;0.001;l1;0.01;32;0.99;0.999;1.00E-06;0.025959433;-0.03667085;506;0.77
relu;(50, 50, 50);0;0.001;l1;0.01;64;0.8;0.999;1.00E-08;0.025961235;-0.036742823;504;0.55
relu;(100, 100, 100, 50);0.1;0.03;l1;1.00E-05;64;0.9;0.9;1.00E-08;0.025961955;-0.036771553;504;2.1
relu;(100, 100, 100, 50);0.1;0.03;none;1.00E-05;16;0.8;0.99;1.00E-06;0.02596198;-0.036772555;506;1.54
relu;(100, 50, 25);0;0.001;l2;1.00E-05;64;0.9;0.9;1.00E-08;0.025964043;-0.036854956;504;0.89
relu;(50, 50, 50);0.1;0.001;l1;0.01;16;0.9;0.9;1.00E-06;0.025964396;-0.036869016;506;0.44
relu;(100, 100, 100, 50);0.3;0.01;l1;0.01;64;0.99;0.99;1.00E-08;0.02596566;-0.036919521;504;1.33
relu;(100, 50, 25);0.1;0.001;l1;0.01;32;0.8;0.9;1.00E-08;0.025965932;-0.036930374;506;1.12
relu;(100, 50, 25);0.3;0.03;none;0.0001;16;0.9;0.99;1.00E-08;0.025966662;-0.036959516;506;0.81
relu;(100, 50, 25);0.1;0.03;none;0.01;16;0.9;0.9;1.00E-06;0.025967185;-0.036980428;506;0.77
relu;(100, 50, 25);0.1;0.03;l1;0.0001;32;0.99;0.999;1.00E-08;0.025967287;-0.036984498;506;1.17
relu;(100, 50, 25);0.1;0.03;l2;0.01;16;0.99;0.9;1.00E-08;0.025969534;-0.037074211;506;0.79
relu;(100, 50, 25);0.1;0.001;none;0.01;16;0.99;0.9;1.00E-08;0.025972295;-0.03718448;506;0.36
relu;(50, 50, 50);0.3;0.01;l1;0.0001;64;0.99;0.9;1.00E-08;0.025972917;-0.037209324;504;0.58
relu;(100, 50, 25);0.1;0.001;l1;0.01;64;0.9;0.99;1.00E-06;0.025974105;-0.037256749;504;1.16
relu;(100, 50, 25);0;0.001;l2;1.00E-05;16;0.9;0.9;1.00E-08;0.025974715;-0.03728111;506;0.81
relu;(50, 50, 50);0.3;0.03;l1;0.01;64;0.99;0.9;1.00E-06;0.025976141;-0.037338058;504;1.24
relu;(50, 50, 50);0.3;0.03;none;1.00E-05;32;0.9;0.9;1.00E-06;0.025976387;-0.037347895;506;0.63
relu;(50, 50, 50);0.1;0.03;l1;1.00E-05;16;0.99;0.999;1.00E-08;0.025976937;-0.037369837;506;0.55
relu;(100, 50, 25);0;0.001;l2;1.00E-05;64;0.9;0.999;1.00E-06;0.025977641;-0.037397984;504;0.91
relu;(50, 50, 50);0;0.03;l1;0.01;16;0.9;0.9;1.00E-08;0.025978323;-0.037425184;506;0.45
relu;(100, 100, 100, 50);0.3;0.001;l1;0.01;64;0.9;0.999;1.00E-08;0.025978533;-0.037433577;504;1.03
relu;(50, 50, 50);0.3;0.01;l2;0.0001;64;0.9;0.999;1.00E-06;0.025980288;-0.037503662;504;0.77
relu;(100, 50, 25);0.3;0.001;none;0.01;32;0.8;0.999;1.00E-06;0.025980625;-0.037517147;506;0.43
relu;(50, 50, 50);0.1;0.03;l1;0.01;32;0.8;0.9;1.00E-08;0.025980733;-0.037521444;506;0.8
relu;(50, 50, 50);0;0.001;l2;1.00E-05;32;0.8;0.9;1.00E-08;0.025981501;-0.037552131;506;0.35
relu;(100, 50, 25);0.1;0.03;l2;1.00E-05;32;0.99;0.999;1.00E-08;0.025982312;-0.037584495;506;0.95
relu;(50, 50, 50);0.1;0.03;l1;0.01;16;0.9;0.9;1.00E-06;0.025982934;-0.037609318;506;0.61
relu;(100, 50, 25);0;0.001;none;0.01;64;0.9;0.999;1.00E-08;0.025982961;-0.037610431;504;0.79
relu;(100, 100, 100, 50);0.3;0.001;l2;0.01;64;0.8;0.99;1.00E-08;0.025983883;-0.037647243;504;1.09
relu;(50, 50, 50);0.1;0.01;none;0.0001;32;0.99;0.9;1.00E-08;0.025984737;-0.037681351;506;1.3
relu;(100, 50, 25);0.1;0.001;l1;0.01;32;0.99;0.999;1.00E-08;0.025986102;-0.037735856;506;1.09
relu;(50, 50, 50);0.3;0.03;l2;1.00E-05;64;0.9;0.999;1.00E-08;0.025986494;-0.037751491;504;1.22
relu;(100, 50, 25);0;0.001;l1;1.00E-05;32;0.9;0.99;1.00E-08;0.025986495;-0.037751541;506;0.77
relu;(50, 50, 50);0.3;0.001;l1;0.01;16;0.8;0.9;1.00E-06;0.025987445;-0.037789481;506;0.76
relu;(100, 50, 25);0;0.03;l2;0.01;64;0.9;0.9;1.00E-06;0.025987627;-0.037796765;504;0.39
relu;(100, 100, 100, 50);0.3;0.01;l2;1.00E-05;32;0.99;0.99;1.00E-06;0.025989412;-0.037868015;506;0.7
relu;(100, 100, 100, 50);0.3;0.001;l2;0.01;32;0.8;0.999;1.00E-08;0.02599016;-0.037897918;506;1.13
relu;(50, 50, 50);0;0.001;none;0.01;32;0.99;0.99;1.00E-06;0.025990322;-0.037904372;506;1.17
relu;(50, 50, 50);0.1;0.03;l2;0.01;32;0.8;0.9;1.00E-08;0.025991852;-0.037965451;506;0.58
relu;(100, 100, 100, 50);0.1;0.03;none;0.0001;16;0.99;0.99;1.00E-08;0.025992944;-0.038009092;506;1.31
relu;(50, 50, 50);0;0.001;l2;1.00E-05;32;0.9;0.99;1.00E-08;0.025993916;-0.03804791;506;0.34
relu;(50, 50, 50);0.3;0.03;l2;1.00E-05;16;0.9;0.999;1.00E-06;0.025995159;-0.038097533;506;1.16
relu;(100, 50, 25);0.3;0.001;l2;0.01;16;0.99;0.99;1.00E-08;0.025997632;-0.03819628;506;0.52
relu;(100, 50, 25);0;0.001;l2;1.00E-05;16;0.9;0.99;1.00E-08;0.025997811;-0.038203436;506;0.66
relu;(100, 100, 100, 50);0.1;0.03;l1;0.01;64;0.8;0.999;1.00E-08;0.025998166;-0.0382176;504;1.08
relu;(50, 50, 50);0.3;0.01;none;0.01;16;0.9;0.999;1.00E-06;0.025999111;-0.03825537;506;0.73
relu;(100, 100, 100, 50);0;0.001;l1;0.01;64;0.9;0.99;1.00E-08;0.025999235;-0.038260319;504;1.72
relu;(50, 50, 50);0.1;0.03;none;0.0001;32;0.9;0.99;1.00E-08;0.025999572;-0.03827375;506;0.75
relu;(100, 50, 25);0.3;0.01;l2;0.01;64;0.99;0.9;1.00E-08;0.026001576;-0.038353806;504;1.19
relu;(100, 50, 25);0.3;0.01;l2;0.0001;64;0.99;0.999;1.00E-08;0.026001789;-0.038362305;504;1.04
relu;(100, 50, 25);0.1;0.01;none;1.00E-05;64;0.99;0.9;1.00E-08;0.026001853;-0.038364844;504;1.18
relu;(100, 100, 100, 50);0.3;0.01;l1;0.01;64;0.9;0.999;1.00E-08;0.026002969;-0.038409416;504;1.22
relu;(50, 50, 50);0.1;0.001;none;0.01;64;0.9;0.9;1.00E-06;0.026003455;-0.038428827;504;0.5
relu;(100, 50, 25);0.3;0.03;l1;0.0001;64;0.8;0.99;1.00E-06;0.026003785;-0.038441998;504;1.46
relu;(50, 50, 50);0.1;0.03;none;0.01;32;0.99;0.9;1.00E-08;0.02600414;-0.038456193;506;0.66
relu;(100, 100, 100, 50);0.3;0.03;l2;0.01;16;0.99;0.999;1.00E-06;0.0260047;-0.038478526;506;1.07
relu;(50, 50, 50);0.1;0.03;l1;1.00E-05;32;0.99;0.99;1.00E-06;0.026005443;-0.038508222;506;0.69
relu;(100, 100, 100, 50);0.3;0.001;l2;1.00E-05;64;0.9;0.9;1.00E-08;0.026005927;-0.038527542;504;1.24
relu;(50, 50, 50);0.1;0.03;none;0.01;16;0.9;0.999;1.00E-08;0.026006194;-0.038538219;506;0.67
relu;(100, 100, 100, 50);0.3;0.001;l2;0.0001;64;0.99;0.99;1.00E-08;0.026006333;-0.038543758;504;1
relu;(100, 50, 25);0.3;0.001;l1;1.00E-05;32;0.99;0.999;1.00E-06;0.026006927;-0.038567492;506;0.4
relu;(100, 100, 100, 50);0.3;0.001;l1;0.01;32;0.9;0.99;1.00E-06;0.026007229;-0.038579549;506;0.98
relu;(100, 100, 100, 50);0;0.03;none;1.00E-05;16;0.9;0.99;1.00E-08;0.026007514;-0.03859094;506;0.92
relu;(50, 50, 50);0.3;0.01;none;1.00E-05;64;0.99;0.99;1.00E-06;0.026008608;-0.038634626;504;0.8
relu;(100, 50, 25);0;0.001;none;0.01;16;0.9;0.9;1.00E-08;0.026009383;-0.038665554;506;1.29
relu;(100, 100, 100, 50);0.3;0.001;l1;1.00E-05;64;0.8;0.99;1.00E-06;0.026009728;-0.038679354;504;1.09
relu;(100, 100, 100, 50);0.1;0.001;none;1.00E-05;16;0.8;0.99;1.00E-06;0.026010063;-0.038692731;506;1.55
relu;(100, 100, 100, 50);0;0.001;none;1.00E-05;16;0.9;0.9;1.00E-08;0.026010739;-0.038719723;506;1.22
relu;(50, 50, 50);0.3;0.001;l2;0.0001;32;0.8;0.999;1.00E-08;0.026011318;-0.038742815;506;0.7
relu;(50, 50, 50);0.3;0.03;none;1.00E-05;16;0.99;0.999;1.00E-06;0.026011697;-0.038757979;506;0.54
relu;(50, 50, 50);0.1;0.001;l1;0.0001;32;0.8;0.999;1.00E-08;0.026012165;-0.038776639;506;0.45
relu;(100, 100, 100, 50);0;0.01;l1;0.01;32;0.99;0.99;1.00E-06;0.026012562;-0.038792507;506;1.16
relu;(50, 50, 50);0.1;0.001;l2;0.01;64;0.99;0.9;1.00E-06;0.026012681;-0.038797247;504;0.49
relu;(100, 100, 100, 50);0.1;0.001;l2;1.00E-05;64;0.9;0.999;1.00E-06;0.026013365;-0.038824569;504;1.63
relu;(100, 100, 100, 50);0.1;0.001;none;1.00E-05;16;0.99;0.99;1.00E-08;0.026014096;-0.038853757;506;1.56
relu;(100, 50, 25);0.3;0.03;l2;0.0001;32;0.99;0.999;1.00E-08;0.026015106;-0.038894102;506;1.15
relu;(50, 50, 50);0.1;0.03;l2;1.00E-05;32;0.99;0.9;1.00E-08;0.026015283;-0.038901188;506;0.7
relu;(50, 50, 50);0.1;0.01;l1;0.01;32;0.9;0.9;1.00E-06;0.026017566;-0.038992355;506;0.69
relu;(50, 50, 50);0.1;0.01;none;0.0001;32;0.8;0.999;1.00E-06;0.026017736;-0.038999116;506;1.38
relu;(100, 100, 100, 50);0.3;0.03;l2;0.0001;16;0.8;0.9;1.00E-08;0.026018186;-0.0390171;506;0.86
relu;(100, 50, 25);0.3;0.01;l1;1.00E-05;64;0.99;0.99;1.00E-06;0.026020103;-0.039093645;504;0.51
relu;(100, 100, 100, 50);0.1;0.001;none;0.0001;32;0.99;0.999;1.00E-08;0.026020628;-0.03911463;506;1.32
relu;(100, 50, 25);0.3;0.001;l1;1.00E-05;32;0.9;0.99;1.00E-06;0.026020971;-0.039128314;506;0.5
relu;(50, 50, 50);0.3;0.001;l1;0.01;16;0.99;0.9;1.00E-06;0.02602147;-0.03914824;506;0.81
relu;(100, 100, 100, 50);0.3;0.03;l1;0.0001;16;0.9;0.9;1.00E-08;0.026023323;-0.039222254;506;1.18
relu;(100, 50, 25);0.3;0.03;l2;0.0001;64;0.99;0.9;1.00E-08;0.026023345;-0.039223117;504;1.31
relu;(100, 50, 25);0;0.03;l1;0.01;32;0.9;0.99;1.00E-06;0.026025724;-0.03931811;506;0.36
relu;(50, 50, 50);0.1;0.03;l1;1.00E-05;32;0.99;0.99;1.00E-08;0.026026372;-0.039343998;506;0.61
relu;(50, 50, 50);0.1;0.03;none;1.00E-05;32;0.99;0.9;1.00E-08;0.026027305;-0.03938127;506;0.6
relu;(100, 100, 100, 50);0.3;0.03;l2;0.01;64;0.8;0.999;1.00E-08;0.026027563;-0.039391563;504;1.65
relu;(100, 100, 100, 50);0.3;0.03;l2;1.00E-05;32;0.8;0.9;1.00E-06;0.026027725;-0.03939805;506;1.42
relu;(100, 50, 25);0.3;0.03;l2;0.0001;32;0.99;0.99;1.00E-08;0.026028417;-0.039425673;506;1.09
relu;(100, 100, 100, 50);0.1;0.001;l2;1.00E-05;16;0.8;0.999;1.00E-06;0.026028706;-0.039437218;506;1.48
relu;(100, 100, 100, 50);0;0.01;none;1.00E-05;64;0.99;0.9;1.00E-06;0.026028812;-0.039441453;504;1.5
relu;(100, 100, 100, 50);0;0.03;none;1.00E-05;16;0.99;0.999;1.00E-06;0.02602972;-0.039477711;506;0.92
relu;(100, 50, 25);0;0.001;none;0.0001;32;0.9;0.999;1.00E-06;0.026029951;-0.039486914;506;1.33
relu;(50, 50, 50);0.1;0.03;none;0.01;32;0.99;0.99;1.00E-06;0.02603104;-0.039530402;506;0.84
relu;(100, 100, 100, 50);0;0.001;l2;0.0001;32;0.99;0.99;1.00E-06;0.026031348;-0.039542723;506;1.04
relu;(50, 50, 50);0.1;0.001;l1;0.0001;64;0.8;0.99;1.00E-08;0.026031442;-0.039546486;504;0.53
relu;(50, 50, 50);0.3;0.03;l1;1.00E-05;16;0.99;0.99;1.00E-06;0.026032431;-0.039585979;506;0.67
relu;(50, 50, 50);0.1;0.001;none;1.00E-05;64;0.9;0.9;1.00E-08;0.026033887;-0.039644092;504;0.46
relu;(100, 100, 100, 50);0.3;0.03;l2;1.00E-05;16;0.9;0.99;1.00E-08;0.026033924;-0.039645572;506;0.85
relu;(50, 50, 50);0.3;0.001;none;0.01;64;0.9;0.999;1.00E-08;0.026034714;-0.039677153;504;0.8
relu;(50, 50, 50);0.3;0.03;l2;0.0001;32;0.99;0.9;1.00E-08;0.026035168;-0.039695279;506;0.92
relu;(50, 50, 50);0.1;0.001;l1;0.01;16;0.8;0.9;1.00E-06;0.026036331;-0.039741716;506;0.41
relu;(100, 50, 25);0.3;0.01;l2;1.00E-05;64;0.99;0.9;1.00E-06;0.026037027;-0.039769496;504;0.45
relu;(100, 50, 25);0.1;0.001;none;1.00E-05;32;0.9;0.999;1.00E-06;0.026037511;-0.039788847;506;0.37
relu;(100, 50, 25);0.3;0.01;l1;0.01;64;0.99;0.999;1.00E-08;0.026039471;-0.03986712;504;0.49
relu;(50, 50, 50);0.1;0.001;none;0.01;32;0.8;0.9;1.00E-06;0.026040691;-0.039915836;506;0.44
relu;(100, 50, 25);0.1;0.01;l1;0.01;64;0.99;0.999;1.00E-06;0.026041718;-0.03995684;504;1.18
relu;(50, 50, 50);0.3;0.01;l2;0.01;64;0.99;0.999;1.00E-06;0.026042496;-0.039987913;504;0.72
relu;(100, 100, 100, 50);0.3;0.001;l1;0.01;32;0.99;0.999;1.00E-08;0.026044455;-0.040066151;506;0.89
relu;(100, 100, 100, 50);0.3;0.001;l1;1.00E-05;64;0.8;0.999;1.00E-06;0.026044638;-0.040073451;504;1.28
relu;(100, 100, 100, 50);0.3;0.01;l1;0.01;32;0.99;0.9;1.00E-06;0.026046138;-0.040133338;506;0.87
relu;(100, 50, 25);0.1;0.001;l1;1.00E-05;16;0.9;0.999;1.00E-08;0.026046762;-0.040158279;506;1.16
relu;(100, 100, 100, 50);0;0.03;l2;0.01;16;0.9;0.999;1.00E-06;0.026047521;-0.040188588;506;1.06
relu;(100, 100, 100, 50);0;0.001;none;0.01;16;0.9;0.999;1.00E-08;0.026048116;-0.040212333;506;1.21
relu;(50, 50, 50);0.3;0.001;l1;0.01;64;0.8;0.99;1.00E-08;0.026048914;-0.040244206;504;0.78
relu;(100, 100, 100, 50);0;0.03;none;0.01;32;0.8;0.99;1.00E-08;0.026050425;-0.040304553;506;1.33
relu;(50, 50, 50);0;0.001;none;0.01;16;0.8;0.99;1.00E-08;0.026050852;-0.040321609;506;1.01
relu;(50, 50, 50);0;0.01;l2;0.01;16;0.8;0.99;1.00E-08;0.026050934;-0.040324886;506;0.37
relu;(50, 50, 50);0.3;0.001;l1;0.01;16;0.9;0.999;1.00E-08;0.026051945;-0.040365242;506;0.65
relu;(100, 100, 100, 50);0.1;0.001;none;0.01;16;0.9;0.999;1.00E-08;0.026052447;-0.040385288;506;1.32
relu;(100, 50, 25);0;0.01;l2;0.0001;32;0.9;0.99;1.00E-06;0.026053401;-0.040423383;506;0.32
relu;(50, 50, 50);0;0.03;l2;0.01;16;0.99;0.99;1.00E-06;0.026053438;-0.040424848;506;1.01
relu;(50, 50, 50);0.3;0.03;l1;1.00E-05;64;0.99;0.99;1.00E-08;0.026055185;-0.040494614;504;0.8
relu;(100, 100, 100, 50);0.3;0.03;l1;1.00E-05;64;0.8;0.99;1.00E-06;0.026056065;-0.04052976;504;1.4
relu;(100, 100, 100, 50);0.3;0.03;l2;1.00E-05;32;0.9;0.9;1.00E-06;0.026058045;-0.040608834;506;1.23
relu;(50, 50, 50);0.3;0.01;l1;1.00E-05;16;0.9;0.99;1.00E-06;0.026058607;-0.040631268;506;0.64
relu;(100, 50, 25);0.3;0.03;l1;0.0001;32;0.9;0.99;1.00E-06;0.026059136;-0.040652401;506;1.39
relu;(100, 50, 25);0.3;0.001;l1;1.00E-05;16;0.99;0.9;1.00E-08;0.026059573;-0.040669839;506;0.4
relu;(100, 50, 25);0.1;0.03;none;0.01;64;0.99;0.99;1.00E-08;0.026060905;-0.040723037;504;0.98
relu;(100, 50, 25);0.1;0.01;none;0.01;64;0.99;0.99;1.00E-06;0.026060999;-0.04072682;504;1.01
relu;(100, 50, 25);0.3;0.01;none;0.0001;32;0.9;0.9;1.00E-06;0.02606253;-0.040787935;506;0.37
relu;(50, 50, 50);0.3;0.001;l1;0.01;16;0.8;0.99;1.00E-08;0.026063064;-0.040809276;506;0.79
relu;(100, 100, 100, 50);0.1;0.001;none;1.00E-05;32;0.99;0.999;1.00E-08;0.026063211;-0.040815148;506;1.78
relu;(100, 50, 25);0.3;0.01;none;1.00E-05;32;0.8;0.999;1.00E-06;0.026064076;-0.040849701;506;0.48
relu;(100, 50, 25);0.1;0.001;l1;1.00E-05;64;0.8;0.99;1.00E-06;0.026065252;-0.040896629;504;1.03
relu;(50, 50, 50);0;0.001;none;1.00E-05;32;0.9;0.999;1.00E-06;0.026065773;-0.040917442;506;0.33
relu;(50, 50, 50);0.1;0.03;none;0.01;16;0.99;0.999;1.00E-06;0.026066116;-0.040931166;506;0.57
relu;(100, 100, 100, 50);0;0.03;l2;0.01;16;0.8;0.9;1.00E-06;0.026066453;-0.040944592;506;1.09
relu;(50, 50, 50);0;0.001;l1;0.01;32;0.9;0.99;1.00E-06;0.026066548;-0.040948409;506;0.41
relu;(100, 50, 25);0;0.001;l1;0.01;64;0.8;0.99;1.00E-08;0.026067808;-0.040998722;504;0.86
relu;(100, 100, 100, 50);0.3;0.01;l1;0.0001;64;0.9;0.999;1.00E-08;0.026068452;-0.041024438;504;1.09
relu;(50, 50, 50);0;0.03;l1;0.01;32;0.99;0.9;1.00E-08;0.02606877;-0.041037128;506;0.37
relu;(100, 50, 25);0.3;0.001;l1;1.00E-05;32;0.99;0.9;1.00E-06;0.026069905;-0.041082443;506;0.43
relu;(100, 50, 25);0.3;0.01;l2;1.00E-05;64;0.9;0.999;1.00E-08;0.026070698;-0.04111414;504;0.44
relu;(100, 50, 25);0;0.001;l1;0.01;16;0.9;0.999;1.00E-08;0.026071474;-0.041145103;506;0.85
relu;(100, 100, 100, 50);0.1;0.03;l2;0.0001;16;0.99;0.99;1.00E-06;0.026071912;-0.041162618;506;0.66
relu;(100, 100, 100, 50);0.3;0.01;l1;0.01;16;0.9;0.999;1.00E-06;0.026072569;-0.041188826;506;1.19
relu;(100, 50, 25);0.1;0.03;l1;0.0001;64;0.99;0.99;1.00E-06;0.026072709;-0.041194432;504;1.29
relu;(100, 100, 100, 50);0.1;0.001;l1;1.00E-05;16;0.9;0.99;1.00E-06;0.026074456;-0.041264186;506;1.72
relu;(100, 100, 100, 50);0.1;0.001;none;0.0001;64;0.99;0.999;1.00E-06;0.026074717;-0.041274618;504;1.81
relu;(100, 50, 25);0.3;0.03;l1;0.01;64;0.9;0.99;1.00E-08;0.026075011;-0.041286348;504;0.99
relu;(50, 50, 50);0.3;0.03;l2;1.00E-05;16;0.99;0.9;1.00E-06;0.026076205;-0.041334052;506;1.4
relu;(100, 100, 100, 50);0.1;0.03;l2;0.01;32;0.99;0.9;1.00E-06;0.026078931;-0.04144291;506;1.04
relu;(100, 50, 25);0.3;0.03;l1;0.0001;64;0.8;0.9;1.00E-08;0.026079623;-0.041470559;504;1.3
relu;(100, 50, 25);0.3;0.03;none;0.01;16;0.8;0.9;1.00E-08;0.026079742;-0.041475278;506;0.74
relu;(100, 100, 100, 50);0.1;0.03;l1;0.0001;64;0.9;0.99;1.00E-06;0.026081157;-0.041531787;504;1.21
relu;(100, 100, 100, 50);0;0.03;l2;1.00E-05;16;0.99;0.99;1.00E-06;0.026081283;-0.041536843;506;1.23
relu;(100, 50, 25);0.3;0.001;l1;0.01;64;0.99;0.99;1.00E-06;0.026081482;-0.041544765;504;0.51
relu;(100, 50, 25);0.1;0.001;l2;1.00E-05;16;0.9;0.9;1.00E-08;0.026081828;-0.041558607;506;0.74
relu;(50, 50, 50);0.3;0.001;none;0.01;16;0.8;0.9;1.00E-08;0.026082376;-0.041580475;506;0.67
relu;(100, 100, 100, 50);0.1;0.001;l1;0.0001;16;0.9;0.999;1.00E-06;0.026084285;-0.041656734;506;1.61
relu;(50, 50, 50);0.3;0.001;none;1.00E-05;16;0.99;0.999;1.00E-06;0.02608434;-0.041658895;506;0.54
relu;(100, 100, 100, 50);0.3;0.01;l2;1.00E-05;16;0.8;0.9;1.00E-06;0.026085518;-0.041705964;506;0.73
relu;(100, 100, 100, 50);0.3;0.01;l1;0.0001;16;0.8;0.9;1.00E-06;0.026085967;-0.041723898;506;0.98
relu;(100, 100, 100, 50);0.3;0.001;l1;1.00E-05;64;0.9;0.9;1.00E-08;0.026086177;-0.041732277;504;1.08
relu;(50, 50, 50);0.3;0.03;l1;0.01;32;0.8;0.9;1.00E-08;0.026086737;-0.041754643;506;1.61
relu;(50, 50, 50);0.3;0.03;none;0.01;32;0.99;0.999;1.00E-08;0.026086768;-0.041755888;506;0.55
relu;(100, 50, 25);0.3;0.001;none;0.01;64;0.9;0.999;1.00E-06;0.0260868;-0.041757148;504;0.47
relu;(50, 50, 50);0.3;0.001;l1;0.01;32;0.8;0.99;1.00E-08;0.026087306;-0.041777353;506;0.87
relu;(100, 50, 25);0.1;0.001;l1;1.00E-05;32;0.8;0.999;1.00E-06;0.026088153;-0.041811195;506;0.92
relu;(50, 50, 50);0;0.01;l2;1.00E-05;16;0.8;0.99;1.00E-06;0.026090145;-0.041890736;506;0.33
relu;(50, 50, 50);0.1;0.03;l2;1.00E-05;64;0.99;0.9;1.00E-06;0.026090279;-0.04189607;504;0.75
relu;(100, 50, 25);0.3;0.001;l2;0.0001;64;0.99;0.99;1.00E-06;0.026090459;-0.041903262;504;0.51
relu;(50, 50, 50);0;0.001;l1;1.00E-05;64;0.8;0.999;1.00E-06;0.026091371;-0.041939685;504;1.39
relu;(50, 50, 50);0.3;0.001;none;1.00E-05;32;0.8;0.999;1.00E-08;0.026091543;-0.04194657;506;0.51
relu;(100, 50, 25);0.3;0.03;l1;1.00E-05;64;0.9;0.9;1.00E-08;0.026091891;-0.041960452;504;1.36
relu;(100, 50, 25);0.3;0.01;none;0.01;64;0.8;0.9;1.00E-08;0.026093385;-0.042020101;504;0.57
relu;(50, 50, 50);0.1;0.001;l1;0.01;32;0.99;0.999;1.00E-08;0.02609343;-0.042021913;506;0.5
relu;(50, 50, 50);0.1;0.03;l1;0.01;32;0.8;0.9;1.00E-06;0.026093534;-0.042026082;506;0.72
relu;(100, 50, 25);0.1;0.03;l2;1.00E-05;16;0.99;0.999;1.00E-06;0.026094892;-0.042080278;506;0.68
relu;(50, 50, 50);0;0.01;l1;1.00E-05;16;0.8;0.99;1.00E-08;0.02609535;-0.042098602;506;0.4
relu;(50, 50, 50);0.1;0.001;l1;0.01;64;0.99;0.999;1.00E-08;0.026095816;-0.042117188;504;0.56
relu;(100, 100, 100, 50);0.1;0.03;l2;0.01;32;0.9;0.999;1.00E-08;0.026096316;-0.042137176;506;0.72
relu;(100, 50, 25);0.3;0.03;none;0.0001;32;0.99;0.99;1.00E-06;0.026096732;-0.042153775;506;0.94
relu;(100, 50, 25);0.3;0.03;l1;0.01;64;0.9;0.999;1.00E-06;0.026096828;-0.042157609;504;0.99
relu;(100, 100, 100, 50);0;0.001;l2;1.00E-05;16;0.8;0.9;1.00E-08;0.026096976;-0.042163519;506;1.14
relu;(100, 50, 25);0.1;0.03;none;1.00E-05;32;0.99;0.999;1.00E-06;0.02609815;-0.042210399;506;1.12
relu;(100, 50, 25);0.1;0.03;l1;0.01;64;0.9;0.999;1.00E-06;0.026099669;-0.042271066;504;1.08
relu;(100, 50, 25);0;0.001;l1;1.00E-05;16;0.9;0.9;1.00E-08;0.026100243;-0.042293972;506;0.87
relu;(100, 100, 100, 50);0.1;0.01;l1;0.01;32;0.8;0.99;1.00E-06;0.02610109;-0.042327794;506;2.38
relu;(100, 50, 25);0.3;0.01;none;0.0001;32;0.99;0.99;1.00E-08;0.026102209;-0.042372495;506;0.37
relu;(100, 50, 25);0.3;0.001;l1;0.01;64;0.9;0.99;1.00E-06;0.026103966;-0.042442643;504;0.58
relu;(100, 100, 100, 50);0.3;0.03;l1;1.00E-05;64;0.8;0.9;1.00E-08;0.026104562;-0.042466473;504;1.65
relu;(100, 50, 25);0;0.03;l2;0.0001;16;0.99;0.9;1.00E-08;0.026105846;-0.042517744;506;0.41
relu;(50, 50, 50);0.3;0.01;none;1.00E-05;32;0.99;0.9;1.00E-06;0.026106133;-0.042529208;506;0.63
relu;(50, 50, 50);0.3;0.03;l2;0.01;64;0.8;0.9;1.00E-08;0.026106186;-0.042531309;504;1.49
relu;(50, 50, 50);0;0.001;l1;1.00E-05;16;0.99;0.999;1.00E-06;0.026106918;-0.042560529;506;1.22
relu;(100, 100, 100, 50);0.3;0.01;none;0.01;64;0.8;0.9;1.00E-06;0.026108523;-0.042624644;504;0.96
relu;(100, 50, 25);0.1;0.001;l1;0.0001;32;0.99;0.99;1.00E-08;0.026109904;-0.04267979;506;1.07
relu;(50, 50, 50);0.1;0.01;l2;1.00E-05;32;0.8;0.999;1.00E-06;0.026110312;-0.042696087;506;0.41
relu;(100, 50, 25);0.3;0.03;l1;0.0001;64;0.99;0.99;1.00E-06;0.026114042;-0.042845028;504;1.56
relu;(100, 100, 100, 50);0;0.03;l2;0.01;16;0.9;0.9;1.00E-06;0.026115655;-0.04290947;506;1.09
relu;(100, 100, 100, 50);0.3;0.01;none;1.00E-05;16;0.99;0.999;1.00E-06;0.026116444;-0.042940972;506;0.63
relu;(50, 50, 50);0.1;0.001;l2;1.00E-05;32;0.9;0.999;1.00E-08;0.026116716;-0.042951813;506;0.46
relu;(50, 50, 50);0.3;0.01;l2;0.0001;32;0.9;0.999;1.00E-06;0.02611768;-0.042990337;506;0.66
relu;(100, 50, 25);0.3;0.001;none;0.0001;32;0.8;0.999;1.00E-06;0.026121524;-0.043143808;506;0.44
relu;(100, 50, 25);0.3;0.03;l2;1.00E-05;64;0.99;0.99;1.00E-06;0.026121752;-0.043152925;504;1.21
relu;(50, 50, 50);0.1;0.03;l2;1.00E-05;32;0.99;0.9;1.00E-06;0.026123488;-0.043222261;506;0.61
relu;(100, 50, 25);0.1;0.03;none;0.0001;16;0.8;0.999;1.00E-06;0.026123593;-0.043226468;506;1.01
relu;(50, 50, 50);0.3;0.001;l1;0.0001;16;0.9;0.99;1.00E-08;0.026124101;-0.043246726;506;0.49
relu;(100, 50, 25);0.3;0.01;none;1.00E-05;16;0.8;0.999;1.00E-06;0.026124569;-0.04326541;506;0.34
relu;(100, 50, 25);0;0.001;none;0.0001;16;0.9;0.999;1.00E-06;0.026125868;-0.043317286;506;1.34
relu;(100, 100, 100, 50);0.3;0.01;none;0.01;32;0.9;0.99;1.00E-06;0.026126649;-0.043348484;506;0.96
relu;(100, 50, 25);0;0.001;none;0.01;32;0.9;0.9;1.00E-08;0.026127064;-0.043365047;506;0.79
relu;(50, 50, 50);0.1;0.001;none;0.0001;16;0.8;0.99;1.00E-06;0.026127206;-0.04337072;506;0.38
relu;(50, 50, 50);0;0.01;none;0.01;16;0.8;0.99;1.00E-06;0.026127354;-0.043376639;506;0.35
relu;(50, 50, 50);0.3;0.03;none;1.00E-05;32;0.99;0.99;1.00E-06;0.026130003;-0.043482438;506;0.57
relu;(100, 50, 25);0;0.001;l1;0.01;16;0.99;0.999;1.00E-08;0.02613074;-0.043511862;506;0.92
relu;(100, 100, 100, 50);0.1;0.03;l2;0.0001;64;0.99;0.9;1.00E-06;0.026132626;-0.043587176;504;0.92
relu;(50, 50, 50);0.1;0.01;l2;0.0001;32;0.99;0.9;1.00E-06;0.026133878;-0.043637168;506;0.66
relu;(100, 100, 100, 50);0.1;0.001;l1;0.01;32;0.99;0.999;1.00E-06;0.026135568;-0.043704677;506;1.87
relu;(100, 100, 100, 50);0.3;0.001;l1;0.01;32;0.99;0.99;1.00E-06;0.026135573;-0.043704863;506;0.84
relu;(100, 50, 25);0.3;0.01;l1;0.0001;64;0.9;0.9;1.00E-06;0.026135913;-0.043718455;504;0.6
relu;(50, 50, 50);0.1;0.03;l1;0.01;16;0.99;0.99;1.00E-08;0.026136272;-0.043732785;506;0.72
relu;(50, 50, 50);0.3;0.03;l2;1.00E-05;64;0.8;0.9;1.00E-08;0.026137116;-0.043766496;504;1.83
relu;(50, 50, 50);0;0.03;l2;0.0001;32;0.9;0.9;1.00E-08;0.02613729;-0.04377343;506;0.91
relu;(50, 50, 50);0.3;0.001;l2;1.00E-05;16;0.8;0.99;1.00E-06;0.026137424;-0.043778772;506;0.55
relu;(50, 50, 50);0.1;0.001;l2;1.00E-05;64;0.9;0.9;1.00E-08;0.026137719;-0.043790577;504;0.49
relu;(100, 50, 25);0.1;0.03;l1;0.01;64;0.99;0.99;1.00E-06;0.02613934;-0.043855285;504;1.21
relu;(100, 50, 25);0;0.001;l1;0.01;64;0.8;0.999;1.00E-06;0.026141697;-0.043949432;504;0.93
relu;(50, 50, 50);0.3;0.03;none;1.00E-05;32;0.9;0.99;1.00E-06;0.026143652;-0.044027498;506;0.77
relu;(100, 50, 25);0.3;0.03;l1;1.00E-05;32;0.99;0.99;1.00E-06;0.026144562;-0.044063822;506;1.16
relu;(100, 100, 100, 50);0;0.001;l2;0.0001;16;0.9;0.999;1.00E-08;0.026144716;-0.044069963;506;1.13
relu;(50, 50, 50);0.3;0.03;l1;0.01;32;0.99;0.999;1.00E-08;0.026144927;-0.044078427;506;1.57
relu;(100, 50, 25);0.3;0.03;l1;0.01;16;0.99;0.99;1.00E-08;0.026146207;-0.044129522;506;1.04
relu;(50, 50, 50);0.3;0.03;l1;1.00E-05;32;0.8;0.99;1.00E-06;0.026148352;-0.044215182;506;0.64
relu;(100, 100, 100, 50);0.1;0.03;l1;1.00E-05;16;0.99;0.999;1.00E-08;0.026150092;-0.044284669;506;1.89
relu;(100, 100, 100, 50);0;0.001;none;0.0001;32;0.99;0.99;1.00E-06;0.026151115;-0.044325531;506;1.08
relu;(100, 100, 100, 50);0;0.01;none;0.01;32;0.9;0.99;1.00E-06;0.026151518;-0.044341602;506;0.97
relu;(50, 50, 50);0.1;0.001;l1;0.01;64;0.8;0.99;1.00E-08;0.026152526;-0.044381883;504;0.53
relu;(100, 100, 100, 50);0.3;0.001;l2;0.0001;64;0.9;0.99;1.00E-08;0.026154038;-0.044442251;504;1.13
relu;(50, 50, 50);0;0.03;l1;0.01;32;0.8;0.9;1.00E-08;0.026154314;-0.044453269;506;0.43
relu;(100, 50, 25);0.1;0.03;l1;1.00E-05;16;0.99;0.99;1.00E-08;0.026154676;-0.044467733;506;0.92
relu;(100, 50, 25);0.1;0.001;l1;0.01;64;0.9;0.99;1.00E-08;0.026156563;-0.044543078;504;1.27
relu;(100, 100, 100, 50);0.1;0.001;l1;0.0001;16;0.9;0.99;1.00E-06;0.026156717;-0.044549251;506;1.34
relu;(100, 50, 25);0;0.001;l1;1.00E-05;16;0.8;0.999;1.00E-08;0.02615783;-0.044593664;506;0.75
relu;(100, 100, 100, 50);0.1;0.03;l2;0.01;64;0.8;0.9;1.00E-06;0.026158059;-0.044602813;504;0.97
relu;(50, 50, 50);0;0.001;l1;1.00E-05;16;0.99;0.99;1.00E-06;0.026158407;-0.044616707;506;1.17
relu;(100, 50, 25);0.3;0.01;l1;0.0001;64;0.8;0.9;1.00E-08;0.026158418;-0.044617157;504;0.54
relu;(100, 50, 25);0;0.001;l1;0.01;64;0.99;0.999;1.00E-06;0.02615894;-0.044638015;504;0.99
relu;(50, 50, 50);0;0.01;none;0.01;16;0.8;0.99;1.00E-08;0.026161257;-0.044730524;506;0.33
relu;(100, 100, 100, 50);0.1;0.03;none;1.00E-05;32;0.9;0.9;1.00E-06;0.026161673;-0.044747151;506;1.46
relu;(100, 50, 25);0.1;0.01;l1;0.01;16;0.9;0.9;1.00E-06;0.026162733;-0.044789472;506;1.13
relu;(100, 50, 25);0.3;0.001;none;0.01;64;0.8;0.999;1.00E-06;0.026164406;-0.044856274;504;0.55
relu;(50, 50, 50);0;0.03;l1;0.01;16;0.8;0.999;1.00E-06;0.026165442;-0.044897643;506;0.4
relu;(100, 100, 100, 50);0.3;0.03;l1;0.01;16;0.8;0.99;1.00E-06;0.026166617;-0.044944592;506;1.65
relu;(100, 50, 25);0;0.001;none;0.01;16;0.9;0.999;1.00E-06;0.02616681;-0.044952277;506;1.31
relu;(50, 50, 50);0.1;0.001;none;1.00E-05;64;0.9;0.99;1.00E-08;0.026167153;-0.044965979;504;0.49
relu;(100, 100, 100, 50);0.3;0.03;none;1.00E-05;16;0.9;0.99;1.00E-08;0.026167655;-0.044986019;506;0.68
relu;(100, 100, 100, 50);0;0.03;l1;0.0001;32;0.99;0.9;1.00E-08;0.026168776;-0.045030783;506;1.29
relu;(50, 50, 50);0.3;0.01;none;0.0001;16;0.9;0.999;1.00E-06;0.0261692;-0.045047723;506;0.66
relu;(100, 50, 25);0.3;0.001;l1;1.00E-05;32;0.8;0.99;1.00E-08;0.02617152;-0.045140365;506;0.42
relu;(100, 100, 100, 50);0.1;0.03;none;0.01;16;0.99;0.99;1.00E-06;0.026171982;-0.045158819;506;1.33
relu;(50, 50, 50);0.3;0.001;none;1.00E-05;64;0.8;0.9;1.00E-06;0.026172239;-0.0451691;504;0.47
relu;(100, 50, 25);0;0.001;none;1.00E-05;32;0.99;0.9;1.00E-08;0.026172373;-0.045174442;506;1.42
relu;(50, 50, 50);0.3;0.01;l1;1.00E-05;32;0.99;0.99;1.00E-08;0.026172785;-0.045190908;506;0.71
relu;(50, 50, 50);0;0.03;l1;0.01;64;0.8;0.99;1.00E-08;0.026173968;-0.045238132;504;0.5
relu;(50, 50, 50);0.1;0.01;l1;0.01;32;0.8;0.9;1.00E-06;0.026174146;-0.045245245;506;0.71
relu;(50, 50, 50);0.1;0.03;l2;0.01;32;0.9;0.99;1.00E-06;0.02617555;-0.045301303;506;0.61
relu;(50, 50, 50);0;0.001;none;0.01;32;0.8;0.999;1.00E-06;0.026178472;-0.045417985;506;1.06
relu;(100, 100, 100, 50);0.1;0.03;l1;1.00E-05;64;0.8;0.999;1.00E-06;0.026178661;-0.045425543;504;2.18
relu;(50, 50, 50);0.3;0.03;l1;0.0001;64;0.8;0.999;1.00E-08;0.026178993;-0.045438811;504;0.85
relu;(100, 100, 100, 50);0.3;0.01;l2;0.01;32;0.9;0.999;1.00E-06;0.026179152;-0.045445154;506;0.68
relu;(100, 50, 25);0.1;0.001;none;1.00E-05;16;0.99;0.999;1.00E-06;0.026179182;-0.045446341;506;0.37
relu;(50, 50, 50);0;0.001;l2;1.00E-05;16;0.8;0.9;1.00E-06;0.026179768;-0.045469748;506;0.34
relu;(50, 50, 50);0.3;0.01;l1;0.0001;16;0.8;0.99;1.00E-06;0.026179778;-0.045470174;506;0.67
relu;(100, 50, 25);0.1;0.001;l1;0.01;32;0.8;0.9;1.00E-06;0.026180755;-0.045509167;506;1.09
relu;(50, 50, 50);0.3;0.03;none;1.00E-05;32;0.99;0.9;1.00E-08;0.026181395;-0.045534723;506;0.64
relu;(100, 100, 100, 50);0;0.001;none;1.00E-05;16;0.9;0.99;1.00E-06;0.026183272;-0.045609677;506;1.33
relu;(100, 50, 25);0.1;0.03;l1;1.00E-05;64;0.99;0.999;1.00E-08;0.026183685;-0.04562617;504;1.23
relu;(50, 50, 50);0;0.001;none;1.00E-05;16;0.9;0.999;1.00E-06;0.02618387;-0.045633557;506;0.41
relu;(100, 50, 25);0.3;0.01;l1;0.0001;16;0.99;0.99;1.00E-06;0.026184065;-0.045641372;506;0.46
relu;(50, 50, 50);0.1;0.001;l1;0.01;32;0.8;0.999;1.00E-08;0.026184225;-0.045647734;506;0.46
relu;(50, 50, 50);0.3;0.03;l1;0.0001;64;0.8;0.99;1.00E-08;0.026184262;-0.045649229;504;0.76
relu;(100, 100, 100, 50);0;0.001;l1;0.01;32;0.9;0.9;1.00E-06;0.026184364;-0.045653307;506;1.41
relu;(50, 50, 50);0;0.001;none;0.0001;32;0.9;0.9;1.00E-06;0.02618437;-0.045653524;506;0.34
relu;(50, 50, 50);0.3;0.01;none;0.0001;32;0.9;0.99;1.00E-08;0.026184626;-0.045663767;506;0.82
relu;(100, 100, 100, 50);0;0.001;l1;0.01;64;0.9;0.999;1.00E-08;0.026185187;-0.04568616;504;1.61
relu;(50, 50, 50);0.3;0.001;none;1.00E-05;32;0.8;0.999;1.00E-06;0.026185469;-0.045697404;506;0.51
relu;(100, 100, 100, 50);0.3;0.01;none;1.00E-05;64;0.99;0.9;1.00E-08;0.02618614;-0.045724205;504;1.28
relu;(50, 50, 50);0.1;0.01;l1;1.00E-05;64;0.8;0.999;1.00E-08;0.026186149;-0.045724586;504;0.97
relu;(100, 100, 100, 50);0.3;0.03;none;1.00E-05;32;0.9;0.9;1.00E-06;0.026186295;-0.045730403;506;0.67
relu;(50, 50, 50);0;0.01;l1;1.00E-05;32;0.8;0.9;1.00E-06;0.026186555;-0.045740793;506;0.41
relu;(100, 100, 100, 50);0.1;0.001;none;1.00E-05;16;0.99;0.999;1.00E-06;0.026189178;-0.045845536;506;1.59
relu;(50, 50, 50);0.3;0.01;l1;0.0001;16;0.99;0.9;1.00E-08;0.026190046;-0.045880216;506;0.52
relu;(50, 50, 50);0.3;0.03;l2;1.00E-05;64;0.99;0.999;1.00E-06;0.02619063;-0.045903521;504;1.43
relu;(100, 100, 100, 50);0.3;0.001;l1;0.01;64;0.99;0.9;1.00E-08;0.026191767;-0.04594894;504;1.03
relu;(50, 50, 50);0;0.001;l2;1.00E-05;64;0.99;0.9;1.00E-08;0.026191885;-0.045953631;504;0.42
relu;(100, 100, 100, 50);0;0.01;l1;1.00E-05;64;0.99;0.9;1.00E-06;0.026193229;-0.046007296;504;1.62
relu;(50, 50, 50);0.3;0.03;l1;0.0001;32;0.99;0.999;1.00E-08;0.026193508;-0.046018447;506;0.68
relu;(50, 50, 50);0.1;0.01;l1;1.00E-05;64;0.99;0.9;1.00E-08;0.026194578;-0.046061181;504;0.83
relu;(100, 100, 100, 50);0.1;0.03;l1;0.01;16;0.9;0.9;1.00E-06;0.026195244;-0.046087787;506;0.89
relu;(50, 50, 50);0;0.01;none;0.01;64;0.8;0.9;1.00E-06;0.026195283;-0.046089333;504;0.39
relu;(100, 100, 100, 50);0.3;0.01;none;1.00E-05;16;0.99;0.9;1.00E-06;0.02619556;-0.046100386;506;0.71
relu;(100, 100, 100, 50);0.1;0.03;none;0.01;32;0.99;0.99;1.00E-06;0.026197271;-0.046168738;506;1.47
relu;(50, 50, 50);0.3;0.001;l1;0.01;64;0.9;0.9;1.00E-06;0.026199361;-0.046252201;504;0.85
relu;(100, 50, 25);0.1;0.001;none;1.00E-05;16;0.8;0.999;1.00E-06;0.026201193;-0.046325364;506;0.39
relu;(100, 50, 25);0.1;0.001;none;0.01;32;0.9;0.99;1.00E-06;0.026202806;-0.046389753;506;0.83
relu;(100, 100, 100, 50);0.1;0.01;l1;0.01;64;0.9;0.9;1.00E-08;0.026202861;-0.046391969;504;1.93
relu;(50, 50, 50);0.1;0.03;l2;0.0001;32;0.99;0.999;1.00E-06;0.026204162;-0.046443922;506;0.61
relu;(100, 50, 25);0.3;0.01;l1;0.01;64;0.9;0.99;1.00E-08;0.026204967;-0.046476059;504;0.83
relu;(50, 50, 50);0.3;0.01;l1;1.00E-05;32;0.8;0.9;1.00E-06;0.026205006;-0.046477602;506;0.88
relu;(50, 50, 50);0;0.01;none;0.0001;16;0.8;0.99;1.00E-08;0.026205537;-0.046498814;506;0.37
relu;(50, 50, 50);0.1;0.001;none;0.0001;16;0.8;0.99;1.00E-08;0.026205842;-0.046511019;506;0.39
relu;(100, 100, 100, 50);0.1;0.001;l1;0.01;64;0.9;0.99;1.00E-06;0.026205893;-0.04651306;504;2.13
relu;(50, 50, 50);0;0.001;l2;0.01;16;0.99;0.9;1.00E-06;0.026208065;-0.046599763;506;0.32
relu;(50, 50, 50);0.3;0.03;l1;0.0001;32;0.99;0.999;1.00E-06;0.02620819;-0.046604783;506;0.74
relu;(100, 50, 25);0;0.001;none;0.01;64;0.8;0.99;1.00E-06;0.026208319;-0.046609923;504;0.87
relu;(100, 100, 100, 50);0.3;0.01;l1;0.0001;32;0.9;0.99;1.00E-06;0.0262092;-0.046645115;506;0.77
relu;(50, 50, 50);0;0.01;none;0.01;32;0.8;0.9;1.00E-06;0.026209451;-0.046655136;506;0.35
relu;(100, 100, 100, 50);0;0.001;none;0.0001;64;0.8;0.9;1.00E-06;0.026209675;-0.046664065;504;1.45
relu;(100, 50, 25);0;0.001;none;1.00E-05;32;0.9;0.999;1.00E-08;0.026210854;-0.046711164;506;1.39
relu;(100, 100, 100, 50);0.3;0.03;l2;0.01;64;0.9;0.999;1.00E-08;0.026213248;-0.046806773;504;1.53
relu;(100, 100, 100, 50);0.3;0.01;l1;0.01;32;0.8;0.99;1.00E-06;0.026218666;-0.047023123;506;0.77
relu;(50, 50, 50);0;0.01;none;1.00E-05;32;0.9;0.99;1.00E-06;0.026218682;-0.047023751;506;0.39
relu;(100, 50, 25);0.1;0.03;l1;0.01;64;0.99;0.99;1.00E-08;0.026219191;-0.047044099;504;1.24
relu;(100, 100, 100, 50);0.3;0.03;none;1.00E-05;64;0.99;0.999;1.00E-06;0.026219741;-0.047066042;504;1.01
relu;(50, 50, 50);0.3;0.03;l1;0.0001;32;0.99;0.9;1.00E-06;0.026220283;-0.047087685;506;0.73
relu;(100, 100, 100, 50);0.3;0.01;l2;0.0001;16;0.8;0.999;1.00E-08;0.026220287;-0.047087863;506;0.59
relu;(50, 50, 50);0;0.001;l2;1.00E-05;32;0.8;0.9;1.00E-06;0.026220534;-0.047097734;506;0.35
relu;(100, 50, 25);0.3;0.001;none;0.01;32;0.8;0.999;1.00E-08;0.026221052;-0.047118409;506;0.41
relu;(50, 50, 50);0.1;0.03;none;1.00E-05;64;0.99;0.99;1.00E-06;0.026222248;-0.047166151;504;0.86
relu;(50, 50, 50);0.1;0.01;none;1.00E-05;64;0.8;0.9;1.00E-08;0.026222254;-0.047166409;504;0.49
relu;(50, 50, 50);0.3;0.03;none;0.01;32;0.8;0.9;1.00E-08;0.026224354;-0.047250252;506;0.81
relu;(50, 50, 50);0.3;0.03;l2;0.0001;64;0.99;0.99;1.00E-08;0.026225742;-0.047305691;504;0.95
relu;(100, 50, 25);0;0.001;l2;1.00E-05;16;0.9;0.999;1.00E-06;0.02622599;-0.047315617;506;0.72
relu;(100, 100, 100, 50);0.1;0.03;none;1.00E-05;32;0.99;0.99;1.00E-08;0.026228791;-0.047427456;506;1.44
relu;(50, 50, 50);0.1;0.001;l1;0.01;32;0.9;0.9;1.00E-08;0.026232349;-0.047569557;506;0.47
relu;(50, 50, 50);0.1;0.03;l2;0.0001;16;0.99;0.999;1.00E-06;0.026233166;-0.047602168;506;0.62
relu;(100, 50, 25);0.3;0.03;l2;1.00E-05;16;0.99;0.99;1.00E-06;0.026233173;-0.047602441;506;0.84
relu;(50, 50, 50);0;0.001;l1;1.00E-05;64;0.99;0.9;1.00E-08;0.026233715;-0.047624088;504;1.19
relu;(100, 50, 25);0.3;0.03;none;0.0001;32;0.9;0.9;1.00E-06;0.026233779;-0.047626654;506;0.77
relu;(100, 50, 25);0.1;0.001;none;0.0001;16;0.99;0.99;1.00E-06;0.026234695;-0.047663238;506;0.33
relu;(100, 100, 100, 50);0.1;0.01;l2;0.0001;32;0.8;0.999;1.00E-08;0.026235008;-0.047675719;506;1.48
relu;(50, 50, 50);0.1;0.01;none;0.0001;64;0.99;0.9;1.00E-08;0.026235693;-0.047703083;504;0.72
relu;(100, 100, 100, 50);0.3;0.03;l1;1.00E-05;32;0.99;0.999;1.00E-06;0.026237263;-0.04776578;506;1.13
relu;(100, 100, 100, 50);0.1;0.01;l1;0.01;64;0.8;0.9;1.00E-08;0.026237435;-0.047772661;504;2.03
relu;(50, 50, 50);0;0.001;l2;1.00E-05;64;0.99;0.999;1.00E-06;0.026237949;-0.047793184;504;0.39
relu;(50, 50, 50);0.3;0.03;l1;0.01;64;0.9;0.9;1.00E-08;0.026237986;-0.047794634;504;1.7
relu;(50, 50, 50);0.1;0.03;l1;0.0001;16;0.99;0.999;1.00E-08;0.026238172;-0.047802064;506;0.54
relu;(50, 50, 50);0.3;0.001;l1;0.0001;16;0.8;0.999;1.00E-06;0.02623867;-0.047821976;506;0.68
relu;(100, 50, 25);0.1;0.001;none;0.0001;32;0.99;0.99;1.00E-06;0.026239461;-0.047853569;506;0.42
relu;(100, 100, 100, 50);0;0.03;l2;0.0001;64;0.8;0.9;1.00E-06;0.026240835;-0.04790843;504;1.3
relu;(100, 50, 25);0.3;0.03;none;0.0001;64;0.99;0.999;1.00E-08;0.026241064;-0.047917587;504;0.92
relu;(100, 100, 100, 50);0.1;0.03;none;0.0001;64;0.99;0.999;1.00E-08;0.026241155;-0.047921222;504;1.78
relu;(50, 50, 50);0.1;0.001;l1;0.01;64;0.9;0.999;1.00E-08;0.026241326;-0.047928027;504;0.57
relu;(100, 50, 25);0.3;0.01;none;1.00E-05;64;0.99;0.9;1.00E-08;0.026241458;-0.047933288;504;0.5
relu;(100, 100, 100, 50);0.1;0.001;l1;0.01;64;0.9;0.999;1.00E-06;0.026241736;-0.047944404;504;2.12
relu;(50, 50, 50);0;0.001;l2;0.0001;64;0.9;0.999;1.00E-06;0.026242146;-0.047960768;504;0.42
relu;(100, 100, 100, 50);0.3;0.01;none;1.00E-05;64;0.8;0.999;1.00E-08;0.026242413;-0.047971444;504;1.18
relu;(50, 50, 50);0;0.001;none;0.0001;32;0.9;0.99;1.00E-08;0.02624305;-0.047996885;506;0.34
relu;(100, 50, 25);0.3;0.03;l1;0.01;16;0.9;0.999;1.00E-06;0.026243955;-0.048033006;506;1.53
relu;(100, 50, 25);0.3;0.03;none;0.0001;32;0.99;0.9;1.00E-08;0.026244249;-0.048044764;506;0.88
relu;(100, 50, 25);0.3;0.03;l2;0.01;16;0.9;0.9;1.00E-08;0.026245727;-0.048103765;506;1.04
relu;(100, 50, 25);0.3;0.001;l1;0.01;16;0.9;0.9;1.00E-08;0.026247577;-0.048177675;506;0.4
relu;(50, 50, 50);0.1;0.001;l1;0.01;64;0.9;0.999;1.00E-06;0.026247707;-0.048182859;504;0.53
relu;(100, 50, 25);0.3;0.01;none;0.01;32;0.8;0.99;1.00E-08;0.026247742;-0.048184259;506;0.65
relu;(100, 100, 100, 50);0.3;0.03;l2;1.00E-05;32;0.8;0.999;1.00E-08;0.026248492;-0.048214196;506;1.35
relu;(100, 100, 100, 50);0.3;0.03;l1;1.00E-05;32;0.8;0.999;1.00E-08;0.026249063;-0.048236993;506;1.35
relu;(100, 100, 100, 50);0;0.001;l1;1.00E-05;32;0.9;0.99;1.00E-06;0.026249161;-0.048240935;506;1.53
relu;(50, 50, 50);0;0.001;l2;0.0001;64;0.8;0.99;1.00E-06;0.026250024;-0.048275391;504;0.4
relu;(100, 50, 25);0;0.001;none;0.01;32;0.8;0.99;1.00E-08;0.026252657;-0.048380528;506;1.46
relu;(50, 50, 50);0.1;0.01;l1;0.01;32;0.9;0.999;1.00E-06;0.026253517;-0.048414868;506;0.62
relu;(100, 100, 100, 50);0.3;0.03;l2;0.0001;16;0.8;0.9;1.00E-06;0.026254461;-0.048452586;506;0.8
relu;(100, 50, 25);0;0.001;l1;0.01;32;0.99;0.99;1.00E-06;0.02625792;-0.04859072;506;0.89
relu;(100, 50, 25);0;0.001;none;0.01;32;0.99;0.99;1.00E-08;0.026258335;-0.048607266;506;0.69
relu;(100, 100, 100, 50);0.3;0.03;l2;0.01;32;0.99;0.9;1.00E-08;0.026258467;-0.048612541;506;0.92
relu;(100, 100, 100, 50);0.1;0.01;l1;0.01;32;0.99;0.99;1.00E-06;0.026259102;-0.048637893;506;1.67
relu;(50, 50, 50);0.3;0.01;none;0.01;32;0.8;0.99;1.00E-08;0.02626189;-0.048749241;506;0.69
relu;(100, 100, 100, 50);0.3;0.03;l1;0.0001;16;0.8;0.999;1.00E-06;0.026262081;-0.048756881;506;1.12
relu;(100, 50, 25);0;0.001;l2;0.0001;64;0.9;0.9;1.00E-08;0.026262269;-0.048764382;504;0.95
relu;(50, 50, 50);0.1;0.03;l1;0.01;64;0.9;0.9;1.00E-06;0.026262411;-0.048770059;504;1
relu;(100, 50, 25);0.1;0.01;l2;0.0001;64;0.99;0.9;1.00E-08;0.02626269;-0.048781182;504;0.92
relu;(100, 50, 25);0.3;0.01;l1;0.01;16;0.9;0.9;1.00E-06;0.026263254;-0.048803694;506;0.38
relu;(100, 100, 100, 50);0;0.001;l2;0.0001;64;0.9;0.99;1.00E-08;0.026264024;-0.048834448;504;1.19
relu;(100, 50, 25);0.1;0.001;l1;0.01;16;0.99;0.9;1.00E-06;0.026264215;-0.048842077;506;1.11
relu;(50, 50, 50);0.3;0.001;none;0.01;64;0.9;0.9;1.00E-06;0.026267183;-0.048960614;504;0.81
relu;(50, 50, 50);0;0.001;none;0.0001;64;0.9;0.99;1.00E-06;0.026267581;-0.04897652;504;0.38
relu;(100, 100, 100, 50);0;0.001;none;1.00E-05;64;0.99;0.999;1.00E-06;0.026269436;-0.049050591;504;1.25
relu;(100, 50, 25);0;0.01;l1;0.01;32;0.9;0.99;1.00E-08;0.026269446;-0.049050999;506;0.35
relu;(100, 50, 25);0;0.001;l1;0.01;64;0.9;0.999;1.00E-08;0.026269553;-0.049055269;504;0.99
relu;(100, 50, 25);0.1;0.03;l2;0.01;32;0.9;0.99;1.00E-06;0.026271366;-0.049127666;506;0.94
relu;(100, 100, 100, 50);0.1;0.03;l2;0.01;64;0.8;0.999;1.00E-08;0.026271713;-0.049141497;504;0.92
relu;(100, 50, 25);0;0.001;l1;1.00E-05;64;0.9;0.99;1.00E-06;0.026273847;-0.049226714;504;0.8
relu;(100, 100, 100, 50);0.3;0.001;l2;0.01;32;0.9;0.99;1.00E-06;0.026274528;-0.049253913;506;0.9
relu;(100, 100, 100, 50);0.1;0.03;l1;0.01;16;0.9;0.999;1.00E-08;0.026275262;-0.049283259;506;0.73
relu;(100, 100, 100, 50);0.1;0.001;l1;0.01;64;0.99;0.999;1.00E-08;0.026275486;-0.04929217;504;1.95
relu;(50, 50, 50);0.3;0.03;none;0.0001;16;0.99;0.999;1.00E-08;0.026275738;-0.049302246;506;0.74
relu;(50, 50, 50);0.1;0.03;l1;0.01;64;0.8;0.999;1.00E-08;0.026275978;-0.049311847;504;0.94
relu;(50, 50, 50);0.3;0.01;none;1.00E-05;16;0.99;0.999;1.00E-08;0.026276002;-0.0493128;506;0.58
relu;(100, 100, 100, 50);0;0.001;none;0.0001;16;0.9;0.9;1.00E-08;0.026276212;-0.04932119;506;1.07
relu;(100, 50, 25);0.3;0.001;l2;0.0001;64;0.9;0.99;1.00E-06;0.026277011;-0.049353082;504;0.53
relu;(50, 50, 50);0.3;0.001;l2;0.0001;16;0.99;0.9;1.00E-06;0.026277893;-0.049388318;506;0.8
relu;(100, 50, 25);0.3;0.01;l2;1.00E-05;32;0.99;0.999;1.00E-08;0.02627835;-0.049406557;506;0.38
relu;(100, 50, 25);0.3;0.001;l1;0.01;64;0.9;0.999;1.00E-06;0.026278699;-0.049420509;504;0.63
relu;(100, 50, 25);0.3;0.03;none;0.0001;32;0.8;0.999;1.00E-06;0.026279804;-0.049464633;506;0.89
relu;(50, 50, 50);0.3;0.03;none;1.00E-05;64;0.9;0.999;1.00E-08;0.026279984;-0.04947179;504;0.69
relu;(50, 50, 50);0;0.001;none;1.00E-05;32;0.99;0.9;1.00E-08;0.026280489;-0.049491977;506;0.42
relu;(50, 50, 50);0.3;0.001;none;0.0001;64;0.99;0.9;1.00E-08;0.026281821;-0.049545165;504;0.71
relu;(50, 50, 50);0.3;0.03;l2;0.0001;16;0.99;0.9;1.00E-06;0.026282583;-0.049575582;506;1.2
relu;(100, 100, 100, 50);0.1;0.03;l2;0.01;32;0.8;0.99;1.00E-06;0.026283504;-0.049612371;506;0.73
relu;(100, 50, 25);0.3;0.01;l1;0.0001;32;0.99;0.99;1.00E-06;0.02628462;-0.049656948;506;0.42
relu;(100, 50, 25);0;0.01;l1;0.01;64;0.9;0.9;1.00E-08;0.026285626;-0.04969712;504;0.45
relu;(100, 50, 25);0.1;0.001;l1;0.01;16;0.8;0.9;1.00E-08;0.026285996;-0.04971189;506;1.08
relu;(50, 50, 50);0.3;0.03;l1;0.0001;16;0.8;0.9;1.00E-08;0.026287864;-0.049786492;506;0.6
relu;(100, 50, 25);0;0.001;none;0.01;32;0.9;0.999;1.00E-08;0.02628804;-0.049793509;506;0.83
relu;(100, 100, 100, 50);0;0.03;none;0.01;32;0.9;0.999;1.00E-08;0.026288738;-0.049821393;506;1.31
relu;(100, 50, 25);0.1;0.03;l1;1.00E-05;32;0.99;0.99;1.00E-06;0.026289001;-0.049831885;506;0.93
relu;(100, 100, 100, 50);0.3;0.01;l1;0.0001;16;0.9;0.9;1.00E-06;0.02628913;-0.049837035;506;0.78
relu;(100, 50, 25);0.3;0.01;l1;0.01;32;0.99;0.999;1.00E-08;0.026292149;-0.049957617;506;0.49
relu;(50, 50, 50);0.3;0.03;none;1.00E-05;16;0.8;0.99;1.00E-08;0.026292462;-0.049970111;506;0.54
relu;(100, 100, 100, 50);0;0.01;none;0.01;16;0.99;0.9;1.00E-08;0.02629275;-0.049981607;506;0.89
relu;(100, 100, 100, 50);0.3;0.03;l1;1.00E-05;32;0.8;0.9;1.00E-06;0.026293444;-0.050009316;506;1.41
relu;(50, 50, 50);0.1;0.001;l1;0.0001;64;0.9;0.99;1.00E-08;0.026293589;-0.050015127;504;0.53
relu;(50, 50, 50);0.1;0.01;l2;1.00E-05;64;0.9;0.99;1.00E-08;0.026293913;-0.050028056;504;0.95
relu;(100, 50, 25);0.3;0.01;l1;0.0001;32;0.9;0.9;1.00E-08;0.026296149;-0.050117346;506;0.46
relu;(100, 100, 100, 50);0.3;0.01;l2;0.01;16;0.9;0.9;1.00E-06;0.026296232;-0.050120647;506;0.59
relu;(100, 50, 25);0.1;0.001;l2;1.00E-05;16;0.9;0.999;1.00E-06;0.026296973;-0.050150267;506;0.65
relu;(100, 50, 25);0.3;0.03;none;0.0001;64;0.9;0.99;1.00E-08;0.026296984;-0.050150706;504;0.87
relu;(100, 50, 25);0.1;0.001;l2;0.0001;64;0.9;0.99;1.00E-08;0.026300273;-0.050282033;504;0.93
relu;(100, 50, 25);0.3;0.03;none;0.0001;64;0.9;0.999;1.00E-06;0.026300569;-0.050293869;504;0.95
relu;(100, 100, 100, 50);0.3;0.03;none;1.00E-05;32;0.8;0.99;1.00E-08;0.026300806;-0.050303336;506;0.69
relu;(50, 50, 50);0.1;0.001;l2;1.00E-05;16;0.8;0.999;1.00E-06;0.026300887;-0.050306567;506;0.4
relu;(100, 50, 25);0.1;0.01;l1;0.01;64;0.8;0.999;1.00E-08;0.026301328;-0.050324175;504;1.18
relu;(100, 50, 25);0.3;0.001;none;0.01;64;0.99;0.9;1.00E-06;0.026302833;-0.050384254;504;0.46
relu;(100, 50, 25);0.3;0.01;l2;1.00E-05;16;0.8;0.999;1.00E-06;0.0263029;-0.05038695;506;0.34
relu;(100, 50, 25);0.1;0.01;l1;0.01;32;0.9;0.99;1.00E-06;0.026304908;-0.050467135;506;1.38
relu;(50, 50, 50);0.3;0.01;none;1.00E-05;32;0.99;0.999;1.00E-06;0.026305712;-0.050499258;506;0.85
relu;(100, 50, 25);0.1;0.001;none;1.00E-05;64;0.9;0.99;1.00E-08;0.026306586;-0.050534133;504;0.62
relu;(100, 100, 100, 50);0.3;0.01;none;1.00E-05;64;0.99;0.99;1.00E-08;0.026307123;-0.050555595;504;1.05
relu;(100, 50, 25);0.3;0.01;none;0.0001;32;0.99;0.999;1.00E-06;0.026307907;-0.050586896;506;0.38
relu;(100, 50, 25);0.1;0.001;l1;0.01;16;0.99;0.99;1.00E-06;0.026309158;-0.050636847;506;1.05
relu;(100, 50, 25);0.1;0.03;none;0.0001;16;0.99;0.99;1.00E-06;0.026309399;-0.050646491;506;0.89
relu;(100, 50, 25);0;0.03;l1;0.01;32;0.99;0.99;1.00E-06;0.026309455;-0.050648707;506;0.36
relu;(100, 50, 25);0.3;0.03;l2;0.0001;32;0.8;0.999;1.00E-06;0.026310638;-0.050695939;506;0.88
relu;(100, 100, 100, 50);0.3;0.03;l2;1.00E-05;16;0.9;0.999;1.00E-08;0.026311232;-0.050719672;506;0.93
relu;(100, 50, 25);0.3;0.001;l1;0.01;64;0.99;0.999;1.00E-06;0.026311844;-0.050744113;504;0.53
relu;(50, 50, 50);0.3;0.001;l1;0.01;32;0.99;0.999;1.00E-08;0.026311871;-0.050745194;506;0.67
relu;(50, 50, 50);0.1;0.03;l1;0.0001;64;0.99;0.999;1.00E-06;0.026313723;-0.050819135;504;0.81
relu;(100, 50, 25);0;0.01;l2;0.0001;32;0.8;0.99;1.00E-08;0.026314492;-0.050849874;506;0.29
relu;(100, 100, 100, 50);0.1;0.03;l1;0.01;32;0.8;0.999;1.00E-06;0.026314537;-0.050851669;506;0.75
relu;(100, 100, 100, 50);0.3;0.001;l1;0.01;16;0.99;0.999;1.00E-06;0.026314735;-0.050859582;506;0.69
relu;(100, 50, 25);0.3;0.01;none;1.00E-05;16;0.8;0.999;1.00E-08;0.026315078;-0.050873244;506;0.34
relu;(100, 100, 100, 50);0.3;0.01;none;1.00E-05;64;0.9;0.999;1.00E-08;0.026316582;-0.050933322;504;1.06
relu;(100, 100, 100, 50);0.3;0.03;l1;1.00E-05;64;0.8;0.9;1.00E-06;0.026316675;-0.05093702;504;1.43
relu;(100, 50, 25);0.3;0.03;none;0.01;32;0.9;0.9;1.00E-08;0.02631813;-0.050995124;506;0.8
relu;(50, 50, 50);0.3;0.001;none;1.00E-05;32;0.99;0.999;1.00E-06;0.026318994;-0.051029653;506;0.58
relu;(100, 100, 100, 50);0.3;0.001;none;0.0001;32;0.9;0.99;1.00E-08;0.02631923;-0.051039085;506;0.73
relu;(100, 50, 25);0.1;0.001;none;0.0001;64;0.8;0.9;1.00E-08;0.026319393;-0.051045576;504;0.45
relu;(100, 100, 100, 50);0;0.001;none;0.0001;16;0.99;0.99;1.00E-06;0.026320571;-0.05109262;506;0.97
relu;(100, 50, 25);0.3;0.01;l1;0.01;32;0.9;0.99;1.00E-08;0.026321214;-0.051118316;506;0.43
relu;(100, 50, 25);0.1;0.03;l1;0.0001;64;0.99;0.99;1.00E-08;0.02632246;-0.051168065;504;1.26
relu;(100, 50, 25);0.3;0.03;l2;0.01;16;0.99;0.9;1.00E-08;0.026322822;-0.051182498;506;0.94
relu;(100, 100, 100, 50);0;0.001;l2;1.00E-05;64;0.8;0.9;1.00E-08;0.026322963;-0.051188155;504;1.51
relu;(100, 100, 100, 50);0.3;0.01;none;0.0001;16;0.9;0.999;1.00E-08;0.026324215;-0.051238156;506;0.7
relu;(100, 50, 25);0;0.01;none;0.0001;32;0.9;0.999;1.00E-08;0.026324508;-0.051249844;506;0.8
relu;(100, 50, 25);0.3;0.03;l2;0.0001;16;0.9;0.99;1.00E-08;0.026325159;-0.051275826;506;1.08
relu;(100, 50, 25);0.3;0.03;l2;0.01;16;0.99;0.999;1.00E-06;0.026325474;-0.051288402;506;1.08
relu;(100, 50, 25);0;0.001;none;0.01;32;0.8;0.9;1.00E-06;0.026327099;-0.051353326;506;1.41
relu;(100, 100, 100, 50);0.1;0.01;l2;0.01;64;0.99;0.99;1.00E-08;0.026328549;-0.051411203;504;2.09
relu;(50, 50, 50);0;0.001;l1;1.00E-05;64;0.9;0.999;1.00E-06;0.026329414;-0.051445768;504;1.53
relu;(100, 50, 25);0;0.03;none;1.00E-05;16;0.99;0.99;1.00E-06;0.02632949;-0.05144879;506;0.26
relu;(100, 50, 25);0.3;0.001;l1;0.01;64;0.8;0.9;1.00E-08;0.026330559;-0.051491497;504;0.51
relu;(100, 100, 100, 50);0.3;0.001;l1;0.01;64;0.8;0.9;1.00E-06;0.026330999;-0.05150905;504;1.12
relu;(50, 50, 50);0;0.001;l2;1.00E-05;64;0.9;0.99;1.00E-06;0.026331347;-0.051522949;504;0.49
relu;(50, 50, 50);0;0.001;l2;1.00E-05;32;0.8;0.99;1.00E-06;0.026332902;-0.051585047;506;0.38
relu;(100, 50, 25);0.3;0.001;none;0.0001;64;0.8;0.9;1.00E-06;0.026333671;-0.051615741;504;0.61
relu;(100, 100, 100, 50);0.1;0.03;l1;1.00E-05;64;0.99;0.999;1.00E-06;0.02633488;-0.05166404;504;1.96
relu;(100, 100, 100, 50);0.3;0.03;l1;0.01;32;0.99;0.9;1.00E-08;0.026335874;-0.051703729;506;2.12
relu;(50, 50, 50);0;0.001;l2;1.00E-05;16;0.8;0.99;1.00E-06;0.026336293;-0.051720463;506;0.32
relu;(100, 50, 25);0.3;0.01;none;0.01;16;0.8;0.9;1.00E-08;0.026336413;-0.051725252;506;0.38
relu;(50, 50, 50);0;0.001;l2;1.00E-05;64;0.8;0.999;1.00E-06;0.026336436;-0.051726165;504;0.46
relu;(100, 50, 25);0.3;0.001;l1;0.01;16;0.99;0.99;1.00E-06;0.026336582;-0.051732022;506;0.38
relu;(100, 100, 100, 50);0;0.001;l2;1.00E-05;32;0.9;0.99;1.00E-06;0.026336948;-0.051746631;506;1.31
relu;(100, 50, 25);0.3;0.01;l1;0.0001;16;0.9;0.99;1.00E-08;0.026337039;-0.051750269;506;0.42
relu;(100, 100, 100, 50);0;0.001;l2;1.00E-05;64;0.9;0.9;1.00E-06;0.026337449;-0.051766639;504;1.54
relu;(50, 50, 50);0.3;0.01;l2;0.01;32;0.8;0.999;1.00E-06;0.026337461;-0.05176712;506;0.64
relu;(100, 100, 100, 50);0.3;0.001;l1;1.00E-05;32;0.9;0.9;1.00E-08;0.026337725;-0.051777658;506;0.9
relu;(100, 100, 100, 50);0.3;0.01;l1;0.01;64;0.9;0.99;1.00E-08;0.026338088;-0.051792153;504;1.2
relu;(100, 100, 100, 50);0.1;0.03;l1;0.01;64;0.99;0.99;1.00E-08;0.026338727;-0.051817677;504;1.11
relu;(50, 50, 50);0;0.03;l1;0.01;16;0.99;0.9;1.00E-08;0.026339751;-0.051858577;506;0.4
relu;(50, 50, 50);0;0.03;l1;0.01;64;0.9;0.99;1.00E-06;0.026340518;-0.051889174;504;0.4
relu;(100, 100, 100, 50);0.1;0.03;l1;0.0001;32;0.9;0.9;1.00E-08;0.026341049;-0.051910381;506;1.43
relu;(50, 50, 50);0;0.01;l1;0.01;32;0.8;0.999;1.00E-08;0.026345974;-0.052107065;506;0.41
relu;(100, 50, 25);0.3;0.001;none;1.00E-05;64;0.8;0.999;1.00E-08;0.026346003;-0.05210823;504;0.58
relu;(50, 50, 50);0.3;0.01;none;0.01;64;0.9;0.99;1.00E-08;0.026347378;-0.052163134;504;0.75
relu;(100, 50, 25);0.1;0.001;l1;0.01;32;0.99;0.99;1.00E-06;0.026348157;-0.052194237;506;1.08
relu;(50, 50, 50);0.3;0.01;l2;0.01;32;0.9;0.9;1.00E-06;0.026348666;-0.052214556;506;0.66
relu;(100, 100, 100, 50);0.3;0.001;l2;1.00E-05;32;0.8;0.9;1.00E-06;0.026349871;-0.052262679;506;0.98
relu;(100, 100, 100, 50);0.1;0.03;l1;1.00E-05;16;0.99;0.999;1.00E-06;0.026350374;-0.052282776;506;1.81
relu;(100, 100, 100, 50);0;0.001;l1;0.0001;32;0.8;0.99;1.00E-08;0.026350917;-0.052304456;506;1.23
relu;(50, 50, 50);0;0.001;l2;1.00E-05;16;0.8;0.99;1.00E-08;0.026352011;-0.052348143;506;0.32
relu;(50, 50, 50);0.1;0.001;l1;0.01;32;0.9;0.9;1.00E-06;0.026354558;-0.052449852;506;0.48
relu;(100, 100, 100, 50);0.1;0.001;none;1.00E-05;32;0.9;0.9;1.00E-08;0.026355278;-0.052478615;506;1.7
relu;(50, 50, 50);0;0.001;none;1.00E-05;16;0.9;0.9;1.00E-06;0.026355903;-0.052503564;506;0.34
relu;(100, 100, 100, 50);0.3;0.03;l2;0.0001;16;0.99;0.9;1.00E-06;0.026358551;-0.052609345;506;1.29
relu;(100, 100, 100, 50);0.1;0.03;l2;1.00E-05;32;0.99;0.99;1.00E-06;0.026358579;-0.052610442;506;0.84
relu;(100, 100, 100, 50);0.1;0.001;l1;0.01;16;0.8;0.99;1.00E-06;0.026359195;-0.052635048;506;1.66
relu;(100, 100, 100, 50);0;0.03;l1;0.01;32;0.9;0.999;1.00E-06;0.026360151;-0.052673218;506;1.47
relu;(100, 50, 25);0;0.03;l1;0.0001;64;0.99;0.9;1.00E-06;0.026364647;-0.052852757;504;0.45
relu;(50, 50, 50);0.3;0.001;l2;1.00E-05;32;0.8;0.9;1.00E-06;0.026365043;-0.052868586;506;0.67
relu;(50, 50, 50);0.3;0.03;l1;0.01;16;0.8;0.9;1.00E-08;0.026366214;-0.052915332;506;1.54
relu;(100, 50, 25);0.1;0.03;l2;1.00E-05;16;0.99;0.99;1.00E-06;0.026366466;-0.052925387;506;0.73
relu;(100, 100, 100, 50);0.1;0.001;l1;0.0001;16;0.8;0.999;1.00E-08;0.026367837;-0.052980141;506;1.33
relu;(100, 100, 100, 50);0.3;0.001;l1;0.0001;64;0.9;0.9;1.00E-06;0.026368734;-0.053015968;504;1.08
relu;(100, 100, 100, 50);0.3;0.01;l2;1.00E-05;64;0.8;0.999;1.00E-06;0.026369238;-0.05303612;504;1.05
relu;(100, 50, 25);0;0.001;none;0.01;64;0.99;0.99;1.00E-08;0.026370299;-0.053078469;504;0.85
relu;(50, 50, 50);0.1;0.001;none;0.01;32;0.9;0.99;1.00E-08;0.026370431;-0.053083749;506;0.43
relu;(50, 50, 50);0.1;0.03;l1;0.0001;32;0.99;0.99;1.00E-08;0.026371737;-0.053135911;506;0.65
relu;(50, 50, 50);0;0.001;none;0.0001;64;0.9;0.999;1.00E-08;0.026371761;-0.053136854;504;0.38
relu;(50, 50, 50);0.3;0.001;l1;0.01;64;0.99;0.99;1.00E-08;0.026372129;-0.053151558;504;0.72
relu;(50, 50, 50);0.3;0.01;none;0.01;64;0.8;0.99;1.00E-08;0.026373498;-0.053206206;504;0.87
relu;(50, 50, 50);0.3;0.001;none;1.00E-05;64;0.9;0.99;1.00E-06;0.026374541;-0.053247872;504;0.92
relu;(100, 50, 25);0.3;0.03;l1;0.01;32;0.99;0.999;1.00E-06;0.026374705;-0.053254442;506;1.25
relu;(100, 100, 100, 50);0.3;0.01;l2;0.01;64;0.99;0.9;1.00E-08;0.026375418;-0.053282885;504;1.13
relu;(100, 50, 25);0;0.001;none;0.0001;32;0.9;0.9;1.00E-08;0.026375872;-0.053301033;506;1.37
relu;(100, 100, 100, 50);0;0.01;l1;0.01;64;0.99;0.9;1.00E-06;0.02637595;-0.053304152;504;1.36
relu;(100, 100, 100, 50);0.3;0.01;none;1.00E-05;16;0.9;0.99;1.00E-06;0.02637865;-0.053411974;506;0.62
relu;(100, 50, 25);0.3;0.001;l1;0.01;32;0.99;0.999;1.00E-08;0.026380672;-0.053492711;506;0.46
relu;(100, 100, 100, 50);0.1;0.01;l2;1.00E-05;16;0.99;0.99;1.00E-06;0.026382993;-0.053585415;506;1.31
relu;(50, 50, 50);0;0.001;l2;1.00E-05;16;0.99;0.99;1.00E-08;0.026383919;-0.053622392;506;0.32
relu;(100, 50, 25);0.3;0.01;l2;0.0001;64;0.8;0.999;1.00E-06;0.026384794;-0.053657328;504;1.05
relu;(100, 100, 100, 50);0;0.01;none;0.01;32;0.8;0.9;1.00E-06;0.026386769;-0.053736204;506;1.1
relu;(50, 50, 50);0.1;0.03;none;0.0001;32;0.8;0.999;1.00E-06;0.026387262;-0.053755895;506;0.69
relu;(50, 50, 50);0.1;0.001;l1;0.01;16;0.8;0.999;1.00E-06;0.026389362;-0.053839726;506;0.45
relu;(100, 50, 25);0.3;0.03;l1;1.00E-05;32;0.9;0.99;1.00E-08;0.026393153;-0.053991135;506;1.12
relu;(100, 100, 100, 50);0;0.001;l1;0.01;16;0.99;0.999;1.00E-06;0.026394156;-0.054031189;506;1.22
relu;(100, 50, 25);0.3;0.03;none;0.01;64;0.99;0.99;1.00E-08;0.026394372;-0.054039826;504;0.9
relu;(50, 50, 50);0.3;0.03;l2;0.0001;32;0.99;0.999;1.00E-08;0.026395195;-0.05407269;506;0.95
relu;(50, 50, 50);0.1;0.03;l1;1.00E-05;64;0.99;0.9;1.00E-08;0.026395905;-0.05410103;504;0.9
relu;(100, 50, 25);0.1;0.01;l1;0.01;32;0.8;0.99;1.00E-08;0.026396153;-0.054110933;506;1.41
relu;(100, 100, 100, 50);0;0.01;none;0.01;64;0.99;0.9;1.00E-08;0.02639695;-0.054142771;504;1.43
relu;(100, 50, 25);0;0.001;l2;0.0001;64;0.8;0.999;1.00E-08;0.02639788;-0.054179884;504;0.94
relu;(50, 50, 50);0.3;0.001;l1;0.01;32;0.99;0.99;1.00E-08;0.026398073;-0.054187614;506;0.69
relu;(50, 50, 50);0.1;0.03;l1;0.01;16;0.8;0.999;1.00E-06;0.026400941;-0.054302143;506;0.64
relu;(100, 50, 25);0.1;0.001;l2;1.00E-05;32;0.8;0.99;1.00E-08;0.026402966;-0.054383012;506;0.75
relu;(100, 100, 100, 50);0;0.03;none;0.01;16;0.9;0.99;1.00E-06;0.026404501;-0.054444303;506;1.13
relu;(100, 50, 25);0.3;0.01;l1;1.00E-05;64;0.99;0.99;1.00E-08;0.026405429;-0.054481345;504;0.52
relu;(50, 50, 50);0.3;0.01;none;0.01;32;0.99;0.9;1.00E-08;0.026406125;-0.054509158;506;0.64
relu;(50, 50, 50);0.3;0.01;l1;0.01;64;0.99;0.999;1.00E-08;0.026407981;-0.054583265;504;0.85
relu;(100, 50, 25);0.1;0.03;l1;0.01;16;0.8;0.999;1.00E-06;0.026412387;-0.054759236;506;1.08
relu;(100, 100, 100, 50);0.3;0.001;none;0.01;64;0.8;0.99;1.00E-08;0.026412821;-0.05477655;504;0.95
relu;(100, 50, 25);0.3;0.03;none;0.01;64;0.99;0.999;1.00E-08;0.026415573;-0.054886437;504;1.04
relu;(50, 50, 50);0.3;0.03;none;0.0001;64;0.9;0.99;1.00E-06;0.026416575;-0.054926465;504;0.69
relu;(50, 50, 50);0.3;0.001;l1;0.01;32;0.9;0.999;1.00E-06;0.02641722;-0.054952229;506;0.83
relu;(50, 50, 50);0;0.001;none;0.01;32;0.9;0.9;1.00E-08;0.026419618;-0.055047995;506;1.08
relu;(100, 100, 100, 50);0;0.001;l2;0.0001;16;0.99;0.999;1.00E-08;0.02642096;-0.055101603;506;1.12
relu;(100, 50, 25);0.1;0.01;none;0.01;16;0.99;0.9;1.00E-06;0.026424457;-0.055241231;506;0.73
relu;(100, 100, 100, 50);0.3;0.001;l1;0.01;16;0.8;0.999;1.00E-06;0.026424919;-0.055259664;506;0.74
relu;(100, 100, 100, 50);0.1;0.001;l1;1.00E-05;64;0.99;0.99;1.00E-08;0.026425194;-0.055270653;504;1.83
relu;(100, 50, 25);0.1;0.03;none;1.00E-05;32;0.99;0.99;1.00E-08;0.026425402;-0.055278956;506;1.03
relu;(100, 50, 25);0;0.001;none;1.00E-05;16;0.8;0.999;1.00E-08;0.026426374;-0.055317791;506;1.26
relu;(100, 100, 100, 50);0;0.001;l1;1.00E-05;32;0.9;0.999;1.00E-06;0.026426616;-0.055327458;506;1.45
relu;(100, 50, 25);0;0.01;l2;0.01;64;0.99;0.999;1.00E-08;0.026427701;-0.055370796;504;0.49
relu;(50, 50, 50);0.3;0.001;l1;0.01;64;0.99;0.999;1.00E-06;0.026429318;-0.055435337;504;0.78
relu;(50, 50, 50);0.3;0.001;l2;1.00E-05;64;0.99;0.999;1.00E-06;0.026429341;-0.055436268;504;0.86
relu;(100, 100, 100, 50);0.3;0.01;l2;0.0001;32;0.8;0.999;1.00E-08;0.026430486;-0.055482006;506;0.78
relu;(100, 100, 100, 50);0.1;0.03;l2;0.0001;16;0.99;0.9;1.00E-08;0.026430832;-0.055495802;506;0.66
relu;(100, 100, 100, 50);0.3;0.01;l2;1.00E-05;16;0.9;0.999;1.00E-08;0.026430894;-0.055498307;506;0.68
relu;(50, 50, 50);0.3;0.001;l1;0.01;64;0.99;0.999;1.00E-08;0.026431679;-0.055529626;504;0.71
relu;(50, 50, 50);0;0.01;l1;0.01;16;0.99;0.999;1.00E-06;0.026432456;-0.05556068;506;0.38
relu;(100, 50, 25);0;0.001;none;1.00E-05;16;0.99;0.9;1.00E-08;0.026433483;-0.055601679;506;1.23
relu;(100, 100, 100, 50);0.3;0.001;l2;0.01;16;0.9;0.9;1.00E-06;0.026435769;-0.055692978;506;0.82
relu;(100, 100, 100, 50);0.3;0.001;none;0.0001;64;0.99;0.999;1.00E-06;0.026436722;-0.055731029;504;0.96
relu;(50, 50, 50);0.1;0.001;none;1.00E-05;16;0.8;0.9;1.00E-08;0.026436791;-0.05573378;506;1.35
relu;(50, 50, 50);0.3;0.001;l2;0.0001;32;0.9;0.999;1.00E-06;0.0264368;-0.055734123;506;0.59
relu;(100, 100, 100, 50);0.3;0.03;l2;0.0001;64;0.9;0.99;1.00E-06;0.026441153;-0.055907987;504;1.57
relu;(100, 50, 25);0.1;0.03;none;1.00E-05;64;0.99;0.9;1.00E-08;0.026441387;-0.055917334;504;1.17
relu;(100, 50, 25);0.3;0.01;l2;0.0001;64;0.9;0.999;1.00E-08;0.026441699;-0.055929763;504;1.03
relu;(100, 50, 25);0.3;0.03;l1;0.0001;64;0.99;0.9;1.00E-06;0.026441899;-0.055937774;504;1.48
relu;(50, 50, 50);0.3;0.03;none;1.00E-05;16;0.8;0.9;1.00E-08;0.026442834;-0.055975116;506;0.7
relu;(50, 50, 50);0;0.001;none;1.00E-05;16;0.8;0.9;1.00E-06;0.026443843;-0.056015401;506;0.31
relu;(100, 100, 100, 50);0.3;0.01;l1;1.00E-05;16;0.8;0.99;1.00E-06;0.026445229;-0.056070734;506;0.81
relu;(100, 100, 100, 50);0.3;0.01;none;0.0001;16;0.99;0.9;1.00E-06;0.026446128;-0.056106644;506;0.67
relu;(100, 50, 25);0.3;0.01;none;1.00E-05;64;0.9;0.9;1.00E-06;0.026446835;-0.056134885;504;0.73
relu;(100, 100, 100, 50);0.1;0.03;l1;0.0001;32;0.99;0.99;1.00E-08;0.026447338;-0.056154973;506;1.42
relu;(100, 100, 100, 50);0.3;0.03;l2;0.01;32;0.8;0.9;1.00E-08;0.026447692;-0.056169119;506;0.79
relu;(50, 50, 50);0.1;0.01;none;1.00E-05;64;0.99;0.999;1.00E-08;0.026447798;-0.056173323;504;1.56
relu;(100, 50, 25);0.3;0.01;l1;0.01;64;0.8;0.99;1.00E-08;0.026448455;-0.056199581;504;0.51
relu;(50, 50, 50);0;0.001;none;0.0001;64;0.99;0.999;1.00E-08;0.026449268;-0.056232055;504;1.47
relu;(100, 50, 25);0.1;0.001;l2;1.00E-05;32;0.99;0.9;1.00E-06;0.026449394;-0.05623709;506;0.8
relu;(50, 50, 50);0.3;0.001;none;0.0001;16;0.9;0.999;1.00E-08;0.026449645;-0.056247095;506;0.54
relu;(100, 100, 100, 50);0.1;0.001;none;0.0001;64;0.99;0.99;1.00E-06;0.026450341;-0.056274905;504;1.83
relu;(100, 100, 100, 50);0.3;0.01;l2;1.00E-05;64;0.8;0.999;1.00E-08;0.026450439;-0.056278802;504;0.96
relu;(50, 50, 50);0.1;0.001;l1;0.0001;32;0.9;0.99;1.00E-06;0.026452337;-0.056354602;506;0.43
relu;(100, 100, 100, 50);0.1;0.01;none;1.00E-05;64;0.8;0.99;1.00E-08;0.026455163;-0.056467437;504;1.74
relu;(100, 100, 100, 50);0.1;0.001;none;0.01;64;0.9;0.99;1.00E-08;0.026456692;-0.056528524;504;1.97
relu;(50, 50, 50);0.1;0.001;none;0.0001;16;0.99;0.99;1.00E-06;0.026457168;-0.056547542;506;0.4
relu;(100, 50, 25);0.3;0.001;none;0.0001;32;0.9;0.99;1.00E-06;0.026458182;-0.056588006;506;0.42
relu;(100, 100, 100, 50);0.3;0.01;l1;0.0001;64;0.9;0.9;1.00E-08;0.026460253;-0.056670735;504;1.06
relu;(100, 100, 100, 50);0.3;0.001;l1;0.01;64;0.8;0.999;1.00E-08;0.026460577;-0.056683647;504;1.02
relu;(100, 100, 100, 50);0.3;0.001;l1;0.01;64;0.9;0.9;1.00E-06;0.02646146;-0.056718929;504;1.09
relu;(50, 50, 50);0;0.001;none;1.00E-05;32;0.99;0.999;1.00E-06;0.02646207;-0.056743289;506;0.34
relu;(100, 100, 100, 50);0.3;0.03;l2;1.00E-05;64;0.9;0.9;1.00E-08;0.026463279;-0.056791553;504;1.4
relu;(50, 50, 50);0.3;0.03;l1;0.01;64;0.8;0.99;1.00E-08;0.026463585;-0.056803797;504;1.68
relu;(100, 50, 25);0.3;0.01;none;0.01;64;0.8;0.99;1.00E-08;0.026464549;-0.056842275;504;0.48
relu;(50, 50, 50);0.3;0.001;l2;0.01;64;0.99;0.999;1.00E-06;0.026464553;-0.056842427;504;0.91
relu;(50, 50, 50);0.1;0.03;l2;0.0001;64;0.99;0.9;1.00E-08;0.026464773;-0.056851223;504;0.86
relu;(100, 50, 25);0.3;0.03;l1;1.00E-05;16;0.9;0.9;1.00E-08;0.026464916;-0.056856948;506;0.95
relu;(100, 50, 25);0.1;0.03;l2;0.01;64;0.99;0.999;1.00E-06;0.026466181;-0.056907468;504;0.48
relu;(100, 100, 100, 50);0.1;0.001;none;1.00E-05;64;0.8;0.9;1.00E-06;0.026467009;-0.056940514;504;1.97
relu;(100, 100, 100, 50);0.3;0.03;l2;0.0001;16;0.9;0.9;1.00E-06;0.026467931;-0.056977355;506;1.24
relu;(100, 50, 25);0.3;0.001;l2;0.0001;32;0.9;0.999;1.00E-06;0.026468636;-0.057005508;506;0.39
relu;(100, 100, 100, 50);0;0.001;l1;1.00E-05;16;0.9;0.999;1.00E-06;0.026470998;-0.057099794;506;1.39
relu;(50, 50, 50);0;0.001;l2;0.0001;32;0.99;0.999;1.00E-06;0.026471945;-0.057137633;506;0.36
relu;(100, 50, 25);0.3;0.03;l1;0.01;64;0.99;0.9;1.00E-08;0.026473069;-0.057182518;504;1.06
relu;(100, 50, 25);0.1;0.001;l1;1.00E-05;16;0.9;0.99;1.00E-06;0.026473551;-0.057201756;506;1.16
relu;(100, 100, 100, 50);0.3;0.03;l2;1.00E-05;16;0.8;0.99;1.00E-08;0.026474083;-0.057223002;506;1.08
relu;(100, 50, 25);0;0.03;l1;0.0001;32;0.99;0.9;1.00E-06;0.026474346;-0.057233526;506;0.34
relu;(100, 50, 25);0.3;0.001;l1;0.01;64;0.8;0.9;1.00E-06;0.026474932;-0.057256923;504;0.51
relu;(100, 100, 100, 50);0;0.001;none;0.0001;16;0.9;0.99;1.00E-08;0.026475422;-0.057276476;506;0.97
relu;(50, 50, 50);0;0.03;l1;1.00E-05;32;0.9;0.99;1.00E-08;0.026476704;-0.057327671;506;0.41
relu;(100, 50, 25);0.1;0.001;l1;0.01;32;0.9;0.99;1.00E-08;0.026478229;-0.057388591;506;1.19
relu;(50, 50, 50);0.1;0.01;none;1.00E-05;32;0.8;0.99;1.00E-08;0.026479169;-0.057426115;506;0.5
relu;(100, 50, 25);0;0.03;l1;0.01;32;0.99;0.99;1.00E-08;0.026479589;-0.0574429;506;0.39
relu;(100, 100, 100, 50);0.3;0.001;none;1.00E-05;64;0.8;0.99;1.00E-08;0.026482308;-0.057551482;504;1.01
relu;(50, 50, 50);0.3;0.001;l2;0.0001;64;0.8;0.99;1.00E-06;0.0264828;-0.057571116;504;0.65
relu;(100, 50, 25);0;0.03;l1;0.0001;32;0.99;0.9;1.00E-08;0.026486181;-0.057706117;506;0.34
relu;(100, 100, 100, 50);0.3;0.001;l2;0.01;64;0.9;0.9;1.00E-06;0.026486938;-0.057736353;504;1
relu;(50, 50, 50);0.3;0.01;l1;1.00E-05;32;0.9;0.999;1.00E-08;0.026487055;-0.057741041;506;0.71
relu;(50, 50, 50);0;0.03;none;0.01;16;0.99;0.9;1.00E-06;0.026487514;-0.05775935;506;0.52
relu;(50, 50, 50);0.1;0.01;l2;1.00E-05;32;0.9;0.99;1.00E-06;0.026488289;-0.057790332;506;0.8
relu;(50, 50, 50);0;0.001;l2;0.0001;32;0.9;0.99;1.00E-08;0.02648967;-0.057845471;506;0.34
relu;(100, 100, 100, 50);0;0.01;l2;1.00E-05;32;0.8;0.9;1.00E-06;0.02649114;-0.057904184;506;1.26
relu;(100, 50, 25);0;0.001;l1;0.01;32;0.9;0.999;1.00E-06;0.026491527;-0.057919618;506;0.86
relu;(50, 50, 50);0.3;0.03;l1;1.00E-05;64;0.8;0.999;1.00E-08;0.026499256;-0.058228289;504;0.88
relu;(100, 100, 100, 50);0.1;0.01;l1;0.0001;64;0.99;0.9;1.00E-08;0.026499309;-0.058230409;504;2.01
relu;(100, 100, 100, 50);0;0.01;l1;0.0001;32;0.8;0.9;1.00E-08;0.026499804;-0.05825014;506;1.51
relu;(100, 100, 100, 50);0.1;0.01;l2;0.01;16;0.8;0.9;1.00E-08;0.026499932;-0.058255254;506;1.37
relu;(100, 100, 100, 50);0;0.03;l2;0.01;64;0.99;0.9;1.00E-08;0.026499989;-0.058257551;504;1.53
relu;(100, 100, 100, 50);0;0.001;l1;1.00E-05;16;0.8;0.999;1.00E-08;0.026504209;-0.058426067;506;1.37
relu;(100, 100, 100, 50);0.3;0.03;l2;0.01;32;0.8;0.99;1.00E-06;0.026504627;-0.05844278;506;1.21
relu;(50, 50, 50);0.3;0.001;none;1.00E-05;64;0.99;0.9;1.00E-06;0.026506049;-0.058499565;504;0.61
relu;(50, 50, 50);0.3;0.01;none;1.00E-05;16;0.9;0.99;1.00E-08;0.026508627;-0.058602493;506;0.75
relu;(50, 50, 50);0.1;0.001;l2;0.0001;32;0.9;0.99;1.00E-08;0.026509737;-0.058646818;506;0.45
relu;(100, 100, 100, 50);0;0.001;l1;1.00E-05;16;0.99;0.99;1.00E-08;0.02651023;-0.058666498;506;1.34
relu;(100, 100, 100, 50);0;0.03;l1;0.0001;64;0.99;0.9;1.00E-06;0.026510444;-0.058675046;504;1.58
relu;(50, 50, 50);0;0.001;none;0.01;32;0.8;0.9;1.00E-06;0.026510794;-0.058689024;506;1
relu;(100, 100, 100, 50);0;0.03;l2;0.01;32;0.99;0.9;1.00E-06;0.026511014;-0.058697822;506;1.23
relu;(100, 100, 100, 50);0;0.001;none;0.0001;64;0.9;0.999;1.00E-06;0.026511106;-0.058701498;504;1.66
relu;(50, 50, 50);0.3;0.03;l2;0.01;16;0.99;0.99;1.00E-08;0.026513249;-0.058787058;506;0.76
relu;(100, 100, 100, 50);0.1;0.03;l2;0.01;64;0.99;0.99;1.00E-06;0.026514834;-0.05885036;504;0.99
relu;(50, 50, 50);0.3;0.001;l1;1.00E-05;32;0.99;0.9;1.00E-08;0.026515285;-0.058868393;506;0.74
relu;(100, 100, 100, 50);0;0.001;l1;1.00E-05;16;0.9;0.99;1.00E-08;0.026515463;-0.058875506;506;1.41
relu;(100, 50, 25);0.3;0.03;l1;0.01;32;0.8;0.9;1.00E-08;0.026516389;-0.058912478;506;1.26
relu;(100, 50, 25);0.1;0.03;l1;0.01;16;0.8;0.999;1.00E-08;0.026517161;-0.058943293;506;1.05
relu;(100, 100, 100, 50);0.3;0.001;l1;0.0001;32;0.9;0.999;1.00E-08;0.026517384;-0.05895219;506;1.55
relu;(100, 50, 25);0.1;0.001;none;1.00E-05;64;0.8;0.99;1.00E-08;0.026517448;-0.058954746;504;0.45
relu;(100, 50, 25);0;0.001;none;0.01;16;0.9;0.99;1.00E-06;0.026519112;-0.059021208;506;1.37
relu;(50, 50, 50);0.1;0.001;none;1.00E-05;64;0.8;0.99;1.00E-08;0.026520732;-0.059085902;504;0.53
relu;(50, 50, 50);0.1;0.03;none;0.01;16;0.99;0.99;1.00E-06;0.026522679;-0.059163669;506;0.5
relu;(100, 100, 100, 50);0.3;0.001;l1;0.0001;64;0.99;0.99;1.00E-08;0.026523383;-0.059191772;504;1.16
relu;(100, 100, 100, 50);0.3;0.001;l2;0.0001;32;0.99;0.999;1.00E-06;0.026526425;-0.05931324;506;0.67
relu;(50, 50, 50);0;0.01;l1;1.00E-05;16;0.8;0.9;1.00E-06;0.026527184;-0.05934357;506;0.42
relu;(100, 100, 100, 50);0.1;0.03;l2;0.0001;16;0.99;0.9;1.00E-06;0.026527746;-0.059365994;506;0.68
relu;(100, 100, 100, 50);0.1;0.01;l1;0.01;64;0.9;0.99;1.00E-08;0.026527773;-0.059367093;504;1.91
relu;(100, 100, 100, 50);0.1;0.01;l2;0.01;32;0.8;0.9;1.00E-08;0.026528107;-0.059380419;506;1.57
relu;(100, 50, 25);0.1;0.03;l1;0.01;32;0.9;0.99;1.00E-08;0.026528668;-0.059402808;506;1.16
relu;(50, 50, 50);0.3;0.001;l1;0.0001;16;0.9;0.999;1.00E-06;0.026529326;-0.059429095;506;0.69
relu;(100, 100, 100, 50);0;0.001;l1;0.01;64;0.8;0.999;1.00E-06;0.026529841;-0.059449682;504;1.67
relu;(100, 100, 100, 50);0;0.001;l1;1.00E-05;64;0.8;0.9;1.00E-08;0.026531477;-0.059514982;504;1.49
relu;(50, 50, 50);0.1;0.03;none;1.00E-05;16;0.8;0.99;1.00E-08;0.02653265;-0.059561844;506;0.68
relu;(50, 50, 50);0.3;0.001;none;1.00E-05;16;0.99;0.99;1.00E-06;0.026535443;-0.059673368;506;0.56
relu;(100, 50, 25);0.1;0.03;l2;0.01;32;0.9;0.999;1.00E-06;0.026536272;-0.059706466;506;0.96
relu;(100, 100, 100, 50);0.3;0.03;l1;0.01;64;0.9;0.9;1.00E-08;0.026536772;-0.059726454;504;2.37
relu;(50, 50, 50);0;0.001;l2;1.00E-05;64;0.9;0.999;1.00E-08;0.026537217;-0.059744234;504;0.4
relu;(100, 100, 100, 50);0.3;0.01;none;1.00E-05;64;0.9;0.99;1.00E-06;0.026539403;-0.059831526;504;1.03
relu;(100, 50, 25);0.3;0.01;none;0.01;64;0.9;0.9;1.00E-08;0.026539644;-0.059841126;504;0.55
relu;(50, 50, 50);0.3;0.001;none;0.01;16;0.8;0.9;1.00E-06;0.026539876;-0.059850423;506;0.78
relu;(100, 50, 25);0;0.001;l1;0.0001;16;0.9;0.999;1.00E-08;0.026540587;-0.059878785;506;0.72
relu;(100, 50, 25);0.3;0.001;l1;0.01;32;0.9;0.99;1.00E-08;0.026542563;-0.059957697;506;0.43
relu;(100, 50, 25);0.1;0.001;none;0.01;64;0.8;0.9;1.00E-08;0.026544195;-0.060022901;504;0.92
relu;(100, 100, 100, 50);0.1;0.001;l1;0.01;64;0.8;0.999;1.00E-08;0.026544204;-0.060023231;504;2.17
relu;(100, 100, 100, 50);0.1;0.01;l2;1.00E-05;32;0.8;0.99;1.00E-06;0.026544414;-0.060031646;506;1.5
relu;(100, 100, 100, 50);0;0.01;none;0.0001;32;0.9;0.999;1.00E-08;0.0265498;-0.060246704;506;1.37
relu;(100, 100, 100, 50);0.3;0.03;l2;0.01;32;0.99;0.9;1.00E-06;0.026553716;-0.060403102;506;1.17
relu;(100, 100, 100, 50);0.3;0.01;l1;0.0001;64;0.9;0.99;1.00E-06;0.026554015;-0.060415022;504;1.08
relu;(100, 50, 25);0.3;0.03;l2;1.00E-05;32;0.9;0.999;1.00E-08;0.02655451;-0.060434795;506;0.96
relu;(100, 100, 100, 50);0.1;0.01;none;1.00E-05;32;0.99;0.9;1.00E-08;0.026555066;-0.060456999;506;1.42
relu;(100, 100, 100, 50);0.1;0.001;l1;0.0001;32;0.9;0.99;1.00E-08;0.026555094;-0.060458143;506;1.77
relu;(100, 100, 100, 50);0.3;0.01;l1;0.01;64;0.8;0.999;1.00E-08;0.026555558;-0.060476653;504;1.25
relu;(50, 50, 50);0;0.03;none;0.0001;32;0.99;0.9;1.00E-08;0.026556068;-0.060497026;506;0.36
relu;(50, 50, 50);0.3;0.001;none;1.00E-05;16;0.9;0.999;1.00E-06;0.026558463;-0.060592661;506;0.85
relu;(100, 100, 100, 50);0.3;0.03;l1;0.01;32;0.8;0.9;1.00E-08;0.026561117;-0.060698662;506;0.76
relu;(100, 100, 100, 50);0;0.001;l2;0.0001;32;0.9;0.999;1.00E-08;0.026563395;-0.060789608;506;0.99
relu;(50, 50, 50);0.3;0.001;l1;0.0001;32;0.99;0.99;1.00E-08;0.026563614;-0.060798346;506;0.78
relu;(50, 50, 50);0.1;0.001;none;1.00E-05;16;0.99;0.99;1.00E-06;0.026564417;-0.060830436;506;0.39
relu;(50, 50, 50);0.3;0.001;l2;1.00E-05;16;0.9;0.99;1.00E-06;0.026564921;-0.060850566;506;0.6
relu;(100, 50, 25);0;0.001;l2;1.00E-05;16;0.8;0.9;1.00E-06;0.026568147;-0.060979397;506;0.7
relu;(50, 50, 50);0.3;0.001;none;0.0001;16;0.9;0.9;1.00E-08;0.026570482;-0.061072614;506;0.56
relu;(100, 50, 25);0.3;0.001;none;0.0001;64;0.99;0.999;1.00E-06;0.026571514;-0.061113826;504;0.61
relu;(50, 50, 50);0.3;0.01;none;0.0001;32;0.99;0.99;1.00E-06;0.026574917;-0.061249736;506;0.69
relu;(50, 50, 50);0;0.03;l2;1.00E-05;64;0.99;0.99;1.00E-08;0.026575305;-0.061265222;504;1.37
relu;(100, 50, 25);0.3;0.03;l1;0.01;64;0.99;0.9;1.00E-06;0.026575936;-0.061290433;504;1.06
relu;(100, 100, 100, 50);0;0.03;none;0.0001;16;0.99;0.99;1.00E-06;0.026579267;-0.061423448;506;1.01
relu;(100, 100, 100, 50);0.3;0.03;l2;0.01;32;0.9;0.99;1.00E-06;0.02657957;-0.061435553;506;1.21
relu;(50, 50, 50);0.1;0.001;l2;0.0001;16;0.9;0.9;1.00E-06;0.026580867;-0.061487341;506;0.39
relu;(100, 100, 100, 50);0.1;0.03;none;1.00E-05;32;0.99;0.99;1.00E-06;0.026581879;-0.061527771;506;1.45
relu;(50, 50, 50);0;0.01;none;1.00E-05;16;0.8;0.99;1.00E-06;0.026582625;-0.061557543;506;0.37
relu;(100, 100, 100, 50);0.3;0.01;none;1.00E-05;64;0.9;0.9;1.00E-08;0.026582945;-0.061570315;504;1.12
relu;(50, 50, 50);0.1;0.001;none;1.00E-05;32;0.9;0.999;1.00E-08;0.026585536;-0.061673801;506;0.47
relu;(100, 100, 100, 50);0.3;0.001;l1;0.01;16;0.8;0.9;1.00E-08;0.026585622;-0.061677219;506;0.86
relu;(100, 100, 100, 50);0;0.001;none;0.01;16;0.8;0.999;1.00E-08;0.026586559;-0.061714669;506;1.31
relu;(50, 50, 50);0.1;0.01;l1;0.01;16;0.99;0.9;1.00E-08;0.026588223;-0.061781112;506;0.69
relu;(100, 50, 25);0.3;0.01;none;1.00E-05;32;0.99;0.999;1.00E-06;0.026588362;-0.061786675;506;0.37
relu;(100, 50, 25);0;0.001;l1;1.00E-05;16;0.8;0.999;1.00E-06;0.026589635;-0.061837485;506;0.67
relu;(100, 50, 25);0.3;0.03;l2;0.01;16;0.9;0.999;1.00E-08;0.026589916;-0.061848712;506;1.14
relu;(50, 50, 50);0;0.001;l2;1.00E-05;32;0.9;0.9;1.00E-08;0.026590364;-0.06186659;506;0.33
relu;(100, 100, 100, 50);0.1;0.001;l2;0.0001;32;0.99;0.999;1.00E-06;0.026590718;-0.061880731;506;1.73
relu;(100, 100, 100, 50);0.1;0.03;l2;1.00E-05;16;0.99;0.9;1.00E-06;0.026592547;-0.061953766;506;0.71
relu;(100, 50, 25);0.3;0.001;l1;0.01;16;0.8;0.999;1.00E-06;0.026594092;-0.062015489;506;0.39
relu;(50, 50, 50);0.3;0.01;none;0.0001;16;0.9;0.999;1.00E-08;0.026594198;-0.062019708;506;0.67
relu;(100, 100, 100, 50);0;0.001;none;0.01;16;0.99;0.99;1.00E-06;0.02659455;-0.062033766;506;1.22
relu;(100, 50, 25);0;0.03;l1;0.0001;32;0.8;0.999;1.00E-08;0.02659512;-0.06205654;506;0.36
relu;(100, 100, 100, 50);0.1;0.03;l2;0.01;32;0.9;0.99;1.00E-08;0.026595667;-0.062078384;506;0.71
relu;(100, 100, 100, 50);0.1;0.03;l1;0.0001;16;0.99;0.9;1.00E-06;0.026601717;-0.062319996;506;1.24
relu;(100, 50, 25);0.1;0.01;none;1.00E-05;32;0.9;0.99;1.00E-06;0.026602438;-0.062348777;506;1.09
relu;(100, 100, 100, 50);0.3;0.03;l1;1.00E-05;64;0.9;0.999;1.00E-06;0.026602702;-0.062359318;504;1.7
relu;(100, 100, 100, 50);0.3;0.01;none;1.00E-05;16;0.8;0.999;1.00E-06;0.026602729;-0.062360394;506;0.58
relu;(50, 50, 50);0.3;0.001;none;0.0001;64;0.99;0.99;1.00E-06;0.026603531;-0.062392441;504;0.66
relu;(100, 50, 25);0.1;0.03;l2;0.0001;16;0.9;0.99;1.00E-08;0.026603967;-0.062409837;506;0.79
relu;(100, 100, 100, 50);0.1;0.001;none;1.00E-05;32;0.99;0.99;1.00E-06;0.02660417;-0.062417924;506;1.71
relu;(100, 100, 100, 50);0;0.001;none;0.0001;16;0.8;0.999;1.00E-08;0.026604462;-0.062429585;506;0.93
relu;(50, 50, 50);0.3;0.01;l1;1.00E-05;16;0.9;0.99;1.00E-08;0.026605022;-0.062451947;506;0.7
relu;(50, 50, 50);0;0.001;l1;1.00E-05;32;0.9;0.9;1.00E-08;0.026607412;-0.062547425;506;1.35
relu;(50, 50, 50);0.1;0.01;none;0.0001;32;0.9;0.99;1.00E-06;0.02660803;-0.06257208;506;1.48
relu;(100, 100, 100, 50);0.3;0.03;l2;0.0001;16;0.9;0.999;1.00E-08;0.026610463;-0.062669259;506;1.25
relu;(100, 50, 25);0.3;0.03;l1;1.00E-05;32;0.8;0.99;1.00E-08;0.026613062;-0.062773029;506;1.19
relu;(100, 50, 25);0.1;0.03;none;1.00E-05;64;0.99;0.9;1.00E-06;0.0266138;-0.062802507;504;1.19
relu;(100, 100, 100, 50);0.3;0.03;l2;0.0001;16;0.99;0.9;1.00E-08;0.026614251;-0.062820505;506;1.15
relu;(100, 100, 100, 50);0;0.001;none;0.0001;16;0.8;0.9;1.00E-08;0.02661429;-0.062822061;506;1.01
relu;(100, 50, 25);0;0.001;l1;1.00E-05;32;0.9;0.9;1.00E-06;0.026614946;-0.062848264;506;0.67
relu;(50, 50, 50);0.3;0.001;l1;0.01;64;0.8;0.9;1.00E-08;0.026617912;-0.062966705;504;0.71
relu;(100, 50, 25);0.3;0.001;l1;1.00E-05;64;0.9;0.999;1.00E-08;0.026618603;-0.062994309;504;0.53
relu;(100, 100, 100, 50);0.3;0.001;none;0.0001;64;0.8;0.999;1.00E-08;0.026618847;-0.063004038;504;1.41
relu;(100, 50, 25);0.3;0.01;l2;0.01;32;0.9;0.999;1.00E-08;0.026620148;-0.063055999;506;0.88
relu;(100, 50, 25);0.3;0.03;l1;1.00E-05;64;0.8;0.999;1.00E-06;0.026620663;-0.063076592;504;1.19
relu;(100, 50, 25);0.1;0.001;l2;0.0001;32;0.8;0.999;1.00E-08;0.026621461;-0.063108443;506;0.83
relu;(100, 50, 25);0.3;0.001;l2;0.0001;16;0.8;0.99;1.00E-08;0.02662278;-0.063161111;506;0.4
relu;(100, 100, 100, 50);0.1;0.001;none;1.00E-05;32;0.9;0.999;1.00E-08;0.026623087;-0.063173369;506;1.74
relu;(100, 100, 100, 50);0;0.001;l2;1.00E-05;64;0.99;0.99;1.00E-06;0.026626105;-0.06329389;504;1.46
relu;(100, 100, 100, 50);0.3;0.01;l1;1.00E-05;64;0.99;0.999;1.00E-06;0.026626623;-0.063314588;504;1.06
relu;(100, 100, 100, 50);0.1;0.01;none;0.01;32;0.99;0.9;1.00E-06;0.026627774;-0.063360546;506;1.51
relu;(100, 100, 100, 50);0;0.01;l2;1.00E-05;64;0.99;0.9;1.00E-08;0.026630017;-0.063450115;504;1.37
relu;(100, 100, 100, 50);0.3;0.01;none;0.01;16;0.9;0.999;1.00E-06;0.026630644;-0.063475171;506;0.64
relu;(100, 100, 100, 50);0;0.001;l2;1.00E-05;64;0.8;0.999;1.00E-06;0.026630882;-0.063484644;504;1.52
relu;(50, 50, 50);0.3;0.01;none;0.01;32;0.99;0.99;1.00E-06;0.026630922;-0.063486274;506;0.67
relu;(100, 100, 100, 50);0.3;0.01;l1;0.01;16;0.99;0.999;1.00E-08;0.026631567;-0.063512033;506;0.96
relu;(50, 50, 50);0.3;0.001;l2;0.01;32;0.99;0.999;1.00E-06;0.026631817;-0.063522002;506;0.77
relu;(100, 50, 25);0.3;0.001;l1;0.01;32;0.8;0.9;1.00E-08;0.026633663;-0.063595736;506;0.43
relu;(50, 50, 50);0;0.001;l1;0.01;32;0.9;0.9;1.00E-08;0.026634332;-0.063622455;506;0.44
relu;(100, 100, 100, 50);0.3;0.01;l2;0.01;64;0.99;0.9;1.00E-06;0.026636505;-0.063709228;504;1.14
relu;(50, 50, 50);0.3;0.01;l1;1.00E-05;16;0.9;0.999;1.00E-08;0.026638905;-0.063805066;506;0.95
relu;(50, 50, 50);0.3;0.03;l1;0.01;16;0.8;0.9;1.00E-06;0.026641074;-0.063891663;506;1.59
relu;(50, 50, 50);0.3;0.01;none;0.01;32;0.9;0.99;1.00E-06;0.02664114;-0.063894324;506;0.65
relu;(100, 50, 25);0.3;0.01;l1;1.00E-05;16;0.8;0.999;1.00E-08;0.02664267;-0.063955403;506;0.54
relu;(100, 100, 100, 50);0.1;0.03;none;1.00E-05;64;0.9;0.999;1.00E-08;0.026643124;-0.063973519;504;1.7
relu;(100, 100, 100, 50);0.1;0.001;none;1.00E-05;64;0.99;0.99;1.00E-06;0.026643728;-0.06399767;504;1.83
relu;(50, 50, 50);0.3;0.001;l2;1.00E-05;16;0.9;0.999;1.00E-06;0.026643895;-0.064004342;506;0.59
relu;(100, 100, 100, 50);0;0.001;none;0.01;64;0.8;0.99;1.00E-06;0.02664586;-0.0640828;504;1.51
relu;(100, 50, 25);0.3;0.001;l1;0.01;16;0.99;0.9;1.00E-06;0.026647246;-0.064138152;506;0.38
relu;(100, 100, 100, 50);0;0.001;l1;0.0001;16;0.8;0.99;1.00E-06;0.02664773;-0.064157492;506;1.01
relu;(100, 50, 25);0;0.001;none;0.01;64;0.9;0.99;1.00E-08;0.026650641;-0.064273737;504;0.84
relu;(100, 50, 25);0.3;0.001;l1;1.00E-05;16;0.9;0.9;1.00E-08;0.02665094;-0.064285675;506;0.46
relu;(100, 50, 25);0;0.03;l1;0.01;32;0.99;0.999;1.00E-06;0.026651585;-0.064311428;506;0.53
relu;(100, 50, 25);0.3;0.01;l1;0.0001;64;0.99;0.999;1.00E-06;0.02665174;-0.064317624;504;0.53
relu;(50, 50, 50);0;0.001;l1;0.01;32;0.99;0.999;1.00E-06;0.026656347;-0.064501585;506;0.39
relu;(50, 50, 50);0.3;0.01;l1;0.01;64;0.9;0.999;1.00E-06;0.026657077;-0.064530736;504;0.78
relu;(50, 50, 50);0.1;0.001;none;0.0001;32;0.99;0.9;1.00E-08;0.026657161;-0.064534109;506;0.43
relu;(100, 100, 100, 50);0.1;0.001;l2;0.0001;64;0.8;0.99;1.00E-06;0.026658292;-0.064579248;504;1.91
relu;(100, 100, 100, 50);0.3;0.03;l1;0.01;16;0.8;0.99;1.00E-08;0.026660192;-0.064655125;506;1.83
relu;(100, 100, 100, 50);0.3;0.03;l1;1.00E-05;64;0.8;0.999;1.00E-06;0.026668327;-0.064979987;504;1.55
relu;(50, 50, 50);0.3;0.001;l2;0.0001;16;0.8;0.99;1.00E-08;0.02666892;-0.065003668;506;0.97
relu;(100, 100, 100, 50);0.1;0.001;l2;0.0001;16;0.8;0.99;1.00E-08;0.026669204;-0.065015037;506;1.4
relu;(100, 100, 100, 50);0.1;0.03;none;0.01;32;0.99;0.999;1.00E-08;0.026669616;-0.065031461;506;1.55
relu;(100, 50, 25);0.3;0.001;l1;0.0001;32;0.8;0.9;1.00E-06;0.026670986;-0.065086197;506;0.48
relu;(100, 50, 25);0;0.001;none;0.01;32;0.99;0.9;1.00E-06;0.026671337;-0.065100202;506;0.77
relu;(100, 50, 25);0;0.001;l1;0.0001;32;0.8;0.9;1.00E-08;0.026671687;-0.065114186;506;0.79
relu;(100, 100, 100, 50);0.3;0.01;none;0.01;16;0.8;0.999;1.00E-08;0.026672342;-0.065140341;506;0.86
relu;(50, 50, 50);0.3;0.01;none;1.00E-05;32;0.99;0.9;1.00E-08;0.026672422;-0.065143549;506;0.68
relu;(50, 50, 50);0;0.001;l1;0.01;32;0.99;0.99;1.00E-08;0.026673217;-0.065175268;506;0.4
relu;(100, 100, 100, 50);0.3;0.001;l1;1.00E-05;16;0.99;0.9;1.00E-06;0.026674125;-0.065211528;506;0.77
relu;(100, 50, 25);0;0.03;l2;0.01;16;0.9;0.9;1.00E-08;0.02667495;-0.0652445;506;0.3
relu;(100, 100, 100, 50);0;0.03;l1;1.00E-05;32;0.99;0.9;1.00E-06;0.026675525;-0.065267429;506;1.09
relu;(100, 50, 25);0.1;0.001;l1;0.0001;32;0.8;0.9;1.00E-08;0.026677029;-0.065327514;506;1.09
relu;(50, 50, 50);0;0.001;none;0.01;16;0.9;0.9;1.00E-06;0.026678115;-0.065370864;506;1.05
relu;(100, 50, 25);0.3;0.03;l2;0.0001;16;0.99;0.999;1.00E-06;0.02667827;-0.065377083;506;0.85
relu;(100, 50, 25);0.3;0.001;l2;1.00E-05;16;0.8;0.9;1.00E-08;0.026678609;-0.06539059;506;0.34
relu;(100, 100, 100, 50);0.3;0.001;none;0.0001;64;0.8;0.999;1.00E-06;0.026678727;-0.065395319;504;1.24
relu;(50, 50, 50);0.1;0.01;none;0.01;16;0.99;0.9;1.00E-08;0.026679697;-0.065434059;506;0.71
relu;(50, 50, 50);0.3;0.001;l1;0.01;64;0.8;0.9;1.00E-06;0.026680635;-0.065471494;504;0.95
relu;(100, 100, 100, 50);0.3;0.03;none;0.0001;16;0.8;0.9;1.00E-06;0.026680858;-0.065480402;506;0.85
relu;(100, 50, 25);0.3;0.01;l1;0.0001;64;0.99;0.9;1.00E-08;0.026681184;-0.065493435;504;0.52
relu;(100, 100, 100, 50);0.3;0.001;none;1.00E-05;64;0.99;0.99;1.00E-06;0.026683377;-0.065581002;504;1.38
relu;(50, 50, 50);0;0.001;l1;0.0001;16;0.8;0.9;1.00E-06;0.026683423;-0.065582834;506;1.27
relu;(50, 50, 50);0;0.01;l2;0.0001;64;0.9;0.9;1.00E-06;0.026687237;-0.065735173;504;0.39
relu;(100, 100, 100, 50);0.1;0.001;none;0.0001;32;0.9;0.9;1.00E-06;0.026688404;-0.065781755;506;1.36
relu;(50, 50, 50);0.3;0.01;none;0.01;64;0.99;0.99;1.00E-08;0.02669133;-0.065898596;504;0.69
relu;(100, 100, 100, 50);0.1;0.01;none;0.01;64;0.8;0.9;1.00E-08;0.026692093;-0.065929091;504;1.79
relu;(100, 100, 100, 50);0.1;0.03;l1;0.01;64;0.8;0.9;1.00E-06;0.026693792;-0.065996911;504;1.06
relu;(100, 50, 25);0;0.001;l1;0.0001;64;0.8;0.999;1.00E-06;0.026697022;-0.066125909;504;0.95
relu;(100, 50, 25);0;0.03;l2;0.0001;64;0.99;0.9;1.00E-06;0.026698601;-0.066188959;504;0.43
relu;(100, 50, 25);0;0.001;none;1.00E-05;64;0.99;0.999;1.00E-06;0.026698967;-0.066203583;504;1.69
relu;(100, 50, 25);0.3;0.01;none;0.0001;64;0.99;0.999;1.00E-08;0.026700683;-0.066272111;504;0.55
relu;(50, 50, 50);0;0.001;l1;1.00E-05;64;0.8;0.999;1.00E-08;0.026700974;-0.066283743;504;1.41
relu;(100, 100, 100, 50);0.1;0.03;none;0.0001;64;0.99;0.99;1.00E-08;0.026701378;-0.066299853;504;1.82
relu;(50, 50, 50);0.3;0.001;l2;1.00E-05;16;0.9;0.999;1.00E-08;0.026702162;-0.066331177;506;0.58
relu;(50, 50, 50);0.1;0.03;none;0.0001;32;0.99;0.99;1.00E-06;0.026704096;-0.066408416;506;0.71
relu;(100, 100, 100, 50);0.3;0.001;l2;1.00E-05;64;0.9;0.999;1.00E-08;0.026704218;-0.066413272;504;0.95
relu;(100, 50, 25);0.3;0.01;none;1.00E-05;32;0.8;0.999;1.00E-08;0.026704373;-0.06641946;506;0.44
relu;(50, 50, 50);0.3;0.01;l2;0.01;32;0.99;0.9;1.00E-08;0.026707347;-0.066538248;506;0.79
relu;(100, 100, 100, 50);0.1;0.001;none;0.01;16;0.9;0.99;1.00E-08;0.026707721;-0.066553172;506;1.41
relu;(100, 100, 100, 50);0.3;0.001;l1;0.01;64;0.9;0.99;1.00E-06;0.026709979;-0.06664336;504;1.07
relu;(50, 50, 50);0.3;0.001;l2;0.01;16;0.99;0.9;1.00E-08;0.026711555;-0.066706286;506;0.79
relu;(50, 50, 50);0.1;0.03;none;0.0001;16;0.99;0.99;1.00E-06;0.026712006;-0.066724294;506;0.63
relu;(50, 50, 50);0.1;0.001;l1;1.00E-05;32;0.8;0.9;1.00E-08;0.026713154;-0.066770137;506;0.47
relu;(100, 100, 100, 50);0.1;0.03;l2;0.01;16;0.99;0.999;1.00E-08;0.02671323;-0.066773187;506;0.67
relu;(100, 100, 100, 50);0.1;0.01;l1;1.00E-05;32;0.99;0.9;1.00E-06;0.02671388;-0.066799112;506;1.76
relu;(100, 50, 25);0.3;0.001;l2;0.0001;64;0.99;0.9;1.00E-06;0.026714229;-0.066813066;504;0.5
relu;(100, 100, 100, 50);0.3;0.01;l1;0.0001;16;0.8;0.9;1.00E-08;0.026714851;-0.066837895;506;0.77
relu;(50, 50, 50);0;0.01;none;1.00E-05;32;0.8;0.999;1.00E-08;0.026715801;-0.066875832;506;0.35
relu;(100, 50, 25);0.1;0.001;l2;0.01;16;0.8;0.9;1.00E-08;0.026716574;-0.066906717;506;0.84
relu;(50, 50, 50);0;0.03;l2;0.01;64;0.9;0.999;1.00E-08;0.026717549;-0.066945628;504;1.3
relu;(50, 50, 50);0.3;0.01;none;0.01;16;0.99;0.9;1.00E-06;0.02671796;-0.06696206;506;0.69
relu;(50, 50, 50);0.3;0.03;none;0.01;32;0.9;0.99;1.00E-08;0.026717967;-0.066962335;506;0.55
relu;(100, 50, 25);0.3;0.01;l1;0.0001;16;0.8;0.99;1.00E-08;0.026718379;-0.066978807;506;0.47
relu;(100, 100, 100, 50);0;0.001;l1;1.00E-05;64;0.8;0.99;1.00E-08;0.026719202;-0.067011664;504;1.48
relu;(100, 50, 25);0.3;0.03;none;1.00E-05;64;0.99;0.99;1.00E-06;0.026719638;-0.06702908;504;1.25
relu;(50, 50, 50);0;0.001;l1;0.0001;64;0.9;0.999;1.00E-06;0.026720082;-0.067046805;504;1.5
relu;(100, 100, 100, 50);0.1;0.001;l2;0.01;32;0.99;0.9;1.00E-08;0.026720611;-0.067067915;506;1.69
relu;(50, 50, 50);0.1;0.03;none;0.01;64;0.99;0.9;1.00E-06;0.026723446;-0.067181128;504;0.51
relu;(100, 100, 100, 50);0;0.001;l2;1.00E-05;64;0.8;0.99;1.00E-08;0.026724172;-0.06721013;504;1.49
relu;(100, 100, 100, 50);0.1;0.001;l2;0.0001;64;0.9;0.9;1.00E-06;0.026726042;-0.067284792;504;1.98
relu;(100, 50, 25);0.1;0.001;l1;1.00E-05;32;0.99;0.99;1.00E-08;0.026728382;-0.067378258;506;0.96
relu;(100, 50, 25);0;0.001;l1;0.0001;16;0.8;0.99;1.00E-06;0.026729383;-0.067418228;506;0.65
relu;(100, 50, 25);0;0.001;l1;0.01;16;0.8;0.9;1.00E-06;0.026729926;-0.067439913;506;0.73
relu;(50, 50, 50);0.1;0.001;l1;0.01;32;0.9;0.99;1.00E-06;0.026729971;-0.067441702;506;0.49
relu;(50, 50, 50);0.1;0.001;l2;1.00E-05;16;0.8;0.99;1.00E-08;0.026733037;-0.067564131;506;0.38
relu;(100, 100, 100, 50);0.3;0.001;none;1.00E-05;16;0.8;0.99;1.00E-08;0.026734053;-0.067604708;506;1.19
relu;(100, 50, 25);0.3;0.03;none;1.00E-05;32;0.9;0.9;1.00E-06;0.026734071;-0.067605456;506;1.03
relu;(100, 100, 100, 50);0.3;0.03;none;1.00E-05;16;0.99;0.999;1.00E-08;0.026734465;-0.067621185;506;0.66
relu;(50, 50, 50);0.3;0.01;l1;0.0001;16;0.9;0.99;1.00E-08;0.026735101;-0.067646582;506;0.65
relu;(50, 50, 50);0.3;0.01;l2;0.01;32;0.9;0.99;1.00E-08;0.026735334;-0.067655879;506;0.76
relu;(50, 50, 50);0.3;0.01;none;1.00E-05;16;0.99;0.9;1.00E-08;0.026735653;-0.067668604;506;0.67
relu;(100, 100, 100, 50);0.3;0.01;l1;0.01;16;0.9;0.9;1.00E-08;0.026738933;-0.067799581;506;0.93
relu;(50, 50, 50);0;0.001;none;0.0001;32;0.8;0.9;1.00E-06;0.026742434;-0.06793941;506;0.35
relu;(50, 50, 50);0;0.01;none;0.0001;32;0.99;0.9;1.00E-06;0.026742705;-0.067950243;506;0.41
relu;(100, 100, 100, 50);0.1;0.001;l2;0.0001;64;0.99;0.99;1.00E-08;0.026746717;-0.068110467;504;1.99
relu;(100, 100, 100, 50);0.1;0.001;l1;0.01;32;0.9;0.99;1.00E-08;0.026746863;-0.068116262;506;2.1
relu;(100, 100, 100, 50);0.3;0.03;l2;0.01;64;0.8;0.99;1.00E-08;0.026747182;-0.068129028;504;1.21
relu;(100, 50, 25);0.3;0.001;l1;0.01;16;0.8;0.9;1.00E-06;0.026750536;-0.068262941;506;0.45
relu;(50, 50, 50);0;0.001;none;0.01;16;0.8;0.9;1.00E-08;0.026753937;-0.068398756;506;0.99
relu;(100, 100, 100, 50);0.3;0.001;l1;0.01;32;0.99;0.99;1.00E-08;0.026755313;-0.06845373;506;0.79
relu;(50, 50, 50);0;0.001;l2;1.00E-05;64;0.99;0.999;1.00E-08;0.026757395;-0.068536853;504;0.4
relu;(100, 100, 100, 50);0.3;0.01;l2;1.00E-05;64;0.9;0.99;1.00E-06;0.026760132;-0.068646169;504;0.98
relu;(50, 50, 50);0.1;0.03;l1;0.01;32;0.99;0.9;1.00E-08;0.026760203;-0.068649008;506;0.72
relu;(50, 50, 50);0.3;0.001;none;1.00E-05;32;0.99;0.9;1.00E-06;0.02676245;-0.068738747;506;0.89
relu;(50, 50, 50);0.3;0.01;l1;0.0001;32;0.8;0.9;1.00E-08;0.026763533;-0.068781983;506;0.84
relu;(100, 50, 25);0.1;0.001;l1;0.01;64;0.9;0.9;1.00E-06;0.026763577;-0.068783753;504;1.19
relu;(50, 50, 50);0.1;0.01;none;0.0001;32;0.9;0.999;1.00E-08;0.026771909;-0.069116485;506;1.1
relu;(100, 100, 100, 50);0.1;0.01;l1;0.0001;64;0.99;0.9;1.00E-06;0.026772494;-0.069139821;504;1.99
relu;(50, 50, 50);0;0.01;l1;1.00E-05;16;0.9;0.999;1.00E-06;0.026773671;-0.069186842;506;0.43
relu;(100, 50, 25);0.3;0.01;none;0.01;64;0.99;0.9;1.00E-08;0.026773865;-0.069194566;504;0.49
relu;(100, 50, 25);0;0.01;none;1.00E-05;64;0.9;0.99;1.00E-08;0.026774015;-0.069200566;504;0.7
relu;(50, 50, 50);0.3;0.01;none;1.00E-05;64;0.9;0.9;1.00E-08;0.026774543;-0.069221662;504;0.73
relu;(50, 50, 50);0.1;0.01;none;0.01;32;0.9;0.999;1.00E-08;0.026778822;-0.06939254;506;0.62
relu;(100, 100, 100, 50);0.1;0.001;none;1.00E-05;32;0.9;0.99;1.00E-08;0.026780465;-0.069458141;506;1.69
relu;(100, 100, 100, 50);0.1;0.03;none;0.01;32;0.99;0.9;1.00E-06;0.026780496;-0.069459398;506;1.52
relu;(100, 100, 100, 50);0.1;0.03;l1;1.00E-05;64;0.9;0.999;1.00E-06;0.02678134;-0.069493099;504;2.16
relu;(50, 50, 50);0.3;0.01;l2;1.00E-05;32;0.99;0.999;1.00E-06;0.026784809;-0.069631633;506;0.73
relu;(50, 50, 50);0.3;0.03;none;0.0001;64;0.8;0.999;1.00E-06;0.026784913;-0.069635797;504;0.66
relu;(100, 100, 100, 50);0.3;0.03;l2;1.00E-05;32;0.8;0.999;1.00E-06;0.02678539;-0.069654833;506;1.48
relu;(50, 50, 50);0.1;0.001;none;0.0001;64;0.8;0.99;1.00E-06;0.02678689;-0.069714712;504;0.49
relu;(50, 50, 50);0.1;0.03;l2;1.00E-05;16;0.99;0.9;1.00E-06;0.02678749;-0.069738686;506;0.74
relu;(50, 50, 50);0.3;0.01;l1;0.0001;64;0.8;0.9;1.00E-06;0.026787872;-0.069753957;504;0.9
relu;(50, 50, 50);0;0.001;none;0.0001;32;0.9;0.9;1.00E-08;0.026788904;-0.069795173;506;0.33
relu;(50, 50, 50);0;0.001;none;0.01;16;0.99;0.99;1.00E-06;0.026789241;-0.069808605;506;0.88
relu;(50, 50, 50);0;0.001;l1;1.00E-05;64;0.9;0.99;1.00E-06;0.026791658;-0.069905126;504;1.3
relu;(50, 50, 50);0.1;0.001;l2;1.00E-05;16;0.99;0.999;1.00E-06;0.026794084;-0.070002018;506;0.37
relu;(100, 50, 25);0.1;0.001;none;0.0001;64;0.99;0.9;1.00E-08;0.02679417;-0.070005441;504;0.51
relu;(50, 50, 50);0;0.01;none;0.0001;16;0.8;0.999;1.00E-06;0.026795344;-0.070052322;506;0.33
relu;(50, 50, 50);0;0.03;none;0.01;16;0.99;0.9;1.00E-08;0.026797416;-0.070135071;506;0.37
relu;(100, 100, 100, 50);0;0.001;l2;1.00E-05;32;0.9;0.999;1.00E-06;0.026798727;-0.070187446;506;1.3
relu;(50, 50, 50);0.3;0.01;none;1.00E-05;32;0.8;0.99;1.00E-08;0.026799959;-0.070236641;506;0.57
relu;(50, 50, 50);0.3;0.01;none;0.01;32;0.9;0.9;1.00E-08;0.026803696;-0.070385855;506;0.61
relu;(100, 50, 25);0.3;0.03;none;0.01;64;0.8;0.9;1.00E-06;0.026804776;-0.070428986;504;0.92
relu;(100, 50, 25);0.3;0.001;l1;1.00E-05;32;0.9;0.99;1.00E-08;0.026805369;-0.070452686;506;0.48
relu;(50, 50, 50);0.3;0.001;none;0.01;64;0.8;0.9;1.00E-06;0.026806269;-0.070488628;504;0.87
relu;(50, 50, 50);0.1;0.001;none;0.01;32;0.8;0.99;1.00E-06;0.026808319;-0.070570468;506;0.43
relu;(100, 100, 100, 50);0;0.001;none;1.00E-05;32;0.8;0.9;1.00E-06;0.026809464;-0.070616203;506;1.59
relu;(100, 100, 100, 50);0;0.03;none;1.00E-05;16;0.99;0.999;1.00E-08;0.026812309;-0.070729815;506;0.89
relu;(50, 50, 50);0.3;0.03;l1;0.01;64;0.8;0.999;1.00E-08;0.026813336;-0.070770823;504;1.59
relu;(50, 50, 50);0.3;0.001;l1;0.01;16;0.8;0.99;1.00E-06;0.026814027;-0.070798404;506;0.52
relu;(50, 50, 50);0;0.01;l1;1.00E-05;32;0.99;0.9;1.00E-06;0.026816428;-0.070894294;506;0.41
relu;(50, 50, 50);0.3;0.03;none;0.0001;16;0.8;0.999;1.00E-06;0.02681959;-0.071020575;506;0.62
relu;(50, 50, 50);0.3;0.03;l1;0.01;32;0.9;0.99;1.00E-08;0.026821668;-0.071103545;506;1.51
relu;(100, 100, 100, 50);0;0.001;l2;1.00E-05;64;0.8;0.9;1.00E-06;0.026824721;-0.071225492;504;1.52
relu;(50, 50, 50);0;0.03;none;1.00E-05;64;0.99;0.9;1.00E-08;0.026825606;-0.071260807;504;0.4
relu;(100, 100, 100, 50);0.1;0.001;none;0.0001;64;0.99;0.99;1.00E-08;0.026827983;-0.071355728;504;1.79
relu;(100, 50, 25);0.1;0.03;none;1.00E-05;32;0.99;0.9;1.00E-08;0.026828709;-0.071384742;506;1.05
relu;(100, 50, 25);0;0.001;l2;1.00E-05;32;0.8;0.999;1.00E-06;0.026828713;-0.071384892;506;0.86
relu;(100, 50, 25);0.1;0.03;l1;1.00E-05;64;0.99;0.9;1.00E-06;0.026830375;-0.071451253;504;1.19
relu;(50, 50, 50);0.3;0.001;none;1.00E-05;16;0.8;0.9;1.00E-06;0.02683087;-0.071471031;506;0.5
relu;(100, 100, 100, 50);0.3;0.03;none;0.0001;64;0.9;0.999;1.00E-06;0.026831486;-0.071495632;504;1
relu;(100, 50, 25);0.3;0.01;none;1.00E-05;16;0.8;0.9;1.00E-06;0.026833534;-0.071577402;506;0.34
relu;(100, 50, 25);0.1;0.01;l1;0.01;16;0.99;0.99;1.00E-06;0.026833854;-0.071590208;506;1.03
relu;(50, 50, 50);0.3;0.001;l1;0.01;32;0.8;0.99;1.00E-06;0.026834999;-0.071635929;506;0.89
relu;(100, 100, 100, 50);0.1;0.001;l2;0.0001;32;0.8;0.9;1.00E-08;0.0268356;-0.071659944;506;1.6
relu;(100, 50, 25);0.3;0.01;none;1.00E-05;64;0.99;0.99;1.00E-06;0.02683698;-0.071715035;504;0.46
relu;(50, 50, 50);0.3;0.01;l2;0.0001;32;0.8;0.99;1.00E-08;0.026837349;-0.071729779;506;0.62
relu;(50, 50, 50);0;0.001;none;0.01;64;0.9;0.999;1.00E-08;0.02684272;-0.071944254;504;1.38
relu;(50, 50, 50);0.3;0.01;l1;0.0001;16;0.99;0.9;1.00E-06;0.02684385;-0.071989371;506;0.47
relu;(100, 50, 25);0.3;0.01;none;1.00E-05;64;0.9;0.999;1.00E-08;0.026850286;-0.072246396;504;0.53
relu;(50, 50, 50);0.3;0.001;none;0.01;16;0.99;0.999;1.00E-06;0.02685064;-0.072260524;506;0.62
relu;(100, 100, 100, 50);0;0.001;none;0.01;16;0.8;0.9;1.00E-06;0.026853433;-0.072372066;506;1.28
relu;(50, 50, 50);0.1;0.001;none;1.00E-05;32;0.99;0.99;1.00E-06;0.026853974;-0.07239369;506;0.41
relu;(100, 50, 25);0.3;0.03;l1;0.0001;16;0.8;0.99;1.00E-08;0.026863456;-0.072772317;506;1.34
relu;(100, 100, 100, 50);0.3;0.01;l1;0.01;16;0.99;0.999;1.00E-06;0.026864314;-0.072806584;506;0.96
relu;(100, 50, 25);0;0.001;l2;0.0001;32;0.8;0.9;1.00E-08;0.02687021;-0.073042043;506;0.9
relu;(100, 50, 25);0.3;0.03;l1;0.01;16;0.8;0.9;1.00E-06;0.026870223;-0.07304257;506;1.3
relu;(50, 50, 50);0.3;0.001;l1;0.01;64;0.8;0.99;1.00E-06;0.026872598;-0.073137411;504;0.78
relu;(100, 100, 100, 50);0.1;0.001;l2;1.00E-05;32;0.8;0.9;1.00E-08;0.026873073;-0.073156399;506;1.32
relu;(100, 100, 100, 50);0.3;0.03;l2;1.00E-05;16;0.9;0.999;1.00E-06;0.026874206;-0.073201626;506;0.69
relu;(100, 50, 25);0;0.001;none;0.0001;16;0.8;0.999;1.00E-06;0.026876293;-0.073284955;506;1.47
relu;(50, 50, 50);0.3;0.01;l2;1.00E-05;16;0.8;0.99;1.00E-06;0.026877047;-0.073315081;506;0.42
relu;(100, 50, 25);0.3;0.001;l2;1.00E-05;32;0.9;0.99;1.00E-08;0.026881237;-0.073482418;506;0.37
relu;(100, 50, 25);0.1;0.03;l1;1.00E-05;64;0.9;0.99;1.00E-06;0.026882118;-0.073517606;504;1.11
relu;(100, 100, 100, 50);0.3;0.03;none;0.01;16;0.9;0.99;1.00E-08;0.026883007;-0.073553072;506;0.59
relu;(100, 100, 100, 50);0.3;0.001;l2;1.00E-05;32;0.8;0.99;1.00E-08;0.026883519;-0.073573517;506;1.15
relu;(100, 100, 100, 50);0.3;0.001;l1;0.01;32;0.8;0.99;1.00E-06;0.026886749;-0.073702533;506;0.78
relu;(100, 50, 25);0.1;0.001;l1;0.01;32;0.9;0.999;1.00E-06;0.026888769;-0.073783181;506;1.17
relu;(50, 50, 50);0;0.001;none;1.00E-05;64;0.9;0.9;1.00E-06;0.026889162;-0.073798877;504;0.36
relu;(50, 50, 50);0.3;0.001;l1;0.0001;32;0.9;0.9;1.00E-06;0.026889373;-0.073807312;506;0.81
relu;(100, 100, 100, 50);0.1;0.001;l1;0.01;32;0.9;0.9;1.00E-06;0.026892488;-0.073931697;506;1.99
relu;(50, 50, 50);0.1;0.01;none;0.01;32;0.8;0.9;1.00E-08;0.026892553;-0.073934292;506;0.68
relu;(50, 50, 50);0.1;0.001;l1;0.0001;32;0.99;0.99;1.00E-06;0.02689912;-0.074196549;506;0.44
relu;(50, 50, 50);0.1;0.01;l2;0.01;32;0.99;0.999;1.00E-06;0.026902555;-0.074333738;506;0.79
relu;(100, 50, 25);0;0.01;l1;0.01;64;0.8;0.999;1.00E-08;0.026905015;-0.074431962;504;0.42
relu;(100, 50, 25);0;0.001;none;0.01;16;0.99;0.999;1.00E-06;0.026905599;-0.074455295;506;1.35
relu;(50, 50, 50);0;0.001;l1;0.01;16;0.9;0.99;1.00E-06;0.026907294;-0.07452297;506;1.05
relu;(100, 50, 25);0.3;0.01;none;0.0001;32;0.9;0.999;1.00E-08;0.026907709;-0.074539553;506;0.36
relu;(100, 100, 100, 50);0.1;0.001;l1;1.00E-05;64;0.8;0.99;1.00E-06;0.026908267;-0.074561837;504;2
relu;(50, 50, 50);0;0.001;l1;1.00E-05;16;0.9;0.9;1.00E-06;0.026908471;-0.074569994;506;1.15
relu;(50, 50, 50);0;0.001;l2;0.0001;16;0.9;0.999;1.00E-06;0.026909687;-0.074618523;506;0.38
relu;(50, 50, 50);0;0.03;none;1.00E-05;16;0.99;0.9;1.00E-06;0.02690977;-0.074621848;506;0.29
relu;(100, 50, 25);0.3;0.03;l1;0.01;64;0.9;0.9;1.00E-08;0.026913193;-0.07475856;504;0.92
relu;(50, 50, 50);0.3;0.001;l2;0.01;16;0.99;0.99;1.00E-06;0.026913797;-0.074782676;506;0.58
relu;(100, 50, 25);0.1;0.001;l2;1.00E-05;32;0.9;0.9;1.00E-08;0.02691484;-0.074824306;506;0.8
relu;(100, 100, 100, 50);0.3;0.001;none;1.00E-05;32;0.9;0.999;1.00E-08;0.026917189;-0.074918129;506;0.81
relu;(50, 50, 50);0.3;0.01;none;1.00E-05;64;0.99;0.9;1.00E-06;0.026917629;-0.074935698;504;0.75
relu;(100, 100, 100, 50);0.3;0.001;l1;0.0001;64;0.9;0.999;1.00E-08;0.026918654;-0.074976622;504;1.11
relu;(100, 100, 100, 50);0.3;0.001;none;0.01;32;0.99;0.99;1.00E-06;0.026919773;-0.075021316;506;0.68
relu;(100, 50, 25);0;0.001;l1;0.01;64;0.9;0.999;1.00E-06;0.02692054;-0.075051955;504;0.99
relu;(100, 50, 25);0;0.01;none;0.0001;32;0.8;0.99;1.00E-06;0.026920741;-0.075059971;506;0.64
relu;(50, 50, 50);0;0.001;l2;1.00E-05;16;0.99;0.999;1.00E-08;0.026921067;-0.075073007;506;0.39
relu;(100, 100, 100, 50);0;0.001;l2;0.0001;16;0.9;0.99;1.00E-08;0.026923799;-0.075182077;506;1.07
relu;(100, 50, 25);0.3;0.001;l2;0.0001;16;0.8;0.999;1.00E-06;0.026925225;-0.075239041;506;0.47
relu;(100, 50, 25);0.3;0.001;l2;0.01;16;0.8;0.99;1.00E-08;0.026925812;-0.075262477;506;0.36
relu;(50, 50, 50);0;0.001;none;0.0001;32;0.9;0.999;1.00E-06;0.026925898;-0.075265908;506;0.41
relu;(50, 50, 50);0.3;0.03;l2;1.00E-05;16;0.9;0.9;1.00E-08;0.026926939;-0.075307463;506;1.3
relu;(50, 50, 50);0;0.01;none;0.01;32;0.8;0.9;1.00E-08;0.026928351;-0.07536387;506;0.35
relu;(50, 50, 50);0.3;0.03;none;0.01;64;0.9;0.99;1.00E-06;0.026930821;-0.075462506;504;0.86
relu;(100, 100, 100, 50);0.3;0.001;l2;1.00E-05;64;0.99;0.99;1.00E-08;0.026932212;-0.07551805;504;1.2
relu;(50, 50, 50);0.3;0.01;l2;0.0001;64;0.99;0.99;1.00E-08;0.026936022;-0.075670215;504;0.93
relu;(50, 50, 50);0.1;0.001;none;0.0001;32;0.99;0.9;1.00E-06;0.026936386;-0.07568474;506;0.44
relu;(100, 100, 100, 50);0.1;0.01;none;1.00E-05;64;0.8;0.9;1.00E-06;0.026936688;-0.075696805;504;1.66
relu;(100, 50, 25);0.3;0.03;l2;1.00E-05;16;0.8;0.9;1.00E-06;0.026936957;-0.075707524;506;0.77
relu;(100, 100, 100, 50);0.3;0.03;l2;1.00E-05;32;0.9;0.99;1.00E-08;0.026937208;-0.075717555;506;1.31
relu;(50, 50, 50);0.3;0.03;none;0.01;16;0.9;0.999;1.00E-08;0.026937473;-0.075728153;506;0.56
relu;(100, 100, 100, 50);0.3;0.01;none;1.00E-05;16;0.9;0.99;1.00E-08;0.026940782;-0.075860281;506;0.61
relu;(50, 50, 50);0.1;0.001;l1;0.0001;16;0.8;0.9;1.00E-06;0.026941129;-0.075874144;506;0.42
relu;(100, 50, 25);0.1;0.001;none;0.01;16;0.9;0.999;1.00E-08;0.026941565;-0.075891566;506;0.37
relu;(50, 50, 50);0;0.001;none;1.00E-05;64;0.99;0.9;1.00E-08;0.026942503;-0.075929014;504;0.41
relu;(100, 50, 25);0.3;0.001;l1;0.0001;64;0.9;0.999;1.00E-08;0.026943109;-0.075953225;504;0.54
relu;(100, 100, 100, 50);0;0.001;none;1.00E-05;64;0.99;0.999;1.00E-08;0.026951655;-0.076294499;504;1.22
relu;(100, 50, 25);0;0.001;none;0.0001;16;0.9;0.999;1.00E-08;0.026953032;-0.076349469;506;1.34
relu;(100, 100, 100, 50);0.3;0.001;l2;0.01;64;0.99;0.999;1.00E-08;0.026953861;-0.076382608;504;1.05
relu;(100, 50, 25);0.1;0.03;l1;1.00E-05;16;0.99;0.9;1.00E-06;0.026954352;-0.076402213;506;0.91
relu;(100, 50, 25);0.1;0.03;none;0.01;16;0.99;0.99;1.00E-08;0.026954886;-0.076423543;506;0.7
relu;(50, 50, 50);0;0.001;none;0.01;64;0.9;0.99;1.00E-08;0.026955809;-0.076460388;504;1.24
relu;(50, 50, 50);0.1;0.001;l2;1.00E-05;16;0.9;0.9;1.00E-08;0.026958186;-0.076555289;506;0.53
relu;(50, 50, 50);0.1;0.001;none;1.00E-05;32;0.8;0.999;1.00E-06;0.026960226;-0.076636764;506;0.4
relu;(100, 100, 100, 50);0.3;0.001;l2;0.01;32;0.99;0.9;1.00E-06;0.026961177;-0.076674769;506;0.72
relu;(50, 50, 50);0;0.03;none;1.00E-05;64;0.8;0.99;1.00E-06;0.026963102;-0.076751641;504;0.38
relu;(100, 50, 25);0;0.03;none;0.01;16;0.99;0.99;1.00E-08;0.026963704;-0.076775655;506;0.27
relu;(100, 50, 25);0.3;0.001;l2;0.0001;32;0.8;0.999;1.00E-08;0.026967296;-0.076919106;506;0.45
relu;(50, 50, 50);0.3;0.03;l2;1.00E-05;32;0.8;0.99;1.00E-08;0.026969671;-0.077013949;506;1
relu;(100, 100, 100, 50);0;0.03;none;1.00E-05;16;0.8;0.999;1.00E-08;0.026970249;-0.077037036;506;0.94
relu;(100, 50, 25);0.3;0.001;l2;1.00E-05;32;0.8;0.9;1.00E-06;0.026976094;-0.077270464;506;0.38
relu;(100, 50, 25);0.3;0.001;l1;1.00E-05;64;0.99;0.99;1.00E-06;0.026979969;-0.077425184;504;0.52
relu;(100, 100, 100, 50);0.1;0.03;none;0.0001;32;0.99;0.9;1.00E-06;0.02698124;-0.077475937;506;1.52
relu;(100, 50, 25);0.3;0.001;l2;0.01;64;0.8;0.999;1.00E-08;0.026981689;-0.077493868;504;0.47
relu;(100, 100, 100, 50);0;0.001;l1;0.01;32;0.99;0.9;1.00E-08;0.026984124;-0.077591106;506;1.39
relu;(100, 50, 25);0;0.01;none;1.00E-05;16;0.99;0.9;1.00E-06;0.026988502;-0.077765939;506;0.51
relu;(50, 50, 50);0.1;0.01;l2;1.00E-05;64;0.8;0.99;1.00E-06;0.026989653;-0.077811909;504;0.79
relu;(100, 100, 100, 50);0;0.001;l1;0.01;64;0.99;0.99;1.00E-06;0.026990428;-0.077842852;504;1.63
relu;(50, 50, 50);0.3;0.03;none;0.0001;64;0.8;0.999;1.00E-08;0.026990463;-0.07784426;504;0.71
relu;(100, 100, 100, 50);0.3;0.001;l1;0.0001;16;0.8;0.99;1.00E-06;0.026992978;-0.077944713;506;1.02
relu;(50, 50, 50);0.3;0.03;l2;0.01;32;0.8;0.9;1.00E-06;0.02699522;-0.07803424;506;0.78
relu;(50, 50, 50);0.3;0.03;l2;0.0001;16;0.8;0.99;1.00E-08;0.026996412;-0.078081854;506;1.24
relu;(50, 50, 50);0;0.01;none;0.0001;64;0.8;0.99;1.00E-08;0.026996939;-0.078102866;504;0.42
relu;(100, 100, 100, 50);0;0.001;l1;0.0001;32;0.8;0.999;1.00E-08;0.026997642;-0.078130947;506;1.2
relu;(100, 100, 100, 50);0.3;0.001;l2;1.00E-05;16;0.9;0.99;1.00E-06;0.026997999;-0.078145212;506;0.75
relu;(50, 50, 50);0.3;0.01;l2;0.0001;64;0.99;0.999;1.00E-08;0.026998062;-0.078147746;504;0.81
relu;(100, 50, 25);0.3;0.01;none;0.01;32;0.99;0.9;1.00E-08;0.027000113;-0.078229634;506;0.45
relu;(100, 50, 25);0.3;0.03;l2;1.00E-05;32;0.99;0.99;1.00E-06;0.02700064;-0.078250679;506;0.84
relu;(100, 50, 25);0.1;0.01;l2;0.0001;16;0.99;0.99;1.00E-06;0.027005315;-0.078437383;506;0.78
relu;(100, 50, 25);0;0.001;l1;0.01;32;0.99;0.999;1.00E-06;0.027006164;-0.07847128;506;0.92
relu;(100, 50, 25);0.3;0.01;none;0.0001;64;0.8;0.999;1.00E-08;0.027008589;-0.07856811;504;0.45
relu;(50, 50, 50);0.1;0.03;l2;1.00E-05;64;0.9;0.999;1.00E-06;0.02700877;-0.078575339;504;0.9
relu;(100, 100, 100, 50);0.3;0.01;none;0.0001;16;0.99;0.99;1.00E-06;0.027010307;-0.078636709;506;0.71
relu;(50, 50, 50);0.3;0.001;l2;0.01;64;0.8;0.99;1.00E-06;0.027011067;-0.078667069;504;0.77
relu;(50, 50, 50);0.3;0.001;l2;0.0001;32;0.9;0.9;1.00E-06;0.027013424;-0.078761206;506;0.48
relu;(50, 50, 50);0.1;0.001;none;0.01;64;0.8;0.99;1.00E-08;0.027015297;-0.078836005;504;0.49
relu;(50, 50, 50);0.3;0.03;l2;0.0001;32;0.8;0.99;1.00E-08;0.027016811;-0.078896457;506;1.35
relu;(50, 50, 50);0.3;0.03;l1;0.0001;32;0.8;0.99;1.00E-08;0.027019598;-0.079007731;506;0.87
relu;(100, 50, 25);0.1;0.01;l2;0.01;16;0.9;0.999;1.00E-08;0.0270199;-0.079019811;506;0.89
relu;(100, 100, 100, 50);0;0.03;l2;0.01;32;0.99;0.999;1.00E-08;0.02701998;-0.079023003;506;1.27
relu;(50, 50, 50);0.3;0.03;none;0.0001;32;0.9;0.99;1.00E-06;0.027021895;-0.07909948;506;0.72
relu;(100, 100, 100, 50);0.3;0.001;l2;0.0001;32;0.8;0.9;1.00E-08;0.027022711;-0.079132072;506;1.02
relu;(100, 50, 25);0.1;0.001;l2;0.0001;16;0.99;0.99;1.00E-06;0.027022724;-0.079132582;506;0.71
relu;(50, 50, 50);0;0.01;l2;1.00E-05;16;0.9;0.9;1.00E-06;0.02702361;-0.079167975;506;0.3
relu;(100, 100, 100, 50);0;0.01;none;1.00E-05;64;0.9;0.99;1.00E-06;0.027026105;-0.079267603;504;1.5
relu;(50, 50, 50);0.1;0.001;none;0.01;32;0.8;0.999;1.00E-08;0.027028079;-0.079346424;506;0.43
relu;(100, 100, 100, 50);0;0.03;l1;1.00E-05;16;0.99;0.99;1.00E-08;0.027029071;-0.079386042;506;1.14
relu;(50, 50, 50);0;0.01;none;0.0001;64;0.8;0.999;1.00E-06;0.027030208;-0.079431436;504;0.37
relu;(100, 100, 100, 50);0;0.001;none;1.00E-05;32;0.9;0.9;1.00E-08;0.027033841;-0.079576549;506;1.15
relu;(50, 50, 50);0.1;0.01;none;1.00E-05;16;0.8;0.999;1.00E-08;0.027037155;-0.079708869;506;0.41
relu;(50, 50, 50);0.3;0.01;l2;1.00E-05;32;0.8;0.999;1.00E-06;0.027038031;-0.079743845;506;0.67
relu;(100, 100, 100, 50);0.3;0.001;l1;0.01;32;0.9;0.9;1.00E-06;0.027038181;-0.079749855;506;0.86
relu;(50, 50, 50);0.3;0.01;l2;1.00E-05;64;0.9;0.999;1.00E-08;0.027041724;-0.079891356;504;0.69
relu;(50, 50, 50);0.3;0.001;l2;0.01;16;0.9;0.9;1.00E-08;0.027042768;-0.079933014;506;0.54
relu;(100, 50, 25);0.3;0.03;l2;0.0001;64;0.9;0.999;1.00E-06;0.027043179;-0.079949426;504;1.09
relu;(100, 100, 100, 50);0.1;0.03;none;0.01;16;0.9;0.999;1.00E-06;0.027044419;-0.079998976;506;1.33
relu;(100, 50, 25);0.3;0.03;l1;1.00E-05;64;0.99;0.9;1.00E-06;0.027046714;-0.080090597;504;1.21
relu;(50, 50, 50);0.3;0.03;l2;0.0001;16;0.99;0.999;1.00E-08;0.027056595;-0.080485197;506;1.47
relu;(50, 50, 50);0.1;0.03;l1;0.0001;32;0.99;0.999;1.00E-06;0.02705675;-0.080491374;506;0.51
relu;(50, 50, 50);0;0.001;l1;0.01;16;0.99;0.999;1.00E-08;0.027056987;-0.080500844;506;0.92
relu;(100, 100, 100, 50);0;0.001;l2;1.00E-05;16;0.8;0.99;1.00E-08;0.027058346;-0.080555119;506;1.2
relu;(50, 50, 50);0.1;0.001;none;0.0001;32;0.99;0.999;1.00E-08;0.027058697;-0.080569141;506;0.42
relu;(50, 50, 50);0.3;0.01;l1;0.01;16;0.9;0.99;1.00E-08;0.027059405;-0.080597418;506;0.6
relu;(100, 100, 100, 50);0.3;0.01;none;1.00E-05;16;0.99;0.999;1.00E-08;0.027062166;-0.080707674;506;0.61
relu;(100, 100, 100, 50);0;0.01;l2;0.0001;16;0.9;0.9;1.00E-08;0.027062203;-0.080709149;506;1.16
relu;(50, 50, 50);0.1;0.001;l1;0.01;64;0.8;0.99;1.00E-06;0.027063847;-0.080774786;504;0.64
relu;(100, 50, 25);0.1;0.01;l1;0.01;16;0.9;0.999;1.00E-08;0.02706607;-0.080863577;506;1.12
relu;(50, 50, 50);0.3;0.001;l1;1.00E-05;32;0.8;0.99;1.00E-06;0.027066726;-0.080889769;506;0.71
relu;(100, 100, 100, 50);0;0.01;l1;0.01;32;0.99;0.999;1.00E-06;0.027067034;-0.080902082;506;1.22
relu;(100, 100, 100, 50);0.1;0.001;l2;0.0001;64;0.9;0.999;1.00E-06;0.027067077;-0.080903789;504;1.91
relu;(50, 50, 50);0.3;0.001;l2;0.01;16;0.8;0.999;1.00E-08;0.027068436;-0.080958055;506;0.49
relu;(50, 50, 50);0.3;0.001;l2;0.01;32;0.8;0.99;1.00E-06;0.027069571;-0.081003402;506;0.89
relu;(100, 100, 100, 50);0;0.03;none;0.01;16;0.99;0.9;1.00E-06;0.027074617;-0.081204906;506;1.18
relu;(50, 50, 50);0.1;0.03;none;1.00E-05;64;0.99;0.9;1.00E-08;0.027080995;-0.081459603;504;0.79
relu;(50, 50, 50);0;0.001;none;1.00E-05;64;0.9;0.99;1.00E-08;0.027081525;-0.081480774;504;0.37
relu;(100, 100, 100, 50);0.1;0.001;none;1.00E-05;16;0.8;0.999;1.00E-06;0.027081933;-0.081497068;506;1.57
relu;(100, 50, 25);0;0.001;l2;1.00E-05;64;0.99;0.9;1.00E-06;0.027082331;-0.081512941;504;0.96
relu;(100, 100, 100, 50);0.3;0.001;l1;1.00E-05;64;0.8;0.99;1.00E-08;0.027082797;-0.081531546;504;1.13
relu;(100, 100, 100, 50);0.1;0.001;l1;1.00E-05;16;0.9;0.9;1.00E-08;0.027083898;-0.081575527;506;1.78
relu;(100, 100, 100, 50);0.3;0.001;l2;0.0001;32;0.8;0.999;1.00E-06;0.02708519;-0.081627137;506;0.68
relu;(100, 100, 100, 50);0.1;0.01;l2;0.0001;16;0.99;0.999;1.00E-08;0.027085655;-0.081645702;506;1.34
relu;(100, 100, 100, 50);0.1;0.03;l2;0.01;16;0.99;0.9;1.00E-06;0.027087876;-0.08173439;506;0.7
relu;(50, 50, 50);0;0.001;none;1.00E-05;32;0.8;0.99;1.00E-06;0.027088844;-0.081773049;506;0.43
relu;(100, 100, 100, 50);0.3;0.001;l1;1.00E-05;64;0.99;0.9;1.00E-06;0.027088929;-0.081776423;504;1.03
relu;(100, 50, 25);0;0.001;l1;0.01;16;0.8;0.9;1.00E-08;0.027088985;-0.081778664;506;0.7
relu;(100, 100, 100, 50);0.1;0.001;l2;0.0001;16;0.99;0.999;1.00E-06;0.027089281;-0.08179049;506;1.4
relu;(100, 100, 100, 50);0.3;0.01;l2;0.0001;64;0.8;0.9;1.00E-06;0.027091381;-0.08187434;504;0.99
relu;(100, 50, 25);0.3;0.001;l1;1.00E-05;16;0.99;0.99;1.00E-06;0.027091423;-0.08187601;506;0.39
relu;(50, 50, 50);0;0.001;l1;1.00E-05;32;0.9;0.9;1.00E-06;0.027091781;-0.08189032;506;1.31
relu;(100, 50, 25);0.1;0.01;l1;0.0001;16;0.99;0.9;1.00E-08;0.02709779;-0.082130308;506;0.94
relu;(100, 100, 100, 50);0.3;0.03;l1;0.0001;64;0.8;0.99;1.00E-08;0.027098053;-0.082140797;504;2.06
relu;(100, 50, 25);0.3;0.001;l1;0.01;64;0.9;0.9;1.00E-06;0.027098368;-0.08215337;504;0.5
relu;(100, 100, 100, 50);0;0.01;l2;1.00E-05;64;0.8;0.9;1.00E-06;0.027099088;-0.082182143;504;1.45
relu;(50, 50, 50);0.1;0.001;l1;0.01;32;0.99;0.99;1.00E-06;0.02710046;-0.082236912;506;0.48
relu;(100, 100, 100, 50);0.1;0.03;l2;0.0001;16;0.8;0.999;1.00E-06;0.027100862;-0.082252978;506;0.84
relu;(100, 100, 100, 50);0.3;0.01;l1;0.0001;32;0.99;0.9;1.00E-06;0.027102042;-0.082300092;506;0.76
relu;(100, 100, 100, 50);0.3;0.001;l2;0.0001;32;0.9;0.999;1.00E-06;0.027102806;-0.082330582;506;0.7
relu;(100, 50, 25);0;0.001;none;1.00E-05;16;0.9;0.999;1.00E-08;0.027103734;-0.082367674;506;1.27
relu;(50, 50, 50);0;0.03;l1;1.00E-05;16;0.99;0.99;1.00E-08;0.027105671;-0.082445009;506;0.46
relu;(100, 50, 25);0.3;0.01;none;0.0001;32;0.9;0.99;1.00E-06;0.027109235;-0.082587331;506;0.36
relu;(50, 50, 50);0.1;0.01;l2;0.01;64;0.8;0.99;1.00E-06;0.027109776;-0.082608937;504;0.75
relu;(100, 100, 100, 50);0.3;0.01;l2;1.00E-05;32;0.99;0.9;1.00E-06;0.027111112;-0.08266229;506;1.01
relu;(100, 100, 100, 50);0;0.01;none;0.0001;64;0.9;0.999;1.00E-06;0.027111259;-0.082668169;504;1.38
relu;(100, 100, 100, 50);0.3;0.01;l1;0.0001;32;0.9;0.9;1.00E-08;0.027112805;-0.082729902;506;0.98
relu;(50, 50, 50);0.1;0.01;l1;0.01;32;0.8;0.99;1.00E-08;0.027113735;-0.082767023;506;0.89
relu;(50, 50, 50);0.3;0.01;l1;0.01;64;0.9;0.99;1.00E-06;0.027118861;-0.082971753;504;0.62
relu;(50, 50, 50);0.1;0.03;none;0.01;16;0.8;0.99;1.00E-06;0.027119407;-0.082993547;506;0.72
relu;(50, 50, 50);0.3;0.001;l2;0.01;64;0.99;0.9;1.00E-06;0.027121207;-0.083065437;504;0.98
relu;(100, 100, 100, 50);0.3;0.03;l1;0.0001;64;0.9;0.99;1.00E-08;0.027122465;-0.083115677;504;2.12
relu;(100, 100, 100, 50);0;0.001;l2;0.0001;16;0.8;0.99;1.00E-08;0.027123513;-0.083157535;506;1.05
relu;(100, 50, 25);0.1;0.001;l2;0.0001;16;0.9;0.999;1.00E-08;0.027124615;-0.083201514;506;0.78
relu;(100, 50, 25);0;0.001;l1;1.00E-05;64;0.99;0.999;1.00E-06;0.027126007;-0.083257104;504;0.79
relu;(50, 50, 50);0;0.001;none;1.00E-05;64;0.9;0.999;1.00E-06;0.027126311;-0.083269238;504;0.36
relu;(100, 50, 25);0.1;0.03;l2;0.01;64;0.9;0.999;1.00E-06;0.027126754;-0.083286944;504;0.58
relu;(100, 100, 100, 50);0.3;0.01;l2;0.01;64;0.8;0.99;1.00E-06;0.027127353;-0.083310852;504;1.16
relu;(100, 100, 100, 50);0;0.001;none;0.0001;32;0.9;0.999;1.00E-08;0.027128208;-0.083344998;506;1.18
relu;(50, 50, 50);0.1;0.001;l1;0.0001;32;0.8;0.99;1.00E-06;0.027131079;-0.08345966;506;0.46
relu;(100, 100, 100, 50);0.3;0.001;l1;0.0001;64;0.99;0.999;1.00E-06;0.027134587;-0.083599763;504;1.31
relu;(100, 50, 25);0.3;0.03;l2;0.01;32;0.9;0.99;1.00E-08;0.027136686;-0.083683555;506;1.42
relu;(50, 50, 50);0.1;0.001;l2;0.0001;64;0.8;0.9;1.00E-08;0.027136722;-0.08368503;504;0.44
relu;(100, 100, 100, 50);0.3;0.001;none;0.01;32;0.99;0.999;1.00E-06;0.027136907;-0.083692385;506;0.65
relu;(50, 50, 50);0;0.001;l2;0.0001;64;0.8;0.9;1.00E-08;0.02713711;-0.083700489;504;0.41
relu;(100, 50, 25);0;0.001;l1;1.00E-05;32;0.9;0.999;1.00E-08;0.027137542;-0.083717772;506;0.66
relu;(100, 50, 25);0;0.001;l2;0.0001;16;0.9;0.9;1.00E-06;0.027137849;-0.083729997;506;0.94
relu;(100, 50, 25);0;0.01;l1;0.01;16;0.8;0.99;1.00E-08;0.027139299;-0.083787915;506;0.43
relu;(50, 50, 50);0.3;0.01;none;0.0001;64;0.99;0.9;1.00E-06;0.027140056;-0.083818154;504;0.83
relu;(100, 100, 100, 50);0.3;0.001;l1;0.0001;32;0.8;0.9;1.00E-08;0.027140263;-0.083826423;506;1.38
relu;(50, 50, 50);0.3;0.001;l2;0.01;32;0.99;0.99;1.00E-06;0.027140718;-0.083844586;506;0.67
relu;(100, 50, 25);0.3;0.001;l1;0.01;16;0.8;0.9;1.00E-08;0.02714199;-0.083895386;506;0.46
relu;(50, 50, 50);0;0.001;none;0.0001;16;0.9;0.99;1.00E-06;0.027143141;-0.083941367;506;0.32
relu;(100, 50, 25);0;0.001;l2;0.0001;64;0.9;0.9;1.00E-06;0.027143781;-0.08396691;504;0.89
relu;(100, 50, 25);0;0.001;l1;1.00E-05;32;0.9;0.99;1.00E-06;0.027146245;-0.084065311;506;0.64
relu;(50, 50, 50);0;0.001;l1;0.0001;64;0.8;0.999;1.00E-08;0.027146679;-0.084082647;504;1.25
relu;(50, 50, 50);0.1;0.03;l2;0.0001;64;0.99;0.999;1.00E-06;0.027148316;-0.084148002;504;0.85
relu;(100, 100, 100, 50);0.3;0.001;l1;0.0001;32;0.8;0.99;1.00E-06;0.027148521;-0.084156184;506;1.21
relu;(100, 100, 100, 50);0.3;0.01;l1;1.00E-05;64;0.99;0.9;1.00E-06;0.027148989;-0.084174873;504;1.16
relu;(100, 100, 100, 50);0.3;0.001;l2;0.0001;32;0.99;0.99;1.00E-06;0.02715271;-0.084323463;506;0.75
relu;(100, 50, 25);0;0.03;none;0.0001;32;0.99;0.9;1.00E-06;0.027153507;-0.084355327;506;0.34
relu;(100, 50, 25);0.3;0.03;none;0.01;32;0.99;0.999;1.00E-06;0.027153586;-0.084358449;506;0.84
relu;(100, 50, 25);0.3;0.03;l2;0.0001;16;0.99;0.9;1.00E-08;0.027154326;-0.084388001;506;0.8
relu;(100, 50, 25);0.3;0.01;none;0.01;16;0.99;0.999;1.00E-06;0.027155321;-0.084427747;506;0.36
relu;(100, 100, 100, 50);0.3;0.01;l1;1.00E-05;64;0.99;0.99;1.00E-08;0.027156618;-0.08447954;504;1.3
relu;(50, 50, 50);0.1;0.01;none;0.0001;16;0.99;0.999;1.00E-06;0.027163038;-0.084735928;506;1.19
relu;(50, 50, 50);0.3;0.01;l1;0.0001;32;0.9;0.999;1.00E-08;0.027164869;-0.08480903;506;0.67
relu;(50, 50, 50);0.3;0.01;l2;1.00E-05;16;0.99;0.9;1.00E-06;0.02716561;-0.08483862;506;0.64
relu;(100, 100, 100, 50);0.3;0.001;none;1.00E-05;16;0.99;0.99;1.00E-06;0.027166606;-0.084878388;506;0.69
relu;(50, 50, 50);0.1;0.01;none;1.00E-05;32;0.99;0.9;1.00E-08;0.027167757;-0.084924369;506;0.5
relu;(100, 100, 100, 50);0.3;0.01;none;0.0001;32;0.8;0.99;1.00E-06;0.027167839;-0.084927652;506;0.99
relu;(100, 50, 25);0.3;0.03;l2;0.0001;32;0.99;0.999;1.00E-06;0.02716852;-0.084954843;506;0.98
relu;(100, 50, 25);0.3;0.001;l2;0.0001;64;0.99;0.9;1.00E-08;0.027168883;-0.084969331;504;0.53
relu;(100, 50, 25);0.3;0.001;l1;0.0001;16;0.8;0.999;1.00E-08;0.027170494;-0.085033664;506;0.4
relu;(50, 50, 50);0.3;0.001;l2;1.00E-05;32;0.99;0.999;1.00E-06;0.027174144;-0.085179448;506;0.54
relu;(100, 50, 25);0;0.001;none;0.0001;32;0.99;0.999;1.00E-06;0.027174186;-0.085181101;506;1.4
relu;(100, 100, 100, 50);0.3;0.03;l1;0.0001;16;0.9;0.999;1.00E-08;0.027175213;-0.08522214;506;1.04
relu;(100, 50, 25);0;0.03;l1;0.01;64;0.9;0.99;1.00E-08;0.027177191;-0.085301095;504;0.43
relu;(100, 100, 100, 50);0;0.001;l2;0.0001;16;0.9;0.99;1.00E-06;0.027178098;-0.085337328;506;1.09
relu;(100, 50, 25);0;0.03;none;0.0001;64;0.8;0.999;1.00E-06;0.027181909;-0.085489501;504;0.37
relu;(100, 100, 100, 50);0.3;0.01;l1;1.00E-05;64;0.9;0.99;1.00E-06;0.027182814;-0.085525647;504;1.16
relu;(100, 100, 100, 50);0.3;0.03;l2;1.00E-05;64;0.8;0.999;1.00E-06;0.027184062;-0.085575504;504;1.77
relu;(100, 100, 100, 50);0.1;0.03;none;0.0001;64;0.99;0.999;1.00E-06;0.027184173;-0.085579917;504;1.81
relu;(50, 50, 50);0.3;0.01;l2;0.01;64;0.99;0.999;1.00E-08;0.027185154;-0.085619104;504;0.71
relu;(100, 100, 100, 50);0;0.001;l2;1.00E-05;32;0.8;0.9;1.00E-08;0.027186192;-0.08566054;506;1.28
relu;(100, 100, 100, 50);0.3;0.03;l1;0.0001;32;0.99;0.999;1.00E-06;0.027186213;-0.085661415;506;1.65
relu;(50, 50, 50);0;0.001;none;0.0001;64;0.9;0.9;1.00E-06;0.027187008;-0.085693165;504;0.45
relu;(100, 50, 25);0;0.001;none;1.00E-05;64;0.8;0.9;1.00E-06;0.027187496;-0.085712619;504;1.77
relu;(100, 50, 25);0.3;0.03;l2;0.01;16;0.9;0.99;1.00E-08;0.027188243;-0.085742482;506;0.95
relu;(100, 100, 100, 50);0.1;0.03;l2;0.01;16;0.9;0.999;1.00E-06;0.02719176;-0.085882903;506;0.82
relu;(100, 100, 100, 50);0.3;0.001;l1;0.01;16;0.8;0.9;1.00E-06;0.027193099;-0.085936376;506;0.8
relu;(100, 50, 25);0.1;0.03;l2;0.0001;64;0.9;0.999;1.00E-08;0.027194339;-0.08598591;504;1.04
relu;(100, 50, 25);0.3;0.01;l2;1.00E-05;16;0.99;0.999;1.00E-06;0.027194648;-0.08599824;506;0.34
relu;(100, 50, 25);0.1;0.03;l2;1.00E-05;16;0.9;0.9;1.00E-08;0.027195258;-0.086022584;506;0.81
relu;(100, 100, 100, 50);0.3;0.01;l1;1.00E-05;16;0.8;0.999;1.00E-08;0.02719655;-0.086074206;506;0.69
relu;(100, 100, 100, 50);0.1;0.001;l1;0.01;64;0.8;0.9;1.00E-08;0.0272004;-0.086227926;504;2.17
relu;(50, 50, 50);0;0.001;l2;0.0001;16;0.8;0.9;1.00E-06;0.027200471;-0.086230775;506;0.36
relu;(50, 50, 50);0.3;0.001;none;1.00E-05;64;0.99;0.99;1.00E-08;0.027205141;-0.086417278;504;0.67
relu;(100, 100, 100, 50);0.3;0.01;none;0.01;64;0.8;0.99;1.00E-08;0.027205299;-0.086423574;504;1
relu;(100, 100, 100, 50);0;0.001;none;0.01;32;0.9;0.999;1.00E-08;0.027206471;-0.086470392;506;1.25
relu;(100, 100, 100, 50);0;0.001;l1;0.01;16;0.9;0.9;1.00E-08;0.027207944;-0.086529193;506;1.34
relu;(100, 100, 100, 50);0.1;0.03;none;0.01;64;0.9;0.99;1.00E-06;0.027210683;-0.086638579;504;1.71
relu;(100, 100, 100, 50);0.1;0.01;l2;0.0001;32;0.9;0.999;1.00E-08;0.027212325;-0.086704151;506;1.47
relu;(100, 50, 25);0.1;0.001;l1;1.00E-05;32;0.99;0.9;1.00E-08;0.027214379;-0.086786189;506;0.99
relu;(50, 50, 50);0.3;0.01;l1;0.01;64;0.8;0.9;1.00E-06;0.027217672;-0.086917698;504;0.77
relu;(100, 50, 25);0.1;0.03;none;0.0001;16;0.9;0.999;1.00E-06;0.027217936;-0.086928226;506;0.94
relu;(50, 50, 50);0.3;0.03;l2;0.01;16;0.99;0.9;1.00E-06;0.027226781;-0.08728145;506;0.8
relu;(100, 50, 25);0.1;0.01;none;0.01;64;0.8;0.999;1.00E-08;0.027227476;-0.087309221;504;0.92
relu;(100, 50, 25);0.3;0.001;l1;0.01;64;0.9;0.9;1.00E-08;0.027228316;-0.087342749;504;0.53
relu;(100, 50, 25);0.3;0.001;l2;0.01;64;0.99;0.9;1.00E-08;0.027228453;-0.087348229;504;0.52
relu;(50, 50, 50);0.3;0.001;l1;0.0001;32;0.9;0.999;1.00E-06;0.027230463;-0.087428481;506;0.7
relu;(50, 50, 50);0.1;0.01;l1;0.01;16;0.8;0.999;1.00E-08;0.027232076;-0.087492912;506;0.49
relu;(100, 50, 25);0.1;0.03;none;1.00E-05;64;0.9;0.999;1.00E-08;0.027234833;-0.087603005;504;1.22
relu;(100, 100, 100, 50);0;0.001;l2;0.0001;64;0.99;0.999;1.00E-06;0.027235795;-0.087641435;504;1.25
relu;(100, 100, 100, 50);0;0.001;l1;1.00E-05;64;0.9;0.9;1.00E-06;0.027236545;-0.087671367;504;1.49
relu;(50, 50, 50);0.3;0.03;none;0.01;32;0.99;0.99;1.00E-06;0.027239404;-0.087785556;506;0.47
relu;(100, 100, 100, 50);0.1;0.001;none;0.0001;32;0.8;0.99;1.00E-08;0.027240064;-0.087811899;506;1.34
relu;(100, 100, 100, 50);0;0.001;none;1.00E-05;16;0.8;0.99;1.00E-08;0.027241075;-0.087852275;506;1.3
relu;(100, 100, 100, 50);0.3;0.01;l2;1.00E-05;32;0.8;0.9;1.00E-08;0.027241265;-0.087859875;506;0.7
relu;(50, 50, 50);0.3;0.03;l2;0.0001;16;0.99;0.999;1.00E-06;0.027242119;-0.087893958;506;1.35
relu;(100, 100, 100, 50);0;0.03;l1;0.0001;16;0.99;0.9;1.00E-08;0.02724255;-0.087911155;506;1.06
relu;(50, 50, 50);0.3;0.001;l1;0.0001;64;0.99;0.99;1.00E-06;0.027247636;-0.088114277;504;0.9
relu;(100, 100, 100, 50);0;0.03;l1;0.0001;64;0.99;0.9;1.00E-08;0.027248043;-0.088130537;504;1.55
relu;(100, 100, 100, 50);0;0.001;l1;1.00E-05;16;0.8;0.9;1.00E-06;0.027248061;-0.088131244;506;1.35
relu;(100, 100, 100, 50);0.1;0.01;l1;0.0001;32;0.9;0.999;1.00E-06;0.027252542;-0.08831018;506;2.05
relu;(50, 50, 50);0.3;0.03;l2;1.00E-05;32;0.8;0.999;1.00E-06;0.027252836;-0.088321941;506;0.95
relu;(50, 50, 50);0;0.001;l1;0.0001;16;0.8;0.99;1.00E-06;0.02725784;-0.088521772;506;1.12
relu;(100, 100, 100, 50);0.3;0.001;none;1.00E-05;64;0.99;0.999;1.00E-06;0.027258385;-0.08854355;504;1.31
relu;(100, 100, 100, 50);0.3;0.03;l2;0.01;32;0.99;0.999;1.00E-06;0.027258867;-0.088562768;506;1.45
relu;(50, 50, 50);0.1;0.001;none;0.01;32;0.99;0.99;1.00E-06;0.027259823;-0.08860094;506;0.38
relu;(50, 50, 50);0.3;0.001;l1;0.01;16;0.99;0.999;1.00E-08;0.02726168;-0.088675111;506;0.63
relu;(50, 50, 50);0.3;0.001;l2;0.01;16;0.9;0.9;1.00E-06;0.027261762;-0.088678387;506;0.44
relu;(100, 50, 25);0;0.01;none;1.00E-05;32;0.8;0.999;1.00E-08;0.027262641;-0.088713505;506;0.66
relu;(100, 50, 25);0;0.001;none;1.00E-05;32;0.8;0.9;1.00E-06;0.027267603;-0.088911647;506;1.6
relu;(100, 100, 100, 50);0.3;0.001;l2;0.0001;32;0.8;0.99;1.00E-08;0.027270491;-0.089026991;506;0.68
relu;(100, 50, 25);0.3;0.001;none;0.0001;16;0.8;0.9;1.00E-08;0.027270917;-0.089043983;506;0.41
relu;(100, 50, 25);0;0.001;none;1.00E-05;16;0.8;0.99;1.00E-08;0.027273008;-0.089127487;506;1.24
relu;(100, 50, 25);0;0.001;none;0.01;32;0.8;0.999;1.00E-08;0.027274364;-0.089181663;506;0.78
relu;(50, 50, 50);0;0.001;l2;1.00E-05;16;0.9;0.9;1.00E-06;0.027274922;-0.089203922;506;0.32
relu;(50, 50, 50);0.3;0.001;l2;1.00E-05;64;0.8;0.999;1.00E-06;0.027275367;-0.08922171;504;0.92
relu;(50, 50, 50);0.3;0.03;l2;0.0001;16;0.99;0.9;1.00E-08;0.027278344;-0.089340575;506;1.24
relu;(100, 50, 25);0.1;0.001;l1;0.01;16;0.8;0.99;1.00E-08;0.027279153;-0.089372869;506;1.09
relu;(50, 50, 50);0.3;0.001;l1;1.00E-05;16;0.99;0.99;1.00E-08;0.027279311;-0.089379215;506;0.74
relu;(50, 50, 50);0.3;0.01;l2;1.00E-05;32;0.9;0.999;1.00E-08;0.027279872;-0.089401609;506;0.67
relu;(100, 50, 25);0.1;0.001;none;1.00E-05;32;0.99;0.999;1.00E-08;0.02728166;-0.089473011;506;0.38
relu;(100, 50, 25);0.1;0.001;l2;0.0001;16;0.99;0.9;1.00E-08;0.027282711;-0.089514983;506;0.71
relu;(100, 50, 25);0.1;0.001;none;0.0001;64;0.99;0.9;1.00E-06;0.027286134;-0.089651662;504;0.49
relu;(50, 50, 50);0.3;0.01;none;0.0001;64;0.99;0.999;1.00E-08;0.027287083;-0.089689577;504;0.74
relu;(100, 50, 25);0.3;0.03;l2;0.01;16;0.8;0.999;1.00E-08;0.027289599;-0.089790039;506;1.06
relu;(100, 100, 100, 50);0.1;0.001;l1;1.00E-05;32;0.8;0.99;1.00E-08;0.027289603;-0.089790211;506;1.95
relu;(100, 100, 100, 50);0;0.001;l1;1.00E-05;64;0.8;0.99;1.00E-06;0.027290759;-0.089836355;504;1.54
relu;(100, 100, 100, 50);0;0.001;none;0.0001;32;0.8;0.999;1.00E-08;0.027291664;-0.089872507;506;1.11
relu;(100, 100, 100, 50);0.3;0.01;none;0.01;16;0.8;0.9;1.00E-06;0.027291934;-0.08988327;506;0.66
relu;(100, 100, 100, 50);0.1;0.001;none;1.00E-05;32;0.9;0.99;1.00E-06;0.027292188;-0.089893443;506;1.66
relu;(50, 50, 50);0;0.03;none;0.01;32;0.9;0.9;1.00E-08;0.027294262;-0.089976257;506;0.4
relu;(100, 100, 100, 50);0;0.001;l2;0.0001;32;0.8;0.9;1.00E-08;0.027295607;-0.090029975;506;1.22
relu;(100, 100, 100, 50);0.3;0.01;l1;0.0001;16;0.9;0.99;1.00E-06;0.027300332;-0.09021864;506;0.68
relu;(50, 50, 50);0.3;0.03;l2;0.0001;64;0.9;0.99;1.00E-08;0.027302616;-0.090309848;504;0.99
relu;(100, 50, 25);0.3;0.03;l1;0.0001;64;0.8;0.999;1.00E-08;0.027304319;-0.090377882;504;1.47
relu;(50, 50, 50);0;0.03;none;0.01;32;0.99;0.999;1.00E-08;0.027306921;-0.090481796;506;0.36
relu;(100, 100, 100, 50);0.3;0.03;l1;0.01;64;0.9;0.99;1.00E-06;0.027306976;-0.090483989;504;2.19
relu;(50, 50, 50);0.1;0.01;l2;1.00E-05;32;0.8;0.999;1.00E-08;0.02731023;-0.090613925;506;0.51
relu;(50, 50, 50);0.1;0.03;none;1.00E-05;16;0.99;0.9;1.00E-06;0.027310305;-0.090616902;506;0.59
relu;(100, 100, 100, 50);0.1;0.03;none;0.0001;16;0.8;0.99;1.00E-06;0.027311991;-0.090684267;506;1.32
relu;(100, 50, 25);0.3;0.01;l1;1.00E-05;16;0.99;0.999;1.00E-06;0.027312517;-0.090705245;506;0.62
relu;(100, 50, 25);0.1;0.001;l2;0.0001;16;0.8;0.99;1.00E-06;0.027315647;-0.090830237;506;0.84
relu;(100, 100, 100, 50);0;0.03;l2;1.00E-05;16;0.99;0.999;1.00E-06;0.027315911;-0.090840778;506;1.11
relu;(100, 50, 25);0.3;0.001;l2;1.00E-05;32;0.9;0.99;1.00E-06;0.027316353;-0.090858457;506;0.37
relu;(100, 50, 25);0.3;0.001;l2;0.01;32;0.9;0.999;1.00E-06;0.027318129;-0.09092935;506;0.38
relu;(50, 50, 50);0;0.001;l2;1.00E-05;16;0.8;0.999;1.00E-08;0.027319307;-0.090976412;506;0.3
relu;(100, 50, 25);0;0.001;l2;1.00E-05;32;0.9;0.99;1.00E-08;0.027319606;-0.090988359;506;0.88
relu;(50, 50, 50);0;0.001;l1;1.00E-05;32;0.8;0.9;1.00E-08;0.027320098;-0.091008003;506;1.34
relu;(100, 50, 25);0.1;0.001;l1;0.0001;32;0.8;0.9;1.00E-06;0.027320764;-0.091034601;506;1.01
relu;(50, 50, 50);0;0.001;l2;1.00E-05;32;0.8;0.999;1.00E-08;0.027321131;-0.091049239;506;0.38
relu;(50, 50, 50);0;0.001;none;1.00E-05;16;0.9;0.9;1.00E-08;0.027330447;-0.091421275;506;0.33
relu;(50, 50, 50);0;0.01;none;0.0001;64;0.8;0.99;1.00E-06;0.027334274;-0.091574124;504;0.42
relu;(100, 50, 25);0.1;0.001;l1;0.01;64;0.9;0.999;1.00E-06;0.027335835;-0.091636429;504;1.08
relu;(50, 50, 50);0.3;0.001;none;0.0001;64;0.9;0.99;1.00E-06;0.027336316;-0.091655657;504;0.59
relu;(100, 100, 100, 50);0;0.001;l2;0.0001;64;0.8;0.9;1.00E-06;0.027336501;-0.091663029;504;1.27
relu;(100, 100, 100, 50);0;0.001;none;1.00E-05;16;0.9;0.9;1.00E-06;0.027336967;-0.091681645;506;1.37
relu;(50, 50, 50);0.3;0.001;none;0.0001;32;0.9;0.99;1.00E-08;0.027338744;-0.091752626;506;0.66
relu;(100, 100, 100, 50);0.3;0.001;l1;0.0001;16;0.99;0.9;1.00E-06;0.02734157;-0.091865461;506;0.95
relu;(100, 100, 100, 50);0;0.001;none;0.0001;16;0.8;0.99;1.00E-06;0.027342561;-0.091905031;506;0.94
relu;(100, 50, 25);0;0.001;none;0.01;64;0.9;0.9;1.00E-08;0.027345432;-0.092019692;504;0.82
relu;(50, 50, 50);0.3;0.01;none;1.00E-05;64;0.99;0.999;1.00E-08;0.027346273;-0.092053296;504;0.89
relu;(50, 50, 50);0.3;0.03;none;0.01;16;0.99;0.9;1.00E-06;0.027346909;-0.092078691;506;0.57
relu;(50, 50, 50);0.1;0.01;l2;0.0001;64;0.99;0.9;1.00E-08;0.027347435;-0.092099684;504;0.87
relu;(50, 50, 50);0.1;0.001;l1;0.0001;64;0.9;0.9;1.00E-08;0.027349397;-0.092178028;504;0.61
relu;(100, 50, 25);0;0.01;l2;1.00E-05;64;0.9;0.9;1.00E-06;0.027349436;-0.092179601;504;0.43
relu;(50, 50, 50);0.1;0.001;none;0.01;64;0.9;0.999;1.00E-06;0.027350991;-0.092241703;504;0.56
relu;(100, 100, 100, 50);0.3;0.03;l1;1.00E-05;64;0.9;0.99;1.00E-06;0.027353761;-0.092352318;504;1.57
relu;(100, 50, 25);0.3;0.001;l2;1.00E-05;64;0.9;0.999;1.00E-06;0.027355183;-0.092409078;504;0.49
relu;(100, 50, 25);0.3;0.001;l1;1.00E-05;64;0.8;0.9;1.00E-08;0.027355399;-0.092417709;504;0.5
relu;(100, 100, 100, 50);0.1;0.03;l2;0.0001;64;0.99;0.999;1.00E-06;0.027357933;-0.092518927;504;1.1
relu;(100, 100, 100, 50);0.1;0.001;none;0.0001;32;0.8;0.999;1.00E-06;0.027358034;-0.092522934;506;1.31
relu;(100, 50, 25);0.1;0.03;none;0.0001;32;0.99;0.99;1.00E-06;0.027363198;-0.09272918;506;0.97
relu;(100, 100, 100, 50);0;0.03;l2;1.00E-05;64;0.99;0.9;1.00E-08;0.027365761;-0.092831498;504;1.25
relu;(100, 50, 25);0.3;0.001;l1;0.0001;32;0.9;0.9;1.00E-08;0.027365962;-0.092839561;506;0.43
relu;(50, 50, 50);0.1;0.01;none;1.00E-05;16;0.9;0.9;1.00E-06;0.027366436;-0.092858455;506;0.38
relu;(50, 50, 50);0;0.001;none;0.01;16;0.9;0.99;1.00E-06;0.027368028;-0.092922065;506;1.05
relu;(100, 50, 25);0.3;0.001;l1;0.01;16;0.9;0.99;1.00E-06;0.027368945;-0.092958654;506;0.4
relu;(100, 100, 100, 50);0.3;0.001;l1;1.00E-05;32;0.99;0.999;1.00E-06;0.027370572;-0.093023631;506;0.81
relu;(100, 50, 25);0.1;0.03;l1;0.0001;64;0.9;0.9;1.00E-08;0.027373524;-0.093141513;504;1.31
relu;(100, 100, 100, 50);0.1;0.001;none;1.00E-05;64;0.9;0.99;1.00E-08;0.027374189;-0.093168091;504;1.9
relu;(100, 50, 25);0;0.001;none;0.01;16;0.8;0.9;1.00E-08;0.027374816;-0.093193102;506;1.29
relu;(50, 50, 50);0.3;0.001;l2;1.00E-05;16;0.8;0.9;1.00E-08;0.02737865;-0.093346212;506;0.56
relu;(50, 50, 50);0.3;0.01;none;1.00E-05;64;0.99;0.999;1.00E-06;0.027379339;-0.093373732;504;0.82
relu;(100, 50, 25);0.3;0.001;l2;1.00E-05;16;0.99;0.999;1.00E-06;0.027380805;-0.093432275;506;0.4
relu;(50, 50, 50);0.3;0.001;none;0.01;16;0.99;0.9;1.00E-06;0.027381134;-0.093445416;506;0.6
relu;(50, 50, 50);0.1;0.03;none;0.0001;64;0.8;0.99;1.00E-06;0.027383747;-0.093549765;504;0.94
relu;(100, 100, 100, 50);0;0.001;l2;0.0001;32;0.8;0.999;1.00E-06;0.027383962;-0.09355835;506;1.02
relu;(100, 50, 25);0;0.001;none;0.0001;32;0.9;0.999;1.00E-08;0.02738644;-0.09365731;506;1.33
relu;(50, 50, 50);0;0.01;none;0.01;64;0.8;0.9;1.00E-08;0.027386585;-0.093663098;504;0.37
relu;(100, 50, 25);0.1;0.001;l2;0.0001;32;0.8;0.99;1.00E-08;0.02738673;-0.093668902;506;0.82
relu;(100, 100, 100, 50);0.1;0.001;l1;0.0001;16;0.99;0.99;1.00E-08;0.027400954;-0.094236917;506;1.35
relu;(100, 100, 100, 50);0.1;0.001;l2;0.0001;32;0.99;0.999;1.00E-08;0.027403044;-0.094320393;506;1.68
relu;(100, 50, 25);0;0.001;l1;0.01;64;0.8;0.9;1.00E-08;0.027405334;-0.094411828;504;0.96
relu;(100, 100, 100, 50);0.1;0.001;l2;1.00E-05;32;0.99;0.999;1.00E-08;0.027408969;-0.094556997;506;1.41
relu;(100, 100, 100, 50);0.3;0.001;l2;1.00E-05;16;0.99;0.999;1.00E-06;0.027411626;-0.094663108;506;1
relu;(50, 50, 50);0.3;0.03;l1;0.0001;16;0.8;0.99;1.00E-08;0.027417137;-0.094883167;506;0.55
relu;(50, 50, 50);0;0.001;none;0.01;16;0.9;0.99;1.00E-08;0.027427472;-0.095295904;506;1.2
relu;(100, 50, 25);0.3;0.001;none;0.0001;64;0.9;0.9;1.00E-08;0.027430748;-0.095426706;504;0.55
relu;(50, 50, 50);0;0.001;none;0.0001;16;0.8;0.9;1.00E-06;0.02743108;-0.095439979;506;0.34
relu;(100, 100, 100, 50);0.3;0.03;l2;1.00E-05;64;0.8;0.99;1.00E-08;0.027432217;-0.095485402;504;1.62
relu;(50, 50, 50);0;0.001;l2;0.0001;32;0.9;0.9;1.00E-08;0.0274363;-0.095648445;506;0.36
relu;(50, 50, 50);0.3;0.001;l1;0.01;32;0.8;0.9;1.00E-08;0.027441575;-0.095859075;506;0.86
relu;(100, 50, 25);0.1;0.03;l1;0.0001;16;0.99;0.999;1.00E-08;0.027442229;-0.095885197;506;1.05
relu;(100, 100, 100, 50);0;0.001;none;0.01;64;0.9;0.99;1.00E-06;0.027445758;-0.096026125;504;1.51
relu;(50, 50, 50);0;0.001;l1;0.0001;16;0.9;0.999;1.00E-08;0.027450892;-0.096231143;506;1.2
relu;(100, 50, 25);0;0.03;l1;0.01;16;0.9;0.99;1.00E-08;0.02745168;-0.096262641;506;0.35
relu;(100, 100, 100, 50);0.1;0.03;l1;1.00E-05;64;0.8;0.999;1.00E-08;0.027454065;-0.096357873;504;2.11
relu;(50, 50, 50);0.3;0.001;l1;0.0001;32;0.99;0.999;1.00E-06;0.027454511;-0.096375699;506;0.82
relu;(50, 50, 50);0.3;0.03;none;0.0001;16;0.8;0.9;1.00E-06;0.027455063;-0.096397737;506;0.47
relu;(50, 50, 50);0;0.03;none;0.01;32;0.99;0.9;1.00E-06;0.027455508;-0.096415476;506;0.4
relu;(100, 100, 100, 50);0.1;0.03;l1;0.0001;64;0.8;0.999;1.00E-06;0.027457916;-0.096511666;504;1.94
relu;(50, 50, 50);0.3;0.01;none;0.0001;64;0.8;0.9;1.00E-06;0.027472141;-0.097079713;504;0.8
relu;(100, 50, 25);0;0.001;l1;1.00E-05;64;0.8;0.999;1.00E-06;0.027472469;-0.097092825;504;0.82
relu;(100, 100, 100, 50);0;0.001;none;1.00E-05;64;0.8;0.9;1.00E-06;0.027475516;-0.097214497;504;1.65
relu;(100, 100, 100, 50);0.1;0.001;l2;0.0001;16;0.8;0.999;1.00E-08;0.027476684;-0.097261135;506;1.38
relu;(50, 50, 50);0.3;0.001;l2;1.00E-05;64;0.9;0.9;1.00E-08;0.027477759;-0.097304057;504;0.7
relu;(50, 50, 50);0.3;0.001;none;0.01;32;0.8;0.999;1.00E-06;0.027478748;-0.097343575;506;0.68
relu;(100, 50, 25);0.3;0.001;none;0.0001;64;0.9;0.99;1.00E-06;0.027479433;-0.097370903;504;0.52
relu;(50, 50, 50);0;0.01;none;0.01;32;0.8;0.999;1.00E-08;0.027479732;-0.097382853;506;0.34
relu;(100, 100, 100, 50);0.3;0.001;l2;0.01;32;0.99;0.99;1.00E-06;0.027480427;-0.097410636;506;0.71
relu;(100, 100, 100, 50);0.3;0.001;l1;0.0001;64;0.99;0.9;1.00E-06;0.027481675;-0.09746047;504;1.29
relu;(50, 50, 50);0.3;0.03;none;0.01;32;0.8;0.999;1.00E-06;0.027495078;-0.097995688;506;0.6
relu;(100, 50, 25);0;0.03;l2;1.00E-05;16;0.99;0.9;1.00E-06;0.027501794;-0.098263902;506;0.32
relu;(50, 50, 50);0;0.01;l2;0.0001;16;0.9;0.99;1.00E-08;0.027503971;-0.098350841;506;0.37
relu;(100, 50, 25);0.3;0.001;none;1.00E-05;16;0.99;0.999;1.00E-06;0.027504807;-0.098384196;506;0.38
relu;(100, 100, 100, 50);0;0.001;l2;0.0001;32;0.9;0.99;1.00E-06;0.027505956;-0.09843011;506;1.15
relu;(100, 50, 25);0.3;0.001;l1;0.0001;32;0.8;0.9;1.00E-08;0.027506482;-0.09845112;506;0.46
relu;(50, 50, 50);0.3;0.03;l1;0.01;16;0.99;0.9;1.00E-08;0.027507043;-0.098473522;506;1.35
relu;(100, 100, 100, 50);0;0.001;none;0.01;64;0.8;0.9;1.00E-06;0.027507737;-0.098501224;504;1.53
relu;(100, 100, 100, 50);0.3;0.001;l1;1.00E-05;16;0.99;0.999;1.00E-08;0.027509062;-0.098554116;506;0.72
relu;(50, 50, 50);0;0.001;l2;1.00E-05;64;0.8;0.9;1.00E-06;0.027512137;-0.098676931;504;0.4
relu;(50, 50, 50);0.3;0.03;l2;1.00E-05;64;0.99;0.999;1.00E-08;0.027514705;-0.098779484;504;1.14
relu;(100, 50, 25);0;0.001;none;1.00E-05;64;0.8;0.99;1.00E-08;0.02751656;-0.098853569;504;1.79
relu;(50, 50, 50);0.1;0.03;l1;0.0001;32;0.99;0.999;1.00E-08;0.027517611;-0.098895553;506;0.63
relu;(100, 100, 100, 50);0;0.001;l2;1.00E-05;32;0.9;0.9;1.00E-06;0.027518395;-0.098926855;506;1.34
relu;(50, 50, 50);0.1;0.001;l2;0.0001;32;0.99;0.99;1.00E-08;0.027519488;-0.098970491;506;0.42
relu;(100, 100, 100, 50);0.3;0.01;l1;1.00E-05;16;0.8;0.999;1.00E-06;0.027520585;-0.099014304;506;0.68
relu;(50, 50, 50);0;0.01;none;0.0001;16;0.99;0.9;1.00E-06;0.027523943;-0.09914838;506;0.33
relu;(50, 50, 50);0.3;0.001;l1;1.00E-05;16;0.99;0.999;1.00E-08;0.027524013;-0.099151198;506;0.77
relu;(100, 100, 100, 50);0.3;0.01;none;0.0001;32;0.99;0.9;1.00E-06;0.027525723;-0.099219494;506;0.65
relu;(100, 100, 100, 50);0;0.001;none;0.0001;16;0.99;0.999;1.00E-08;0.027529222;-0.099359201;506;1.13
relu;(100, 50, 25);0.1;0.03;l1;0.0001;64;0.99;0.9;1.00E-08;0.027532206;-0.099478384;504;1.27
relu;(100, 50, 25);0;0.001;l1;0.0001;64;0.8;0.99;1.00E-08;0.027534186;-0.099557444;504;0.82
relu;(50, 50, 50);0.3;0.01;l1;1.00E-05;16;0.8;0.9;1.00E-08;0.027538813;-0.099742208;506;0.66
relu;(100, 100, 100, 50);0.3;0.001;l2;0.0001;32;0.8;0.9;1.00E-06;0.027539032;-0.099750981;506;0.82
relu;(100, 50, 25);0;0.001;none;0.0001;64;0.8;0.999;1.00E-08;0.027539479;-0.0997688;504;1.71
relu;(100, 50, 25);0.3;0.001;none;0.01;16;0.8;0.999;1.00E-06;0.027539718;-0.099778345;506;0.41
relu;(100, 100, 100, 50);0;0.001;l2;0.0001;64;0.9;0.99;1.00E-06;0.027541766;-0.099860135;504;1.32
relu;(50, 50, 50);0.3;0.001;l1;1.00E-05;16;0.99;0.999;1.00E-06;0.027545924;-0.100026175;506;0.75
relu;(50, 50, 50);0.3;0.01;l2;0.0001;16;0.9;0.99;1.00E-06;0.027549902;-0.100185066;506;0.74
relu;(100, 100, 100, 50);0.3;0.01;none;0.01;64;0.9;0.99;1.00E-06;0.027550662;-0.100215404;504;1.19
relu;(100, 50, 25);0.3;0.001;l2;0.01;64;0.99;0.99;1.00E-06;0.027552088;-0.10027236;504;0.48
relu;(50, 50, 50);0.3;0.01;l2;0.0001;16;0.99;0.99;1.00E-06;0.02755684;-0.100462118;506;0.71
relu;(100, 50, 25);0.3;0.01;l2;0.0001;16;0.99;0.99;1.00E-06;0.02755837;-0.100523195;506;0.36
relu;(50, 50, 50);0.3;0.001;none;0.01;16;0.9;0.999;1.00E-08;0.027559003;-0.100548484;506;0.7
relu;(100, 50, 25);0.3;0.001;l2;1.00E-05;64;0.99;0.99;1.00E-06;0.027561273;-0.100639159;504;0.51
relu;(100, 100, 100, 50);0.1;0.001;l1;0.01;32;0.8;0.999;1.00E-06;0.027561641;-0.100653841;506;2.12
relu;(100, 100, 100, 50);0.1;0.001;l2;1.00E-05;32;0.8;0.9;1.00E-06;0.027561832;-0.100661456;506;1.32
relu;(100, 50, 25);0.1;0.01;l1;0.01;64;0.9;0.99;1.00E-06;0.027574115;-0.101151982;504;1.17
relu;(50, 50, 50);0.1;0.01;none;0.01;64;0.8;0.999;1.00E-08;0.027576852;-0.10126129;504;0.9
relu;(100, 100, 100, 50);0;0.03;l1;1.00E-05;64;0.99;0.9;1.00E-06;0.027578462;-0.101325569;504;1.38
relu;(100, 50, 25);0.3;0.001;l1;1.00E-05;32;0.8;0.9;1.00E-06;0.027578878;-0.101342192;506;0.42
relu;(100, 100, 100, 50);0.3;0.01;l1;1.00E-05;64;0.99;0.9;1.00E-08;0.027579682;-0.101374283;504;1.15
relu;(100, 50, 25);0;0.001;none;0.0001;64;0.8;0.9;1.00E-08;0.027580128;-0.101392088;504;1.51
relu;(50, 50, 50);0;0.03;none;0.01;16;0.8;0.99;1.00E-06;0.027581999;-0.101466827;506;0.31
relu;(50, 50, 50);0.3;0.01;l1;0.0001;64;0.9;0.99;1.00E-06;0.027583609;-0.101531132;504;0.65
relu;(100, 100, 100, 50);0.3;0.01;l2;0.0001;32;0.9;0.999;1.00E-06;0.027583615;-0.101531358;506;0.88
relu;(50, 50, 50);0.3;0.03;none;0.0001;32;0.99;0.999;1.00E-06;0.02758588;-0.101621788;506;0.59
relu;(50, 50, 50);0.3;0.03;l2;0.0001;32;0.8;0.99;1.00E-06;0.027586033;-0.101627928;506;1.32
relu;(100, 50, 25);0.1;0.001;none;0.0001;64;0.9;0.9;1.00E-08;0.027588448;-0.101724337;504;0.45
relu;(100, 50, 25);0.1;0.01;l1;0.01;16;0.9;0.9;1.00E-08;0.027591583;-0.101849543;506;1.14
relu;(50, 50, 50);0.3;0.001;none;1.00E-05;64;0.9;0.999;1.00E-08;0.027591727;-0.101855313;504;0.68
relu;(50, 50, 50);0.1;0.03;none;1.00E-05;16;0.99;0.99;1.00E-06;0.02759568;-0.102013158;506;0.76
relu;(100, 100, 100, 50);0.1;0.001;none;0.0001;32;0.99;0.999;1.00E-06;0.027597726;-0.102094871;506;1.32
relu;(100, 100, 100, 50);0.3;0.03;l1;1.00E-05;16;0.9;0.999;1.00E-08;0.027599712;-0.102174194;506;1.37
relu;(100, 100, 100, 50);0.3;0.03;l1;0.0001;64;0.9;0.999;1.00E-06;0.027602215;-0.102274119;504;2.15
relu;(100, 50, 25);0.1;0.001;l1;0.01;32;0.8;0.99;1.00E-06;0.02760445;-0.102363404;506;1.19
relu;(50, 50, 50);0.1;0.01;none;0.01;64;0.9;0.999;1.00E-08;0.027605679;-0.102412469;504;0.75
relu;(100, 50, 25);0.3;0.001;l2;0.0001;32;0.8;0.99;1.00E-08;0.027606663;-0.102451749;506;0.43
relu;(50, 50, 50);0.1;0.03;none;0.0001;64;0.8;0.999;1.00E-08;0.027609104;-0.102549239;504;0.84
relu;(100, 100, 100, 50);0.1;0.001;l2;1.00E-05;32;0.8;0.999;1.00E-06;0.027610028;-0.102586118;506;1.33
relu;(100, 100, 100, 50);0.1;0.001;l1;0.01;64;0.8;0.9;1.00E-06;0.027613567;-0.102727445;504;2.06
relu;(50, 50, 50);0.3;0.03;none;1.00E-05;64;0.99;0.9;1.00E-06;0.027614082;-0.102748025;504;0.72
relu;(100, 50, 25);0.3;0.001;l2;0.0001;64;0.8;0.9;1.00E-06;0.027615258;-0.102794994;504;0.53
relu;(50, 50, 50);0;0.001;none;0.01;32;0.8;0.999;1.00E-08;0.027615495;-0.102804466;506;1.23
relu;(100, 100, 100, 50);0;0.03;none;0.0001;16;0.99;0.9;1.00E-06;0.02761842;-0.102921275;506;1.02
relu;(100, 100, 100, 50);0;0.001;none;1.00E-05;64;0.9;0.9;1.00E-08;0.027622396;-0.103080025;504;1.28
relu;(100, 50, 25);0.3;0.03;l1;0.01;16;0.99;0.9;1.00E-08;0.027624275;-0.10315509;506;1.37
relu;(100, 50, 25);0.3;0.001;none;0.0001;64;0.99;0.9;1.00E-06;0.027626325;-0.103236928;504;0.59
relu;(100, 50, 25);0.3;0.03;l2;1.00E-05;32;0.9;0.99;1.00E-06;0.02762665;-0.103249924;506;1.01
relu;(100, 50, 25);0.1;0.001;l1;0.0001;64;0.9;0.99;1.00E-06;0.027632567;-0.10348623;504;1.32
relu;(50, 50, 50);0;0.03;l1;0.01;64;0.9;0.999;1.00E-06;0.027634281;-0.10355466;504;0.43
relu;(50, 50, 50);0;0.001;l2;0.0001;64;0.9;0.9;1.00E-06;0.027637691;-0.103690847;504;0.41
relu;(100, 100, 100, 50);0.1;0.001;l2;0.0001;64;0.9;0.99;1.00E-06;0.027646313;-0.104035168;504;1.92
relu;(50, 50, 50);0.3;0.03;l1;0.0001;16;0.8;0.999;1.00E-08;0.027655127;-0.104387124;506;0.76
relu;(100, 100, 100, 50);0.1;0.03;l2;0.0001;64;0.99;0.999;1.00E-08;0.027655577;-0.104405092;504;1.27
relu;(100, 50, 25);0.3;0.001;l1;0.0001;64;0.8;0.9;1.00E-06;0.027658318;-0.104514546;504;0.57
relu;(100, 100, 100, 50);0.1;0.03;none;0.01;64;0.8;0.999;1.00E-06;0.027658833;-0.104535112;504;1.8
relu;(100, 100, 100, 50);0.3;0.001;none;1.00E-05;64;0.9;0.999;1.00E-06;0.027662742;-0.104691221;504;1.07
relu;(50, 50, 50);0;0.03;l2;1.00E-05;32;0.99;0.9;1.00E-08;0.027664398;-0.104757346;506;1.01
relu;(50, 50, 50);0;0.01;l2;1.00E-05;32;0.9;0.99;1.00E-08;0.027665737;-0.104810827;506;0.35
relu;(100, 50, 25);0.3;0.03;l1;1.00E-05;32;0.99;0.999;1.00E-06;0.027669334;-0.104954492;506;1.25
relu;(100, 50, 25);0.3;0.001;none;1.00E-05;64;0.99;0.99;1.00E-06;0.027672169;-0.105067698;504;0.52
relu;(100, 100, 100, 50);0.3;0.001;none;1.00E-05;16;0.8;0.9;1.00E-06;0.027677597;-0.105284459;506;1.25
relu;(50, 50, 50);0;0.001;l2;1.00E-05;64;0.9;0.9;1.00E-06;0.027677756;-0.105290813;504;0.37
relu;(100, 50, 25);0.3;0.01;l1;0.0001;64;0.99;0.99;1.00E-06;0.027678455;-0.105318716;504;0.59
relu;(100, 100, 100, 50);0;0.001;l1;0.0001;64;0.9;0.999;1.00E-08;0.027679042;-0.105342146;504;1.37
relu;(100, 50, 25);0;0.001;none;0.01;64;0.8;0.9;1.00E-06;0.027679871;-0.105375282;504;0.88
relu;(100, 50, 25);0.1;0.001;l2;1.00E-05;64;0.8;0.999;1.00E-08;0.027680003;-0.105380551;504;0.97
relu;(100, 100, 100, 50);0.1;0.01;l2;0.0001;16;0.99;0.9;1.00E-06;0.027681531;-0.105441542;506;1.34
relu;(50, 50, 50);0;0.001;none;1.00E-05;16;0.8;0.999;1.00E-08;0.027682257;-0.105470532;506;0.36
relu;(100, 100, 100, 50);0.1;0.001;l1;0.0001;32;0.9;0.999;1.00E-06;0.027685706;-0.105608265;506;1.79
relu;(50, 50, 50);0.3;0.001;none;0.0001;16;0.99;0.999;1.00E-08;0.027687134;-0.105665297;506;0.77
relu;(50, 50, 50);0.3;0.03;l2;1.00E-05;16;0.99;0.999;1.00E-08;0.027691158;-0.105826;506;1.04
relu;(100, 100, 100, 50);0.3;0.001;l1;0.01;64;0.9;0.999;1.00E-06;0.027695406;-0.105995656;504;1.11
relu;(100, 50, 25);0.3;0.01;l1;0.0001;64;0.9;0.99;1.00E-08;0.027697413;-0.106075788;504;0.56
relu;(100, 100, 100, 50);0.1;0.03;none;0.0001;32;0.99;0.9;1.00E-08;0.027697683;-0.106086581;506;1.46
relu;(100, 100, 100, 50);0.3;0.001;l1;0.0001;16;0.8;0.99;1.00E-08;0.027698999;-0.106139124;506;1.27
relu;(50, 50, 50);0.3;0.03;none;0.0001;64;0.99;0.999;1.00E-08;0.027706866;-0.106453282;504;0.92
relu;(50, 50, 50);0.3;0.001;l1;0.0001;16;0.99;0.999;1.00E-06;0.027708574;-0.106521498;506;0.78
relu;(50, 50, 50);0.3;0.001;l2;0.0001;16;0.9;0.99;1.00E-08;0.027710787;-0.106609875;506;0.46
relu;(100, 50, 25);0.3;0.001;l2;1.00E-05;16;0.99;0.999;1.00E-08;0.027713398;-0.106714161;506;0.38
relu;(100, 50, 25);0.3;0.01;l1;1.00E-05;16;0.99;0.99;1.00E-08;0.027720499;-0.106997711;506;0.5
relu;(100, 50, 25);0.3;0.001;l1;0.01;16;0.9;0.999;1.00E-06;0.027720569;-0.1070005;506;0.39
relu;(50, 50, 50);0.3;0.01;l1;0.0001;64;0.9;0.999;1.00E-08;0.027723102;-0.107101646;504;0.67
relu;(50, 50, 50);0.3;0.001;none;0.0001;32;0.99;0.99;1.00E-08;0.027723754;-0.107127708;506;0.53
relu;(50, 50, 50);0.1;0.03;none;1.00E-05;16;0.99;0.9;1.00E-08;0.027724401;-0.107153525;506;0.6
relu;(50, 50, 50);0.3;0.01;none;0.0001;64;0.9;0.99;1.00E-06;0.027729881;-0.10737238;504;0.63
relu;(100, 100, 100, 50);0.3;0.01;l1;0.0001;64;0.8;0.99;1.00E-06;0.027731309;-0.107429423;504;1.29
relu;(50, 50, 50);0.1;0.01;l2;1.00E-05;32;0.9;0.999;1.00E-06;0.027731654;-0.107443202;506;0.6
relu;(100, 100, 100, 50);0.3;0.03;l2;0.01;32;0.8;0.999;1.00E-08;0.027735056;-0.107579045;506;1.27
relu;(100, 100, 100, 50);0;0.001;l1;1.00E-05;32;0.8;0.999;1.00E-08;0.027736279;-0.107627882;506;1.46
relu;(50, 50, 50);0;0.03;none;0.01;16;0.99;0.999;1.00E-06;0.027736748;-0.10764662;506;0.32
relu;(100, 50, 25);0.1;0.001;l2;1.00E-05;16;0.8;0.99;1.00E-06;0.027737846;-0.107690461;506;0.87
relu;(100, 100, 100, 50);0;0.001;l1;1.00E-05;16;0.9;0.9;1.00E-08;0.027739839;-0.107770058;506;1.32
relu;(100, 100, 100, 50);0.1;0.01;none;0.0001;32;0.99;0.9;1.00E-06;0.027740137;-0.10778194;506;1.63
relu;(50, 50, 50);0.3;0.01;l2;0.0001;32;0.9;0.999;1.00E-08;0.027745121;-0.107980968;506;0.6
relu;(100, 50, 25);0.1;0.01;none;0.0001;64;0.8;0.999;1.00E-08;0.027752241;-0.108265303;504;0.95
relu;(100, 100, 100, 50);0.3;0.01;none;0.0001;16;0.8;0.9;1.00E-06;0.027752326;-0.10826869;506;0.6
relu;(100, 100, 100, 50);0.3;0.01;none;0.01;16;0.9;0.999;1.00E-08;0.027758298;-0.108507191;506;0.62
relu;(100, 100, 100, 50);0;0.03;none;0.0001;32;0.99;0.9;1.00E-08;0.027764147;-0.108740777;506;1.21
relu;(100, 50, 25);0.3;0.001;none;0.01;64;0.8;0.99;1.00E-08;0.027771159;-0.109020776;504;0.47
relu;(50, 50, 50);0;0.001;none;0.0001;16;0.8;0.9;1.00E-08;0.027775715;-0.109202714;506;0.29
relu;(100, 100, 100, 50);0;0.001;l2;0.0001;16;0.8;0.999;1.00E-06;0.027777275;-0.109265016;506;1.09
relu;(100, 100, 100, 50);0;0.03;l2;1.00E-05;16;0.9;0.999;1.00E-08;0.027778627;-0.109319006;506;1.25
relu;(100, 50, 25);0.3;0.001;l1;1.00E-05;32;0.8;0.9;1.00E-08;0.027779883;-0.109369179;506;0.42
relu;(100, 50, 25);0.3;0.001;l2;0.01;16;0.8;0.9;1.00E-08;0.02779002;-0.109773973;506;0.36
relu;(100, 100, 100, 50);0;0.001;l1;1.00E-05;64;0.99;0.9;1.00E-06;0.027790385;-0.109788548;504;1.58
relu;(50, 50, 50);0.3;0.01;l2;1.00E-05;32;0.99;0.9;1.00E-06;0.027790714;-0.109801699;506;0.74
relu;(100, 50, 25);0.3;0.001;l2;1.00E-05;16;0.99;0.9;1.00E-08;0.027792927;-0.109890079;506;0.4
relu;(50, 50, 50);0;0.001;none;1.00E-05;64;0.8;0.99;1.00E-08;0.027793149;-0.109898927;504;0.38
relu;(100, 100, 100, 50);0.1;0.03;l1;0.01;16;0.8;0.9;1.00E-06;0.027794014;-0.109933481;506;1.08
relu;(100, 100, 100, 50);0.3;0.001;l1;1.00E-05;64;0.9;0.999;1.00E-08;0.027796573;-0.110035675;504;1.34
relu;(100, 100, 100, 50);0.3;0.03;l1;1.00E-05;16;0.8;0.99;1.00E-06;0.027797287;-0.110064193;506;10121.92
relu;(100, 100, 100, 50);0.3;0.03;none;0.01;32;0.8;0.999;1.00E-06;0.027807129;-0.110457205;506;0.71
relu;(100, 50, 25);0;0.001;none;0.0001;32;0.8;0.999;1.00E-08;0.027807918;-0.110488723;506;1.42
relu;(50, 50, 50);0;0.001;l1;1.00E-05;64;0.8;0.99;1.00E-06;0.027812982;-0.110690964;504;1.34
relu;(100, 50, 25);0.3;0.001;none;0.01;16;0.9;0.9;1.00E-08;0.027814164;-0.110738172;506;0.4
relu;(100, 100, 100, 50);0.1;0.03;l1;1.00E-05;32;0.99;0.999;1.00E-08;0.027814991;-0.110771176;506;1.84
relu;(100, 100, 100, 50);0;0.01;l2;0.0001;64;0.8;0.9;1.00E-08;0.027817687;-0.110878853;504;1.51
relu;(50, 50, 50);0.3;0.01;l1;0.0001;32;0.9;0.999;1.00E-06;0.027818814;-0.110923864;506;0.86
relu;(100, 100, 100, 50);0.1;0.03;none;1.00E-05;16;0.99;0.99;1.00E-06;0.027820825;-0.111004142;506;1.35
relu;(100, 100, 100, 50);0.1;0.001;none;0.0001;16;0.99;0.9;1.00E-08;0.027824612;-0.111155408;506;1.25
relu;(100, 100, 100, 50);0;0.03;l2;0.0001;64;0.99;0.9;1.00E-08;0.027832078;-0.111453555;504;1.46
relu;(50, 50, 50);0.1;0.001;l1;0.0001;64;0.9;0.999;1.00E-08;0.027834;-0.111530289;504;0.51
relu;(50, 50, 50);0;0.001;l1;0.01;32;0.99;0.999;1.00E-08;0.027837927;-0.111687109;506;0.37
relu;(50, 50, 50);0.1;0.03;none;0.01;64;0.8;0.999;1.00E-08;0.027839049;-0.111731908;504;0.6
relu;(50, 50, 50);0.3;0.01;none;0.0001;32;0.8;0.999;1.00E-08;0.027843601;-0.111913716;506;0.59
relu;(50, 50, 50);0;0.001;l1;1.00E-05;16;0.8;0.999;1.00E-08;0.027845622;-0.111994402;506;1.12
relu;(100, 50, 25);0.3;0.001;l1;0.0001;64;0.9;0.99;1.00E-06;0.027847236;-0.112058874;504;0.56
relu;(50, 50, 50);0.1;0.01;l2;0.0001;64;0.9;0.999;1.00E-06;0.027853531;-0.112310251;504;0.89
relu;(100, 50, 25);0.3;0.001;l1;1.00E-05;32;0.8;0.999;1.00E-06;0.02785936;-0.112543009;506;0.44
relu;(100, 100, 100, 50);0.1;0.001;none;1.00E-05;32;0.8;0.99;1.00E-06;0.027861268;-0.112619216;506;1.68
relu;(100, 50, 25);0.3;0.001;l1;0.0001;64;0.9;0.9;1.00E-08;0.02786505;-0.112770237;504;0.54
relu;(100, 100, 100, 50);0.3;0.01;l2;0.01;64;0.9;0.9;1.00E-08;0.027865383;-0.112783534;504;1.06
relu;(100, 100, 100, 50);0.1;0.001;none;1.00E-05;64;0.8;0.999;1.00E-08;0.027877738;-0.113276944;504;1.85
relu;(100, 50, 25);0.1;0.03;none;0.0001;32;0.9;0.99;1.00E-08;0.027881041;-0.113408832;506;1
relu;(50, 50, 50);0.3;0.01;l1;0.01;64;0.99;0.99;1.00E-08;0.027883187;-0.113494536;504;0.81
relu;(50, 50, 50);0.1;0.01;none;0.0001;16;0.99;0.99;1.00E-08;0.027884681;-0.11355421;506;0.95
relu;(50, 50, 50);0.3;0.01;l2;1.00E-05;16;0.9;0.9;1.00E-08;0.02788711;-0.113651203;506;0.79
relu;(50, 50, 50);0.1;0.03;l2;0.0001;16;0.99;0.9;1.00E-06;0.027889729;-0.113755781;506;0.66
relu;(100, 50, 25);0.3;0.03;l1;0.0001;32;0.8;0.999;1.00E-06;0.027890358;-0.1137809;506;1.41
relu;(100, 100, 100, 50);0.1;0.03;l1;1.00E-05;64;0.99;0.99;1.00E-08;0.02789061;-0.113790985;504;1.89
relu;(50, 50, 50);0.3;0.001;l1;1.00E-05;32;0.8;0.999;1.00E-06;0.027897981;-0.114085327;506;0.57
relu;(100, 100, 100, 50);0.1;0.001;l2;0.0001;32;0.9;0.9;1.00E-06;0.027898878;-0.114121152;506;1.69
relu;(100, 100, 100, 50);0;0.001;l2;1.00E-05;16;0.8;0.999;1.00E-08;0.02790119;-0.114213472;506;1.19
relu;(100, 100, 100, 50);0.3;0.001;l2;0.01;32;0.9;0.999;1.00E-06;0.027901723;-0.114234782;506;0.81
relu;(50, 50, 50);0.1;0.001;none;1.00E-05;32;0.8;0.9;1.00E-08;0.027910973;-0.114604141;506;0.41
relu;(50, 50, 50);0;0.01;l2;0.0001;16;0.8;0.9;1.00E-06;0.027912462;-0.114663609;506;0.32
relu;(100, 50, 25);0;0.001;l2;1.00E-05;64;0.8;0.99;1.00E-08;0.027912804;-0.114677259;504;0.96
relu;(50, 50, 50);0;0.001;l2;0.0001;64;0.9;0.999;1.00E-08;0.027913771;-0.114715885;504;0.43
relu;(100, 100, 100, 50);0.3;0.001;l2;1.00E-05;32;0.9;0.9;1.00E-08;0.027915189;-0.114772538;506;1.03
relu;(50, 50, 50);0;0.001;none;0.0001;32;0.8;0.999;1.00E-06;0.027918667;-0.114911409;506;0.35
relu;(50, 50, 50);0.3;0.001;none;0.01;16;0.9;0.99;1.00E-08;0.027921914;-0.115041056;506;0.54
relu;(100, 100, 100, 50);0.3;0.03;l1;0.01;64;0.99;0.9;1.00E-08;0.0279242;-0.115132374;504;2.07
relu;(100, 50, 25);0.3;0.01;none;1.00E-05;64;0.8;0.999;1.00E-08;0.027928958;-0.115322377;504;0.44
relu;(100, 50, 25);0.3;0.001;l2;1.00E-05;64;0.9;0.999;1.00E-08;0.027935667;-0.115590272;504;0.53
relu;(100, 100, 100, 50);0;0.01;l1;1.00E-05;64;0.9;0.9;1.00E-08;0.02793676;-0.115633945;504;1.6
relu;(100, 100, 100, 50);0;0.001;l1;0.01;64;0.99;0.999;1.00E-06;0.027937646;-0.115669314;504;1.64
relu;(100, 50, 25);0.3;0.01;l2;0.0001;32;0.99;0.9;1.00E-08;0.027938118;-0.11568817;506;1
relu;(100, 100, 100, 50);0.3;0.01;l2;1.00E-05;32;0.8;0.9;1.00E-06;0.027951426;-0.116219622;506;0.69
relu;(50, 50, 50);0.3;0.001;l2;0.0001;64;0.8;0.9;1.00E-06;0.027952006;-0.116242779;504;0.87
relu;(50, 50, 50);0.3;0.03;l2;0.0001;32;0.9;0.99;1.00E-06;0.027959461;-0.116540501;506;0.99
relu;(50, 50, 50);0.3;0.03;l1;0.0001;32;0.9;0.999;1.00E-06;0.027959696;-0.116549868;506;0.72
relu;(50, 50, 50);0.3;0.03;l2;1.00E-05;64;0.99;0.9;1.00E-06;0.027961043;-0.116603649;504;1.05
relu;(100, 100, 100, 50);0.3;0.001;l2;0.0001;32;0.99;0.9;1.00E-06;0.027963359;-0.116696143;506;0.82
relu;(100, 100, 100, 50);0.3;0.001;l1;0.01;16;0.9;0.9;1.00E-06;0.027964723;-0.116750605;506;0.73
relu;(50, 50, 50);0.3;0.03;l2;0.01;16;0.99;0.9;1.00E-08;0.027964789;-0.116753248;506;0.94
relu;(100, 50, 25);0;0.001;none;0.0001;32;0.9;0.99;1.00E-06;0.027965672;-0.116788518;506;1.39
relu;(100, 50, 25);0.3;0.01;l1;0.01;64;0.9;0.999;1.00E-06;0.027966466;-0.116820212;504;0.63
relu;(100, 50, 25);0;0.01;none;0.01;64;0.9;0.9;1.00E-06;0.027967244;-0.116851287;504;0.89
relu;(50, 50, 50);0.1;0.03;l1;1.00E-05;16;0.99;0.999;1.00E-06;0.027973383;-0.117096461;506;0.64
relu;(100, 100, 100, 50);0;0.001;none;1.00E-05;64;0.8;0.99;1.00E-08;0.02797462;-0.11714585;504;1.41
relu;(100, 50, 25);0.3;0.001;l1;0.01;16;0.99;0.99;1.00E-08;0.027978757;-0.117311043;506;0.39
relu;(100, 100, 100, 50);0;0.001;none;0.0001;32;0.8;0.999;1.00E-06;0.027985949;-0.117598278;506;1.19
relu;(100, 100, 100, 50);0;0.001;none;0.01;16;0.8;0.99;1.00E-06;0.02798759;-0.117663815;506;1.29
relu;(100, 100, 100, 50);0.3;0.001;none;1.00E-05;64;0.8;0.99;1.00E-06;0.027989484;-0.117739444;504;1.1
relu;(100, 50, 25);0.3;0.03;l1;1.00E-05;16;0.99;0.99;1.00E-08;0.027991561;-0.11782238;506;1.07
relu;(50, 50, 50);0.3;0.001;l1;0.01;16;0.9;0.9;1.00E-08;0.027994934;-0.117957091;506;0.61
relu;(50, 50, 50);0.3;0.001;l1;0.01;16;0.99;0.999;1.00E-06;0.028000787;-0.118190817;506;0.74
relu;(50, 50, 50);0.3;0.001;l1;0.0001;64;0.8;0.9;1.00E-08;0.02800308;-0.118282375;504;0.94
relu;(100, 100, 100, 50);0.1;0.001;l1;1.00E-05;32;0.9;0.999;1.00E-08;0.028003085;-0.118282575;506;1.74
relu;(100, 50, 25);0.1;0.001;l2;0.01;16;0.99;0.99;1.00E-06;0.02800446;-0.118337472;506;0.83
relu;(50, 50, 50);0.3;0.01;none;0.01;64;0.8;0.9;1.00E-06;0.028006273;-0.118409892;504;0.89
relu;(100, 100, 100, 50);0;0.01;none;1.00E-05;16;0.99;0.9;1.00E-06;0.028007632;-0.118464161;506;1.1
relu;(100, 100, 100, 50);0.3;0.001;l1;0.01;32;0.9;0.9;1.00E-08;0.028007803;-0.118470982;506;0.76
relu;(100, 100, 100, 50);0;0.001;l1;1.00E-05;32;0.8;0.9;1.00E-08;0.028014251;-0.118728498;506;1.43
relu;(100, 50, 25);0.3;0.03;l1;0.0001;16;0.8;0.9;1.00E-06;0.028019977;-0.118957168;506;1.18
relu;(100, 50, 25);0.3;0.01;none;0.0001;16;0.9;0.999;1.00E-08;0.028024962;-0.119156211;506;0.34
relu;(100, 50, 25);0.3;0.03;none;0.01;64;0.8;0.99;1.00E-08;0.028026063;-0.119200195;504;0.97
relu;(50, 50, 50);0.1;0.001;none;0.0001;64;0.9;0.999;1.00E-06;0.028029487;-0.119336941;504;0.47
relu;(100, 50, 25);0.1;0.01;l2;1.00E-05;32;0.99;0.999;1.00E-06;0.02802962;-0.11934222;506;0.82
relu;(50, 50, 50);0;0.001;l2;1.00E-05;64;0.99;0.9;1.00E-06;0.028031239;-0.119406895;504;0.39
relu;(50, 50, 50);0.1;0.001;l1;1.00E-05;64;0.8;0.999;1.00E-08;0.02803386;-0.119511556;504;0.7
relu;(100, 100, 100, 50);0.1;0.001;none;0.0001;16;0.8;0.9;1.00E-08;0.028035133;-0.119562379;506;1.53
relu;(50, 50, 50);0;0.001;none;0.0001;64;0.8;0.9;1.00E-08;0.02804074;-0.119786293;504;0.53
relu;(50, 50, 50);0;0.001;none;0.0001;16;0.99;0.99;1.00E-08;0.028046528;-0.120017431;506;0.36
relu;(100, 100, 100, 50);0.3;0.001;l1;0.0001;16;0.9;0.9;1.00E-06;0.028049378;-0.120131273;506;1.05
relu;(50, 50, 50);0.3;0.001;l1;1.00E-05;64;0.8;0.999;1.00E-06;0.028052391;-0.120251562;504;0.85
relu;(50, 50, 50);0.3;0.001;none;1.00E-05;32;0.9;0.9;1.00E-08;0.028056347;-0.120409562;506;0.45
relu;(100, 50, 25);0.3;0.01;none;0.01;32;0.9;0.99;1.00E-06;0.028058077;-0.120478654;506;0.51
relu;(50, 50, 50);0;0.03;l1;1.00E-05;16;0.99;0.9;1.00E-06;0.028058997;-0.120515376;506;0.42
relu;(100, 100, 100, 50);0;0.001;l2;0.0001;64;0.8;0.99;1.00E-06;0.028062236;-0.120644733;504;1.27
relu;(100, 50, 25);0.3;0.001;none;0.0001;16;0.9;0.9;1.00E-08;0.028063153;-0.120681336;506;0.45
relu;(50, 50, 50);0;0.001;l1;0.0001;32;0.8;0.999;1.00E-08;0.02806406;-0.120717572;506;1.05
relu;(50, 50, 50);0.3;0.03;none;1.00E-05;32;0.9;0.99;1.00E-08;0.028065727;-0.120784155;506;0.55
relu;(100, 50, 25);0.3;0.001;none;1.00E-05;16;0.9;0.99;1.00E-06;0.028068061;-0.12087735;506;0.42
relu;(50, 50, 50);0;0.001;none;1.00E-05;16;0.9;0.99;1.00E-06;0.028069828;-0.120947908;506;0.36
relu;(100, 100, 100, 50);0.3;0.01;l2;0.01;64;0.99;0.99;1.00E-06;0.028082539;-0.121455508;504;0.95
relu;(50, 50, 50);0;0.001;none;0.0001;64;0.8;0.99;1.00E-08;0.028086754;-0.121623842;504;0.36
relu;(100, 100, 100, 50);0;0.001;none;0.01;32;0.99;0.99;1.00E-08;0.028088769;-0.121704292;506;1.28
relu;(50, 50, 50);0.1;0.01;l1;1.00E-05;32;0.8;0.99;1.00E-08;0.028091261;-0.121803835;506;0.8
relu;(50, 50, 50);0.1;0.03;l2;1.00E-05;32;0.8;0.999;1.00E-06;0.028094524;-0.121934136;506;0.7
relu;(100, 100, 100, 50);0.3;0.01;l2;1.00E-05;16;0.8;0.9;1.00E-08;0.02809477;-0.121943972;506;0.87
relu;(100, 100, 100, 50);0;0.03;none;1.00E-05;32;0.99;0.9;1.00E-08;0.028094901;-0.121949172;506;1.13
relu;(100, 50, 25);0.1;0.001;l2;0.0001;64;0.99;0.9;1.00E-06;0.028096445;-0.122010851;504;1.04
relu;(100, 50, 25);0;0.001;l1;1.00E-05;64;0.9;0.999;1.00E-06;0.028100504;-0.122172947;504;0.77
relu;(100, 100, 100, 50);0;0.03;l2;1.00E-05;32;0.8;0.999;1.00E-06;0.028102875;-0.122267612;506;1.32
relu;(100, 50, 25);0;0.001;l2;0.01;16;0.99;0.999;1.00E-08;0.028104815;-0.122345087;506;0.72
relu;(50, 50, 50);0;0.03;l1;0.0001;64;0.99;0.999;1.00E-06;0.028108692;-0.122499916;504;0.51
relu;(50, 50, 50);0.3;0.01;l2;0.0001;32;0.8;0.99;1.00E-06;0.028109218;-0.122520935;506;0.55
relu;(50, 50, 50);0;0.03;none;0.01;32;0.99;0.9;1.00E-08;0.028112322;-0.122644897;506;0.35
relu;(100, 50, 25);0.3;0.001;none;0.01;64;0.99;0.999;1.00E-08;0.028114074;-0.122714824;504;0.5
relu;(50, 50, 50);0;0.001;none;1.00E-05;16;0.8;0.9;1.00E-08;0.0281175;-0.122851644;506;0.31
relu;(50, 50, 50);0.3;0.01;none;0.0001;32;0.8;0.9;1.00E-06;0.028120398;-0.122967376;506;0.7
relu;(100, 100, 100, 50);0.3;0.001;l2;0.01;16;0.9;0.99;1.00E-06;0.028121802;-0.123023451;506;0.66
relu;(100, 100, 100, 50);0.1;0.03;l2;0.01;32;0.8;0.999;1.00E-06;0.028124644;-0.123136937;506;0.71
relu;(100, 50, 25);0.3;0.001;l2;0.0001;64;0.8;0.9;1.00E-08;0.028125727;-0.123180212;504;0.57
relu;(100, 100, 100, 50);0.1;0.01;none;1.00E-05;32;0.9;0.99;1.00E-06;0.028126199;-0.123199031;506;1.36
relu;(50, 50, 50);0;0.001;none;1.00E-05;64;0.9;0.9;1.00E-08;0.02812985;-0.123344853;504;0.39
relu;(50, 50, 50);0.3;0.001;l2;0.01;16;0.8;0.99;1.00E-08;0.028134243;-0.123520276;506;0.68
relu;(100, 50, 25);0;0.001;l2;1.00E-05;32;0.9;0.9;1.00E-08;0.028138428;-0.123687401;506;0.83
relu;(100, 100, 100, 50);0.3;0.001;l1;0.0001;64;0.8;0.999;1.00E-08;0.028140696;-0.123777955;504;1.18
relu;(100, 100, 100, 50);0.3;0.001;l2;0.0001;64;0.8;0.999;1.00E-08;0.028141469;-0.123808841;504;0.99
relu;(100, 100, 100, 50);0;0.001;l2;0.0001;64;0.9;0.9;1.00E-06;0.028144089;-0.123913462;504;1.21
relu;(100, 50, 25);0;0.001;none;0.0001;64;0.9;0.999;1.00E-06;0.028144598;-0.123933782;504;1.6
relu;(100, 50, 25);0.3;0.001;l2;1.00E-05;32;0.99;0.999;1.00E-06;0.028145125;-0.123954842;506;0.4
relu;(100, 50, 25);0.3;0.001;l2;1.00E-05;64;0.99;0.99;1.00E-08;0.028149677;-0.124136613;504;0.54
relu;(100, 50, 25);0.3;0.001;l2;0.0001;16;0.99;0.999;1.00E-06;0.028150619;-0.124174228;506;0.34
relu;(50, 50, 50);0.1;0.03;l1;0.0001;32;0.9;0.999;1.00E-08;0.028153777;-0.124300335;506;0.81
relu;(50, 50, 50);0.1;0.03;none;1.00E-05;64;0.8;0.999;1.00E-06;0.028156208;-0.124397444;504;0.8
relu;(100, 100, 100, 50);0.1;0.001;l1;0.0001;32;0.8;0.9;1.00E-06;0.028156366;-0.12440374;506;1.56
relu;(50, 50, 50);0.3;0.001;none;1.00E-05;16;0.99;0.9;1.00E-06;0.028158174;-0.124475944;506;0.78
relu;(100, 100, 100, 50);0;0.001;l2;0.0001;16;0.8;0.99;1.00E-06;0.028158734;-0.124498327;506;1.05
relu;(50, 50, 50);0;0.01;none;1.00E-05;16;0.99;0.9;1.00E-08;0.0281625;-0.124648703;506;0.37
relu;(50, 50, 50);0.3;0.001;l1;1.00E-05;64;0.8;0.99;1.00E-08;0.028164921;-0.124745377;504;0.85
relu;(100, 50, 25);0;0.001;l1;1.00E-05;64;0.8;0.9;1.00E-08;0.028169085;-0.124911658;504;0.86
relu;(100, 100, 100, 50);0;0.001;l2;0.0001;16;0.8;0.999;1.00E-08;0.028175263;-0.125158372;506;1.08
relu;(100, 100, 100, 50);0;0.03;l1;1.00E-05;32;0.99;0.9;1.00E-08;0.028175338;-0.125161387;506;1.08
relu;(50, 50, 50);0;0.001;none;0.01;32;0.9;0.999;1.00E-06;0.02818563;-0.125572378;506;0.99
relu;(100, 50, 25);0;0.001;l2;1.00E-05;64;0.8;0.9;1.00E-06;0.028189525;-0.12572791;504;0.85
relu;(100, 50, 25);0;0.001;none;0.01;32;0.9;0.9;1.00E-06;0.028193382;-0.125881966;506;0.96
relu;(100, 50, 25);0.1;0.03;none;1.00E-05;16;0.99;0.99;1.00E-06;0.028202389;-0.126241657;506;1.44
relu;(50, 50, 50);0;0.001;none;1.00E-05;32;0.9;0.99;1.00E-06;0.028209195;-0.126513443;506;0.34
relu;(100, 50, 25);0.1;0.001;none;0.0001;16;0.9;0.9;1.00E-08;0.028209609;-0.126529947;506;0.32
relu;(100, 50, 25);0.3;0.001;none;1.00E-05;16;0.9;0.9;1.00E-08;0.028210533;-0.126566862;506;0.51
relu;(100, 50, 25);0.1;0.001;l2;0.0001;16;0.8;0.9;1.00E-06;0.028211605;-0.126609679;506;0.79
relu;(50, 50, 50);0.1;0.03;none;0.01;16;0.99;0.9;1.00E-06;0.028218811;-0.126897446;506;0.6
relu;(100, 100, 100, 50);0;0.001;l2;1.00E-05;16;0.9;0.999;1.00E-08;0.028219123;-0.126909916;506;1.2
relu;(100, 100, 100, 50);0.3;0.03;l2;0.01;64;0.99;0.99;1.00E-06;0.028221721;-0.127013641;504;1.59
relu;(100, 50, 25);0.3;0.01;none;0.01;16;0.99;0.9;1.00E-06;0.028222236;-0.12703422;506;0.39
relu;(50, 50, 50);0.3;0.03;none;0.01;64;0.8;0.999;1.00E-08;0.028227707;-0.127252707;504;0.63
relu;(50, 50, 50);0.3;0.01;l1;0.0001;64;0.9;0.99;1.00E-08;0.028227855;-0.127258594;504;0.96
relu;(100, 50, 25);0.3;0.01;l2;1.00E-05;64;0.8;0.99;1.00E-08;0.028236163;-0.127590365;504;0.46
relu;(100, 50, 25);0.1;0.001;l1;1.00E-05;32;0.9;0.99;1.00E-08;0.028241324;-0.127796464;506;1.02
relu;(50, 50, 50);0.3;0.03;l2;1.00E-05;16;0.99;0.9;1.00E-08;0.028247418;-0.128039818;506;1.15
relu;(100, 100, 100, 50);0;0.001;l1;0.0001;64;0.9;0.999;1.00E-06;0.028248776;-0.128094087;504;1.41
relu;(100, 100, 100, 50);0;0.001;l1;1.00E-05;32;0.9;0.999;1.00E-08;0.028250124;-0.128147899;506;1.47
relu;(50, 50, 50);0.3;0.001;l1;0.0001;16;0.99;0.99;1.00E-08;0.028252179;-0.128229965;506;0.58
relu;(100, 50, 25);0.3;0.001;l1;0.01;32;0.8;0.99;1.00E-06;0.028252318;-0.128235536;506;0.5
relu;(50, 50, 50);0.3;0.03;l1;1.00E-05;16;0.9;0.99;1.00E-06;0.028260712;-0.128570706;506;0.67
relu;(100, 100, 100, 50);0;0.001;l1;1.00E-05;64;0.8;0.9;1.00E-06;0.028265428;-0.128759059;504;1.52
relu;(100, 50, 25);0.1;0.03;l1;0.01;16;0.99;0.99;1.00E-06;0.028268123;-0.128866688;506;1.08
relu;(100, 100, 100, 50);0;0.001;l2;1.00E-05;32;0.99;0.999;1.00E-06;0.02827122;-0.128990357;506;1.35
relu;(50, 50, 50);0;0.01;none;1.00E-05;16;0.8;0.9;1.00E-08;0.028277627;-0.12924621;506;0.33
relu;(100, 100, 100, 50);0.1;0.001;none;0.01;64;0.99;0.99;1.00E-08;0.02828229;-0.129432423;504;2.71
relu;(50, 50, 50);0.3;0.001;l1;0.0001;32;0.9;0.99;1.00E-08;0.028282618;-0.129445516;506;0.79
relu;(50, 50, 50);0.1;0.001;none;1.00E-05;64;0.8;0.9;1.00E-08;0.028283013;-0.129461285;504;0.46
relu;(50, 50, 50);0.1;0.001;none;1.00E-05;64;0.99;0.9;1.00E-08;0.028283993;-0.129500439;504;0.49
relu;(100, 100, 100, 50);0;0.001;l2;1.00E-05;32;0.8;0.99;1.00E-08;0.028289418;-0.129717081;506;1.37
relu;(100, 50, 25);0.3;0.001;l1;0.01;32;0.99;0.99;1.00E-08;0.028290633;-0.129765592;506;0.41
relu;(50, 50, 50);0.3;0.01;none;0.01;32;0.8;0.9;1.00E-06;0.028298177;-0.130066877;506;0.81
relu;(50, 50, 50);0.3;0.001;none;1.00E-05;64;0.8;0.99;1.00E-08;0.028301286;-0.130191009;504;0.8
relu;(100, 100, 100, 50);0;0.01;l1;0.01;16;0.8;0.99;1.00E-06;0.028303375;-0.130274446;506;1.21
relu;(50, 50, 50);0.1;0.001;l2;1.00E-05;64;0.99;0.999;1.00E-06;0.028308306;-0.130471351;504;0.51
relu;(50, 50, 50);0.1;0.001;l2;0.0001;32;0.99;0.999;1.00E-06;0.028312158;-0.130625185;506;0.38
relu;(100, 100, 100, 50);0.1;0.03;none;0.01;16;0.99;0.999;1.00E-08;0.028316555;-0.130800772;506;1.38
relu;(50, 50, 50);0.3;0.001;none;0.0001;32;0.99;0.9;1.00E-08;0.028318149;-0.13086443;506;0.52
relu;(50, 50, 50);0;0.001;l1;0.01;32;0.8;0.99;1.00E-06;0.028318291;-0.130870104;506;1.13
relu;(50, 50, 50);0;0.001;none;1.00E-05;16;0.8;0.99;1.00E-06;0.028318816;-0.130891059;506;0.3
relu;(100, 100, 100, 50);0.3;0.01;l1;1.00E-05;32;0.8;0.99;1.00E-06;0.028320557;-0.13096057;506;0.73
relu;(50, 50, 50);0.3;0.03;l1;0.01;32;0.9;0.9;1.00E-06;0.028326846;-0.131211726;506;1.57
relu;(50, 50, 50);0.1;0.03;none;0.0001;64;0.99;0.999;1.00E-06;0.028332079;-0.131420712;504;0.85
relu;(100, 100, 100, 50);0.1;0.001;none;0.0001;16;0.9;0.99;1.00E-08;0.028333801;-0.131489497;506;1.18
relu;(100, 50, 25);0;0.03;none;1.00E-05;64;0.99;0.9;1.00E-08;0.028338981;-0.131696336;504;0.36
relu;(50, 50, 50);0.3;0.03;l1;0.01;64;0.8;0.99;1.00E-06;0.028339582;-0.131720322;504;1.7
relu;(100, 50, 25);0;0.001;l1;1.00E-05;32;0.8;0.99;1.00E-06;0.028342071;-0.131819743;506;0.71
relu;(50, 50, 50);0.1;0.01;none;0.0001;64;0.9;0.99;1.00E-06;0.028342662;-0.131843324;504;0.83
relu;(50, 50, 50);0.1;0.01;l2;0.0001;64;0.99;0.99;1.00E-06;0.02834515;-0.131942676;504;0.8
relu;(100, 50, 25);0.3;0.001;l2;0.01;16;0.9;0.99;1.00E-08;0.028345472;-0.131955563;506;0.39
relu;(50, 50, 50);0.1;0.001;none;0.0001;64;0.99;0.99;1.00E-08;0.028350423;-0.132153278;504;0.47
relu;(50, 50, 50);0.3;0.01;none;0.01;32;0.8;0.99;1.00E-06;0.028352935;-0.132253601;506;0.83
relu;(100, 100, 100, 50);0.3;0.01;l2;0.0001;16;0.8;0.99;1.00E-06;0.02835586;-0.132370384;506;0.62
relu;(50, 50, 50);0.3;0.01;none;0.01;64;0.8;0.9;1.00E-08;0.028362181;-0.132622823;504;0.9
relu;(100, 50, 25);0;0.001;l2;0.0001;64;0.8;0.9;1.00E-08;0.028363167;-0.132662174;504;0.97
relu;(100, 100, 100, 50);0.3;0.001;l2;0.01;64;0.9;0.999;1.00E-08;0.028366841;-0.132808894;504;1.03
relu;(50, 50, 50);0;0.001;l1;1.00E-05;32;0.8;0.9;1.00E-06;0.028372993;-0.133054566;506;1.32
relu;(100, 50, 25);0.3;0.01;l2;0.0001;16;0.99;0.9;1.00E-08;0.028373661;-0.133081259;506;0.41
relu;(100, 100, 100, 50);0.3;0.001;l2;1.00E-05;64;0.99;0.999;1.00E-06;0.028379724;-0.133323383;504;1.09
relu;(50, 50, 50);0.3;0.001;l1;1.00E-05;32;0.8;0.9;1.00E-08;0.028380383;-0.133349698;506;0.7
relu;(100, 50, 25);0.1;0.03;none;0.0001;16;0.99;0.9;1.00E-06;0.028381465;-0.133392914;506;0.85
relu;(50, 50, 50);0.3;0.001;none;0.01;32;0.8;0.999;1.00E-08;0.028392139;-0.133819174;506;0.51
relu;(50, 50, 50);0.3;0.001;l2;0.0001;16;0.9;0.999;1.00E-08;0.028397321;-0.134026098;506;0.48
relu;(100, 100, 100, 50);0.1;0.01;none;0.01;64;0.9;0.99;1.00E-08;0.028398478;-0.134072291;504;1.52
relu;(50, 50, 50);0.3;0.01;l2;0.0001;32;0.99;0.9;1.00E-08;0.028399495;-0.134112931;506;0.6
relu;(100, 50, 25);0;0.03;l2;0.0001;32;0.99;0.9;1.00E-08;0.028400397;-0.134148922;506;0.51
relu;(100, 100, 100, 50);0.1;0.03;none;0.01;32;0.99;0.9;1.00E-08;0.028401261;-0.134183437;506;1.48
relu;(100, 100, 100, 50);0.1;0.03;none;1.00E-05;16;0.9;0.99;1.00E-06;0.028405743;-0.134362444;506;1.3
relu;(100, 50, 25);0;0.001;l2;0.0001;32;0.8;0.99;1.00E-08;0.028410506;-0.134552621;506;0.88
relu;(50, 50, 50);0.1;0.001;l2;0.0001;32;0.9;0.999;1.00E-06;0.028417841;-0.134845551;506;0.42
relu;(100, 50, 25);0;0.001;l1;1.00E-05;16;0.9;0.99;1.00E-06;0.02841844;-0.134869478;506;0.8
relu;(50, 50, 50);0;0.001;none;0.0001;16;0.9;0.999;1.00E-06;0.028418981;-0.13489107;506;0.31
relu;(100, 100, 100, 50);0.1;0.01;l2;0.0001;32;0.99;0.9;1.00E-08;0.028419272;-0.134902711;506;1.51
relu;(100, 100, 100, 50);0;0.001;none;1.00E-05;16;0.8;0.999;1.00E-08;0.028419797;-0.134923656;506;1.26
relu;(100, 100, 100, 50);0;0.03;none;0.0001;64;0.99;0.9;1.00E-08;0.028423128;-0.135056675;504;1.43
relu;(100, 100, 100, 50);0.3;0.001;l2;1.00E-05;64;0.99;0.9;1.00E-08;0.028424262;-0.135101989;504;0.89
relu;(100, 50, 25);0;0.001;none;0.0001;16;0.8;0.9;1.00E-06;0.028424277;-0.135102589;506;1.25
relu;(100, 100, 100, 50);0.3;0.01;none;0.0001;64;0.8;0.9;1.00E-06;0.028428004;-0.13525139;504;0.91
relu;(50, 50, 50);0.3;0.01;l1;0.01;16;0.9;0.999;1.00E-06;0.028429431;-0.135308411;506;0.75
relu;(100, 50, 25);0.3;0.001;l2;0.01;16;0.99;0.999;1.00E-06;0.028431746;-0.135400844;506;0.41
relu;(100, 50, 25);0.3;0.001;l2;0.0001;64;0.99;0.999;1.00E-08;0.028440918;-0.135767107;504;0.48
relu;(100, 50, 25);0;0.001;l2;1.00E-05;32;0.9;0.9;1.00E-06;0.028443291;-0.135861894;506;0.91
relu;(50, 50, 50);0.3;0.001;l2;0.01;32;0.99;0.9;1.00E-06;0.028446029;-0.13597122;506;0.77
relu;(50, 50, 50);0.3;0.03;l1;0.01;32;0.99;0.9;1.00E-06;0.028449093;-0.136093567;506;1.77
relu;(100, 100, 100, 50);0.3;0.001;l1;1.00E-05;16;0.9;0.9;1.00E-06;0.028453123;-0.1362545;506;0.69
relu;(50, 50, 50);0.3;0.001;l1;0.0001;32;0.99;0.9;1.00E-08;0.028455148;-0.136335385;506;0.57
relu;(50, 50, 50);0.3;0.01;none;0.0001;16;0.8;0.999;1.00E-06;0.028455375;-0.136344461;506;0.79
relu;(100, 50, 25);0.3;0.001;l2;0.01;16;0.9;0.999;1.00E-08;0.028470008;-0.136928804;506;0.35
relu;(50, 50, 50);0.3;0.001;none;0.01;32;0.9;0.99;1.00E-06;0.028471394;-0.136984174;506;0.69
relu;(100, 50, 25);0.3;0.03;l2;1.00E-05;64;0.8;0.99;1.00E-08;0.028482818;-0.137440366;504;0.89
relu;(100, 100, 100, 50);0.3;0.001;l2;0.0001;16;0.9;0.99;1.00E-08;0.028485973;-0.137566364;506;0.63
relu;(50, 50, 50);0.3;0.001;none;1.00E-05;16;0.8;0.9;1.00E-08;0.028490925;-0.137764124;506;0.47
relu;(50, 50, 50);0;0.001;none;0.01;64;0.8;0.9;1.00E-08;0.028494408;-0.137903217;504;1.02
relu;(50, 50, 50);0;0.001;l2;1.00E-05;16;0.9;0.999;1.00E-06;0.028494866;-0.137921493;506;0.42
relu;(100, 100, 100, 50);0.3;0.001;none;1.00E-05;64;0.8;0.9;1.00E-06;0.028495481;-0.137946037;504;0.9
relu;(100, 50, 25);0.3;0.03;l1;0.0001;64;0.9;0.99;1.00E-06;0.028498978;-0.138085687;504;1.47
relu;(100, 100, 100, 50);0.3;0.03;none;0.01;16;0.8;0.999;1.00E-08;0.028506713;-0.138394599;506;0.7
relu;(50, 50, 50);0.3;0.001;l1;0.0001;64;0.8;0.999;1.00E-08;0.028517044;-0.138807139;504;0.76
relu;(100, 50, 25);0.1;0.03;l1;0.01;64;0.8;0.99;1.00E-08;0.028526258;-0.139175098;504;1.22
relu;(100, 100, 100, 50);0.3;0.01;l1;0.01;16;0.8;0.9;1.00E-06;0.028529912;-0.139321042;506;0.77
relu;(100, 100, 100, 50);0.1;0.001;none;0.01;64;0.8;0.9;1.00E-08;0.028545391;-0.139939189;504;1.93
relu;(50, 50, 50);0.1;0.001;l1;1.00E-05;16;0.9;0.9;1.00E-06;0.028547103;-0.140007528;506;0.43
relu;(50, 50, 50);0.1;0.001;none;1.00E-05;16;0.8;0.99;1.00E-06;0.02854803;-0.140044547;506;1.14
relu;(50, 50, 50);0;0.001;none;0.01;16;0.9;0.999;1.00E-08;0.028552899;-0.140238988;506;1.02
relu;(100, 100, 100, 50);0.3;0.001;l1;0.0001;32;0.9;0.9;1.00E-08;0.02855321;-0.140251429;506;1.33
relu;(100, 100, 100, 50);0;0.001;l2;1.00E-05;32;0.8;0.9;1.00E-06;0.02855447;-0.140301731;506;1.33
relu;(100, 100, 100, 50);0.1;0.001;l2;1.00E-05;64;0.9;0.99;1.00E-06;0.028563273;-0.140653264;504;1.66
relu;(50, 50, 50);0.3;0.001;none;0.01;16;0.99;0.99;1.00E-08;0.028566095;-0.140765985;506;0.62
relu;(50, 50, 50);0.1;0.001;l1;1.00E-05;64;0.9;0.999;1.00E-06;0.028569296;-0.140893798;504;0.5
relu;(100, 100, 100, 50);0.3;0.001;l2;0.0001;16;0.99;0.9;1.00E-06;0.028573642;-0.141067348;506;0.85
relu;(100, 100, 100, 50);0.3;0.03;l1;1.00E-05;32;0.9;0.99;1.00E-06;0.02857553;-0.141142754;506;1.41
relu;(100, 100, 100, 50);0.1;0.001;l2;1.00E-05;64;0.8;0.9;1.00E-08;0.028575765;-0.141152147;504;1.69
relu;(100, 100, 100, 50);0.3;0.03;l1;1.00E-05;64;0.8;0.999;1.00E-08;0.028578644;-0.141267106;504;1.65
relu;(50, 50, 50);0.1;0.001;none;1.00E-05;16;0.9;0.99;1.00E-06;0.028579058;-0.141283635;506;0.39
relu;(100, 50, 25);0.3;0.01;l2;1.00E-05;16;0.8;0.9;1.00E-06;0.028587547;-0.141622629;506;0.33
relu;(100, 50, 25);0;0.001;none;0.01;32;0.8;0.9;1.00E-08;0.028587575;-0.141623761;506;1.49
relu;(50, 50, 50);0.1;0.001;none;0.01;16;0.8;0.999;1.00E-08;0.028588898;-0.141676603;506;0.4
relu;(100, 100, 100, 50);0.3;0.03;l1;1.00E-05;32;0.9;0.999;1.00E-08;0.028589554;-0.141702771;506;1.21
relu;(100, 100, 100, 50);0;0.001;l1;0.01;16;0.8;0.99;1.00E-08;0.02859062;-0.141745338;506;1.23
relu;(50, 50, 50);0.1;0.03;l1;1.00E-05;32;0.99;0.999;1.00E-06;0.028591793;-0.141792219;506;0.49
relu;(100, 50, 25);0;0.001;l2;0.0001;32;0.8;0.999;1.00E-06;0.028593034;-0.141841761;506;0.92
relu;(100, 50, 25);0.3;0.03;l1;0.0001;16;0.8;0.9;1.00E-08;0.02859429;-0.141891934;506;1.28
relu;(50, 50, 50);0.3;0.03;l2;1.00E-05;32;0.99;0.9;1.00E-08;0.028601485;-0.142179256;506;0.95
relu;(100, 100, 100, 50);0.1;0.01;l1;1.00E-05;16;0.99;0.9;1.00E-08;0.028603812;-0.142272179;506;1.35
relu;(100, 50, 25);0.3;0.001;l1;0.0001;32;0.8;0.99;1.00E-06;0.028604742;-0.142309306;506;0.44
relu;(50, 50, 50);0.3;0.001;l1;0.0001;64;0.9;0.9;1.00E-08;0.028606664;-0.142386072;504;0.79
relu;(50, 50, 50);0;0.001;l1;0.01;16;0.99;0.99;1.00E-06;0.02861054;-0.142540844;506;0.96
relu;(50, 50, 50);0.1;0.001;none;1.00E-05;16;0.9;0.99;1.00E-08;0.028611109;-0.142563565;506;0.74
relu;(100, 100, 100, 50);0.3;0.001;none;0.0001;64;0.9;0.999;1.00E-06;0.028615031;-0.14272021;504;0.97
relu;(50, 50, 50);0.1;0.001;l1;0.0001;32;0.9;0.9;1.00E-06;0.028616587;-0.142782319;506;0.45
relu;(100, 50, 25);0.3;0.001;l2;1.00E-05;64;0.8;0.999;1.00E-08;0.028617616;-0.142823432;504;0.52
relu;(100, 100, 100, 50);0.3;0.001;none;0.01;16;0.8;0.999;1.00E-06;0.028619164;-0.142885221;506;0.64
relu;(100, 100, 100, 50);0;0.001;none;0.0001;32;0.9;0.99;1.00E-06;0.028622851;-0.143032492;506;1.12
relu;(100, 50, 25);0.3;0.001;l1;0.0001;64;0.99;0.99;1.00E-06;0.028622933;-0.143035737;504;0.69
relu;(100, 50, 25);0.3;0.03;l2;1.00E-05;32;0.8;0.999;1.00E-06;0.028624657;-0.143104608;506;0.82
relu;(50, 50, 50);0.1;0.01;none;0.01;16;0.9;0.999;1.00E-08;0.028627505;-0.143218352;506;0.65
relu;(50, 50, 50);0;0.001;none;0.01;16;0.8;0.99;1.00E-06;0.028635949;-0.14355552;506;1.1
relu;(100, 100, 100, 50);0.3;0.001;l1;1.00E-05;32;0.8;0.9;1.00E-08;0.028637677;-0.143624563;506;0.86
relu;(50, 50, 50);0.3;0.01;l2;0.0001;16;0.9;0.9;1.00E-08;0.028643464;-0.143855626;506;0.65
relu;(50, 50, 50);0.3;0.01;l1;0.0001;32;0.99;0.99;1.00E-06;0.028644172;-0.1438839;506;0.71
relu;(50, 50, 50);0.3;0.03;none;1.00E-05;16;0.99;0.9;1.00E-06;0.028645175;-0.143923955;506;0.64
relu;(100, 100, 100, 50);0.3;0.001;l1;1.00E-05;32;0.9;0.999;1.00E-06;0.028648867;-0.144071428;506;0.8
relu;(50, 50, 50);0.3;0.001;l2;0.0001;16;0.8;0.999;1.00E-06;0.02866056;-0.144538364;506;0.53
relu;(100, 100, 100, 50);0.1;0.03;l2;1.00E-05;64;0.99;0.9;1.00E-06;0.028665847;-0.144749503;504;1.31
relu;(100, 50, 25);0;0.001;none;0.01;64;0.8;0.9;1.00E-08;0.028666879;-0.144790701;504;0.82
relu;(100, 100, 100, 50);0.1;0.001;l1;0.0001;64;0.8;0.99;1.00E-08;0.028666941;-0.144793181;504;1.99
relu;(100, 50, 25);0.1;0.001;l2;1.00E-05;32;0.9;0.999;1.00E-08;0.028670636;-0.144940726;506;0.83
relu;(100, 100, 100, 50);0.1;0.01;l1;0.0001;64;0.8;0.9;1.00E-06;0.028671491;-0.144974889;504;2.29
relu;(100, 100, 100, 50);0;0.001;none;0.01;32;0.9;0.9;1.00E-06;0.028679512;-0.145295177;506;1.25
relu;(100, 50, 25);0.1;0.03;l2;0.01;16;0.9;0.999;1.00E-08;0.028679852;-0.145308781;506;0.91
relu;(100, 100, 100, 50);0.1;0.001;l1;0.0001;32;0.99;0.99;1.00E-08;0.028684368;-0.145489108;506;1.74
relu;(50, 50, 50);0.3;0.001;none;0.0001;16;0.99;0.9;1.00E-06;0.028688973;-0.145673007;506;0.64
relu;(100, 50, 25);0;0.001;l2;1.00E-05;64;0.9;0.99;1.00E-08;0.028691635;-0.145779321;504;0.86
relu;(100, 50, 25);0.1;0.03;l2;1.00E-05;32;0.8;0.999;1.00E-06;0.028694096;-0.14587759;506;0.77
relu;(50, 50, 50);0.1;0.01;l2;0.0001;32;0.99;0.9;1.00E-08;0.028702737;-0.146222664;506;0.8
relu;(100, 100, 100, 50);0.1;0.001;l1;1.00E-05;32;0.9;0.9;1.00E-08;0.028711429;-0.14656976;506;1.85
relu;(100, 100, 100, 50);0.1;0.001;none;0.01;16;0.8;0.99;1.00E-06;0.028715134;-0.146717746;506;1.39
relu;(100, 100, 100, 50);0.3;0.001;l2;0.0001;64;0.9;0.999;1.00E-06;0.028716248;-0.146762224;504;0.96
relu;(50, 50, 50);0.3;0.001;l1;0.01;32;0.9;0.999;1.00E-08;0.028721097;-0.146955855;506;0.84
relu;(100, 100, 100, 50);0;0.03;l1;0.0001;32;0.99;0.9;1.00E-06;0.028723059;-0.147034221;506;1.33
relu;(100, 50, 25);0.3;0.001;l2;0.0001;32;0.8;0.999;1.00E-06;0.028725556;-0.147133944;506;0.44
relu;(50, 50, 50);0.3;0.001;l2;0.01;32;0.9;0.99;1.00E-08;0.02872668;-0.147178806;506;0.51
relu;(50, 50, 50);0;0.001;l1;1.00E-05;32;0.9;0.99;1.00E-08;0.02872968;-0.147298605;506;1.2
relu;(100, 100, 100, 50);0;0.01;none;0.01;32;0.8;0.999;1.00E-08;0.028733566;-0.1474538;506;1
relu;(100, 50, 25);0.1;0.001;l2;1.00E-05;32;0.8;0.9;1.00E-08;0.028733641;-0.147456803;506;0.76
relu;(50, 50, 50);0.1;0.001;none;0.01;64;0.99;0.99;1.00E-06;0.028735423;-0.147527943;504;0.54
relu;(50, 50, 50);0.1;0.03;none;0.0001;64;0.8;0.999;1.00E-06;0.028736323;-0.147563912;504;0.63
relu;(50, 50, 50);0.3;0.001;none;1.00E-05;64;0.9;0.99;1.00E-08;0.028739758;-0.14770106;504;0.75
relu;(50, 50, 50);0;0.001;l1;1.00E-05;16;0.8;0.99;1.00E-06;0.028739841;-0.147704385;506;1.32
relu;(100, 100, 100, 50);0.3;0.001;none;0.01;32;0.99;0.999;1.00E-08;0.028741694;-0.147778399;506;0.71
relu;(100, 100, 100, 50);0.1;0.03;l2;1.00E-05;64;0.8;0.99;1.00E-08;0.028748287;-0.148041676;504;1.2
relu;(100, 50, 25);0;0.001;none;0.01;64;0.9;0.999;1.00E-06;0.028748766;-0.148060807;504;0.77
relu;(100, 100, 100, 50);0.3;0.01;l2;0.01;16;0.99;0.9;1.00E-08;0.028749144;-0.148075889;506;0.84
relu;(50, 50, 50);0.3;0.001;none;0.0001;32;0.9;0.99;1.00E-06;0.028750101;-0.148114127;506;0.6
relu;(100, 50, 25);0.3;0.001;none;0.01;16;0.8;0.99;1.00E-06;0.028753537;-0.148251322;506;0.43
relu;(100, 100, 100, 50);0;0.001;l2;1.00E-05;32;0.9;0.9;1.00E-08;0.028768392;-0.148844541;506;1.31
relu;(100, 50, 25);0.3;0.001;none;1.00E-05;16;0.99;0.99;1.00E-06;0.02878004;-0.149309711;506;0.35
relu;(100, 50, 25);0.1;0.001;l2;1.00E-05;16;0.9;0.999;1.00E-08;0.028800836;-0.150140162;506;0.75
relu;(50, 50, 50);0.3;0.03;l2;0.0001;16;0.8;0.999;1.00E-08;0.02880434;-0.150280101;506;0.86
relu;(100, 100, 100, 50);0.3;0.001;l1;0.01;64;0.8;0.999;1.00E-06;0.02880785;-0.150420268;504;1.03
relu;(100, 100, 100, 50);0;0.001;none;0.01;64;0.8;0.9;1.00E-08;0.028809638;-0.150491675;504;1.52
relu;(100, 100, 100, 50);0.3;0.001;l2;0.01;16;0.8;0.999;1.00E-08;0.02881267;-0.150612763;506;0.77
relu;(50, 50, 50);0.3;0.001;l1;0.01;16;0.8;0.9;1.00E-08;0.028813535;-0.150647297;506;0.75
relu;(100, 100, 100, 50);0;0.001;none;1.00E-05;32;0.8;0.99;1.00E-06;0.028817883;-0.150820927;506;1.35
relu;(50, 50, 50);0;0.01;none;0.0001;32;0.8;0.99;1.00E-06;0.028818458;-0.150843893;506;0.36
relu;(50, 50, 50);0.3;0.001;l2;0.0001;64;0.99;0.99;1.00E-08;0.028820359;-0.150919798;504;0.62
relu;(100, 50, 25);0.3;0.01;l1;1.00E-05;16;0.9;0.999;1.00E-08;0.028822686;-0.151012734;506;0.56
relu;(100, 100, 100, 50);0.1;0.001;l1;0.0001;32;0.9;0.9;1.00E-08;0.028823851;-0.151059285;506;1.51
relu;(100, 100, 100, 50);0.1;0.001;none;1.00E-05;64;0.99;0.9;1.00E-08;0.028825206;-0.151113362;504;1.76
relu;(50, 50, 50);0.3;0.03;l1;0.0001;64;0.8;0.9;1.00E-08;0.028833837;-0.151458041;504;0.84
relu;(100, 100, 100, 50);0.3;0.001;none;0.01;16;0.99;0.99;1.00E-08;0.028843764;-0.151854495;506;0.73
relu;(50, 50, 50);0;0.001;none;0.01;64;0.9;0.9;1.00E-08;0.028844323;-0.151876805;504;1.04
relu;(50, 50, 50);0.1;0.001;l1;1.00E-05;64;0.99;0.99;1.00E-06;0.028853346;-0.152237115;504;0.51
relu;(100, 100, 100, 50);0;0.001;none;1.00E-05;16;0.8;0.9;1.00E-08;0.028853649;-0.152249208;506;1.21
relu;(100, 100, 100, 50);0.1;0.01;l2;1.00E-05;32;0.99;0.9;1.00E-08;0.028854854;-0.152297339;506;1.48
relu;(50, 50, 50);0.3;0.001;l2;0.0001;64;0.99;0.9;1.00E-08;0.028854885;-0.152298582;504;0.81
relu;(100, 100, 100, 50);0.3;0.03;l1;1.00E-05;16;0.8;0.99;1.00E-08;0.028861363;-0.152557265;506;4278.75
relu;(100, 50, 25);0;0.001;l1;1.00E-05;32;0.8;0.9;1.00E-08;0.028862926;-0.152619709;506;0.67
relu;(50, 50, 50);0;0.001;l1;1.00E-05;16;0.8;0.99;1.00E-08;0.028865457;-0.152720765;506;1.19
relu;(100, 50, 25);0;0.001;l2;1.00E-05;32;0.9;0.999;1.00E-08;0.028871798;-0.152973988;506;0.85
relu;(50, 50, 50);0.3;0.001;l2;1.00E-05;16;0.99;0.99;1.00E-08;0.028873111;-0.153026419;506;0.56
relu;(100, 100, 100, 50);0;0.001;l2;1.00E-05;16;0.99;0.9;1.00E-06;0.028874096;-0.153065744;506;1.18
relu;(50, 50, 50);0.1;0.01;none;1.00E-05;32;0.8;0.99;1.00E-06;0.028884728;-0.153490324;506;0.44
relu;(50, 50, 50);0;0.001;none;0.01;16;0.9;0.9;1.00E-08;0.028896159;-0.153946816;506;1.13
relu;(100, 50, 25);0.1;0.03;l1;0.01;64;0.99;0.9;1.00E-08;0.028900525;-0.1541212;504;1.06
relu;(50, 50, 50);0;0.03;none;0.0001;64;0.9;0.9;1.00E-06;0.028905952;-0.154337902;504;0.41
relu;(100, 50, 25);0;0.03;l1;1.00E-05;64;0.99;0.9;1.00E-06;0.028907418;-0.154396446;504;0.44
relu;(100, 100, 100, 50);0.3;0.01;l1;0.0001;32;0.8;0.99;1.00E-06;0.028908415;-0.154436274;506;0.88
relu;(100, 100, 100, 50);0.3;0.03;none;0.01;64;0.8;0.99;1.00E-08;0.028910788;-0.154531048;504;1.86
relu;(100, 100, 100, 50);0;0.01;l2;0.0001;32;0.99;0.9;1.00E-06;0.028911425;-0.154556471;506;1.4
relu;(100, 100, 100, 50);0;0.001;l2;0.0001;16;0.9;0.9;1.00E-06;0.028914799;-0.154691212;506;1.08
relu;(100, 50, 25);0;0.001;l2;0.0001;64;0.8;0.99;1.00E-06;0.028922959;-0.155017078;504;0.93
relu;(50, 50, 50);0.3;0.01;none;0.0001;16;0.8;0.999;1.00E-08;0.028927249;-0.15518837;506;0.65
relu;(50, 50, 50);0.3;0.01;none;0.01;64;0.9;0.999;1.00E-06;0.028932451;-0.155396137;504;0.79
relu;(50, 50, 50);0.1;0.001;l2;1.00E-05;32;0.99;0.9;1.00E-06;0.028935602;-0.155521978;506;0.52
relu;(50, 50, 50);0;0.001;none;1.00E-05;64;0.9;0.99;1.00E-06;0.028937295;-0.155589549;504;0.36
relu;(100, 50, 25);0;0.001;none;0.0001;64;0.8;0.99;1.00E-06;0.028943689;-0.155844892;504;1.69
relu;(100, 100, 100, 50);0.3;0.001;l2;1.00E-05;32;0.8;0.999;1.00E-06;0.028944975;-0.155896276;506;1.09
relu;(50, 50, 50);0.3;0.001;l1;0.0001;16;0.99;0.99;1.00E-06;0.028949219;-0.156065756;506;0.71
relu;(100, 100, 100, 50);0.3;0.001;l2;0.0001;32;0.99;0.9;1.00E-08;0.028950723;-0.156125796;506;0.68
relu;(100, 50, 25);0;0.001;l2;0.0001;64;0.9;0.99;1.00E-08;0.028965116;-0.156700596;504;0.93
relu;(100, 100, 100, 50);0;0.001;none;0.0001;32;0.8;0.9;1.00E-08;0.028967277;-0.156786857;506;1.12
relu;(50, 50, 50);0.3;0.03;l1;1.00E-05;32;0.9;0.99;1.00E-08;0.028972454;-0.15699362;506;0.63
relu;(50, 50, 50);0.3;0.01;l1;1.00E-05;64;0.8;0.999;1.00E-08;0.028979217;-0.157263703;504;0.82
relu;(100, 100, 100, 50);0;0.001;none;0.01;64;0.9;0.999;1.00E-06;0.028982201;-0.157382874;504;1.53
relu;(100, 100, 100, 50);0.3;0.001;none;0.0001;64;0.99;0.9;1.00E-06;0.028984282;-0.157465968;504;1.03
relu;(100, 100, 100, 50);0.3;0.01;none;0.0001;64;0.9;0.9;1.00E-06;0.028986555;-0.157556739;504;1.03
relu;(100, 100, 100, 50);0;0.001;none;0.0001;64;0.9;0.999;1.00E-08;0.028988125;-0.157619411;504;1.45
relu;(50, 50, 50);0.3;0.001;l1;0.0001;64;0.8;0.99;1.00E-06;0.028991904;-0.157770319;504;0.83
relu;(100, 50, 25);0.1;0.03;none;1.00E-05;32;0.8;0.999;1.00E-08;0.028994073;-0.157856952;506;1.01
relu;(50, 50, 50);0.3;0.001;l2;0.0001;16;0.99;0.999;1.00E-06;0.028994885;-0.15788937;506;0.6
relu;(50, 50, 50);0;0.001;none;0.0001;32;0.8;0.99;1.00E-08;0.029005555;-0.158315463;506;0.32
relu;(100, 100, 100, 50);0;0.001;none;0.01;16;0.8;0.999;1.00E-06;0.029006589;-0.15835676;506;1.18
relu;(50, 50, 50);0.3;0.001;l1;1.00E-05;64;0.9;0.99;1.00E-06;0.02900677;-0.158363985;504;0.78
relu;(50, 50, 50);0.1;0.01;none;1.00E-05;32;0.9;0.999;1.00E-06;0.029011909;-0.158569212;506;0.44
relu;(100, 50, 25);0;0.001;none;1.00E-05;64;0.8;0.999;1.00E-06;0.029012717;-0.15860147;504;1.7
relu;(100, 50, 25);0.1;0.001;none;1.00E-05;32;0.8;0.99;1.00E-06;0.029014517;-0.158673358;506;0.42
relu;(100, 100, 100, 50);0.3;0.01;none;0.0001;32;0.8;0.999;1.00E-08;0.029029064;-0.15925428;506;0.7
relu;(50, 50, 50);0.3;0.001;l2;1.00E-05;16;0.9;0.9;1.00E-06;0.029053123;-0.160215074;506;0.55
relu;(100, 100, 100, 50);0;0.001;l2;0.0001;64;0.8;0.999;1.00E-08;0.029061468;-0.160548343;504;1.25
relu;(100, 100, 100, 50);0.3;0.01;none;1.00E-05;32;0.8;0.9;1.00E-06;0.029065883;-0.160724626;506;0.83
relu;(50, 50, 50);0.1;0.01;none;1.00E-05;16;0.99;0.9;1.00E-06;0.029069218;-0.160857816;506;0.37
relu;(100, 100, 100, 50);0.3;0.01;l1;0.0001;64;0.99;0.999;1.00E-08;0.02908061;-0.161312751;504;1.07
relu;(50, 50, 50);0.3;0.001;l1;1.00E-05;16;0.8;0.999;1.00E-06;0.029083769;-0.161438916;506;0.76
relu;(100, 50, 25);0.3;0.001;none;1.00E-05;64;0.99;0.999;1.00E-06;0.02908766;-0.161594302;504;0.65
relu;(100, 100, 100, 50);0.1;0.001;l2;1.00E-05;32;0.9;0.9;1.00E-06;0.029096904;-0.161963423;506;1.36
relu;(100, 50, 25);0;0.03;l2;1.00E-05;32;0.99;0.999;1.00E-08;0.029097737;-0.161996721;506;0.3
relu;(100, 100, 100, 50);0;0.001;l1;1.00E-05;64;0.8;0.999;1.00E-06;0.029101383;-0.162142297;504;1.52
relu;(100, 100, 100, 50);0.1;0.001;l1;1.00E-05;64;0.8;0.99;1.00E-08;0.02910146;-0.162145382;504;2.02
relu;(100, 100, 100, 50);0.1;0.01;none;0.0001;64;0.8;0.999;1.00E-08;0.029102367;-0.162181609;504;2.05
relu;(50, 50, 50);0;0.001;l2;1.00E-05;64;0.9;0.9;1.00E-08;0.029125127;-0.163090509;504;0.38
relu;(100, 100, 100, 50);0.3;0.001;none;0.01;64;0.9;0.9;1.00E-08;0.029130507;-0.163305332;504;1.2
relu;(100, 100, 100, 50);0;0.01;none;0.0001;64;0.8;0.9;1.00E-08;0.029134523;-0.163465724;504;1.35
relu;(100, 50, 25);0;0.001;l2;1.00E-05;32;0.9;0.999;1.00E-06;0.029135274;-0.163495703;506;0.84
relu;(100, 100, 100, 50);0.3;0.01;none;0.01;32;0.8;0.99;1.00E-06;0.029139029;-0.163645669;506;0.79
relu;(50, 50, 50);0.3;0.03;none;0.0001;32;0.8;0.99;1.00E-08;0.029140919;-0.163721136;506;0.56
relu;(100, 50, 25);0.3;0.001;l1;0.01;32;0.8;0.9;1.00E-06;0.029143343;-0.163817927;506;0.43
relu;(100, 100, 100, 50);0.3;0.001;l1;0.0001;16;0.99;0.99;1.00E-08;0.029146904;-0.163960159;506;1.03
relu;(100, 50, 25);0.1;0.001;l1;0.01;32;0.9;0.9;1.00E-08;0.02915459;-0.164267086;506;1.23
relu;(50, 50, 50);0;0.001;none;1.00E-05;64;0.9;0.999;1.00E-08;0.029159529;-0.164464338;504;0.39
relu;(100, 100, 100, 50);0.3;0.001;l2;0.01;16;0.9;0.99;1.00E-08;0.029162097;-0.164566866;506;0.66
relu;(100, 100, 100, 50);0.3;0.001;l1;0.0001;32;0.9;0.99;1.00E-08;0.029163653;-0.164629002;506;1.11
relu;(100, 50, 25);0.3;0.01;l1;1.00E-05;32;0.8;0.999;1.00E-06;0.029168039;-0.164804142;506;0.53
relu;(100, 50, 25);0.3;0.03;l2;0.0001;32;0.9;0.99;1.00E-08;0.029168095;-0.16480641;506;1.1
relu;(100, 100, 100, 50);0.1;0.001;l1;0.0001;64;0.9;0.999;1.00E-06;0.029170935;-0.16491982;504;2.05
relu;(100, 50, 25);0.3;0.001;l2;0.0001;16;0.8;0.9;1.00E-08;0.029183456;-0.165419846;506;0.37
relu;(50, 50, 50);0.3;0.01;l2;1.00E-05;16;0.9;0.99;1.00E-08;0.029184391;-0.165457162;506;0.6
relu;(100, 50, 25);0.3;0.001;l2;0.01;16;0.99;0.999;1.00E-08;0.029200924;-0.166117397;506;0.43
relu;(100, 100, 100, 50);0;0.03;none;1.00E-05;32;0.99;0.9;1.00E-06;0.029208935;-0.166437329;506;1.01
relu;(50, 50, 50);0.3;0.03;l1;1.00E-05;16;0.8;0.999;1.00E-06;0.029215192;-0.16668718;506;0.64
relu;(100, 50, 25);0;0.001;l1;0.01;16;0.99;0.99;1.00E-08;0.029218134;-0.166804679;506;0.69
relu;(100, 50, 25);0.1;0.001;none;0.0001;16;0.9;0.999;1.00E-06;0.029219896;-0.166875025;506;0.33
relu;(100, 100, 100, 50);0;0.001;l2;1.00E-05;64;0.9;0.9;1.00E-08;0.029221619;-0.166943841;504;1.57
relu;(50, 50, 50);0;0.001;none;0.0001;16;0.9;0.999;1.00E-08;0.029226872;-0.167153614;506;0.31
relu;(50, 50, 50);0.3;0.01;l2;0.0001;16;0.9;0.999;1.00E-08;0.029233389;-0.167413854;506;0.73
relu;(100, 100, 100, 50);0;0.001;l2;1.00E-05;64;0.9;0.99;1.00E-08;0.029233398;-0.167414241;504;1.55
relu;(100, 100, 100, 50);0;0.001;none;0.0001;32;0.8;0.99;1.00E-08;0.029243309;-0.167810031;506;1.17
relu;(50, 50, 50);0.3;0.03;l1;0.0001;16;0.9;0.999;1.00E-08;0.029258467;-0.168415331;506;0.74
relu;(50, 50, 50);0.3;0.01;none;1.00E-05;64;0.9;0.999;1.00E-08;0.029261084;-0.168519832;504;0.66
relu;(100, 100, 100, 50);0.1;0.001;l2;1.00E-05;32;0.8;0.99;1.00E-06;0.029261637;-0.16854191;506;1.3
relu;(100, 50, 25);0.3;0.001;l1;1.00E-05;32;0.8;0.99;1.00E-06;0.02926826;-0.168806412;506;0.42
relu;(100, 50, 25);0.3;0.001;l2;0.0001;64;0.9;0.999;1.00E-08;0.029277661;-0.169181849;504;0.52
relu;(100, 50, 25);0;0.001;none;0.0001;64;0.8;0.99;1.00E-08;0.029279537;-0.169256738;504;1.67
relu;(100, 100, 100, 50);0;0.001;none;1.00E-05;32;0.9;0.999;1.00E-06;0.029288419;-0.169611451;506;1.35
relu;(100, 100, 100, 50);0.1;0.001;none;0.0001;32;0.99;0.99;1.00E-06;0.029290017;-0.169675247;506;1.36
relu;(50, 50, 50);0.3;0.001;none;0.01;32;0.99;0.99;1.00E-06;0.029293436;-0.169811782;506;0.63
relu;(50, 50, 50);0;0.001;l1;0.01;64;0.9;0.999;1.00E-06;0.029299909;-0.170070303;504;0.43
relu;(100, 100, 100, 50);0.3;0.01;none;1.00E-05;64;0.9;0.999;1.00E-06;0.029301807;-0.170146098;504;1.05
relu;(100, 100, 100, 50);0.1;0.001;l2;0.0001;64;0.99;0.999;1.00E-06;0.029302846;-0.170187585;504;1.9
relu;(50, 50, 50);0.3;0.03;l1;0.0001;16;0.9;0.999;1.00E-06;0.029304132;-0.170238942;506;0.65
relu;(100, 100, 100, 50);0;0.001;l2;0.0001;64;0.8;0.999;1.00E-06;0.029304293;-0.170245362;504;1.23
relu;(50, 50, 50);0.3;0.01;l2;1.00E-05;64;0.99;0.9;1.00E-06;0.029308327;-0.170406446;504;0.81
relu;(100, 100, 100, 50);0.3;0.03;l2;0.0001;16;0.8;0.999;1.00E-08;0.029310905;-0.170509396;506;0.81
relu;(50, 50, 50);0.1;0.001;l2;0.0001;64;0.99;0.999;1.00E-08;0.029324984;-0.17107164;504;0.49
relu;(50, 50, 50);0.3;0.03;none;1.00E-05;32;0.8;0.99;1.00E-06;0.029328482;-0.171211314;506;0.61
relu;(100, 50, 25);0;0.001;l2;1.00E-05;64;0.8;0.999;1.00E-08;0.029331541;-0.17133348;504;0.91
relu;(50, 50, 50);0.3;0.01;l2;1.00E-05;32;0.99;0.99;1.00E-06;0.029333336;-0.171405157;506;0.78
relu;(100, 50, 25);0.3;0.001;l1;0.0001;32;0.9;0.99;1.00E-06;0.029338462;-0.171609894;506;0.62
relu;(50, 50, 50);0.3;0.001;l1;0.0001;64;0.99;0.999;1.00E-08;0.029338679;-0.171618529;504;0.91
relu;(100, 100, 100, 50);0.3;0.03;none;0.01;32;0.9;0.9;1.00E-08;0.029343466;-0.171809712;506;0.72
relu;(100, 50, 25);0;0.001;none;0.0001;64;0.9;0.9;1.00E-06;0.029343686;-0.17181851;504;1.66
relu;(100, 100, 100, 50);0;0.001;l2;0.0001;16;0.8;0.9;1.00E-06;0.029349648;-0.172056574;506;1.15
relu;(50, 50, 50);0.3;0.01;none;1.00E-05;32;0.8;0.9;1.00E-06;0.029354917;-0.172266995;506;0.61
relu;(50, 50, 50);0.3;0.001;none;0.01;64;0.99;0.9;1.00E-06;0.02935554;-0.172291874;504;0.73
relu;(100, 50, 25);0.3;0.03;none;0.0001;64;0.8;0.999;1.00E-06;0.029364862;-0.172664149;504;1.12
relu;(100, 100, 100, 50);0.1;0.001;none;1.00E-05;16;0.9;0.9;1.00E-06;0.029368471;-0.172808272;506;1.59
relu;(50, 50, 50);0.1;0.01;l2;1.00E-05;16;0.99;0.9;1.00E-08;0.029370576;-0.172892314;506;0.55
relu;(50, 50, 50);0.3;0.01;none;0.01;64;0.8;0.999;1.00E-06;0.029370725;-0.17289827;504;0.89
relu;(100, 100, 100, 50);0.3;0.01;none;1.00E-05;32;0.9;0.99;1.00E-06;0.029376635;-0.173134302;506;1.08
relu;(100, 100, 100, 50);0.3;0.01;none;0.0001;64;0.99;0.9;1.00E-06;0.029383106;-0.173392682;504;0.95
relu;(50, 50, 50);0.1;0.03;l2;0.0001;32;0.9;0.999;1.00E-08;0.02938333;-0.173401666;506;0.78
relu;(100, 50, 25);0.1;0.01;none;0.0001;16;0.99;0.9;1.00E-08;0.029389567;-0.173650736;506;0.79
relu;(50, 50, 50);0.3;0.001;l2;1.00E-05;32;0.9;0.999;1.00E-06;0.029390605;-0.173692176;506;0.47
relu;(50, 50, 50);0;0.001;l2;0.0001;32;0.8;0.999;1.00E-08;0.029392092;-0.173751538;506;0.34
relu;(100, 50, 25);0.3;0.01;l1;1.00E-05;16;0.9;0.99;1.00E-06;0.0293922;-0.173755867;506;0.53
relu;(100, 100, 100, 50);0.3;0.01;l2;1.00E-05;16;0.99;0.9;1.00E-06;0.029397844;-0.173981262;506;0.66
relu;(100, 100, 100, 50);0.3;0.001;none;0.0001;32;0.9;0.999;1.00E-08;0.02940658;-0.17433012;506;1.08
relu;(100, 50, 25);0.3;0.001;l1;0.01;64;0.9;0.999;1.00E-08;0.029407767;-0.174377534;504;0.51
relu;(100, 50, 25);0;0.001;l1;0.0001;32;0.9;0.99;1.00E-06;0.029408061;-0.174389261;506;0.83
relu;(50, 50, 50);0.3;0.01;l2;0.01;16;0.99;0.99;1.00E-06;0.029409315;-0.174439337;506;0.62
relu;(100, 100, 100, 50);0;0.001;l2;1.00E-05;32;0.8;0.99;1.00E-06;0.029411838;-0.174540094;506;1.31
relu;(50, 50, 50);0.1;0.001;none;0.0001;16;0.8;0.999;1.00E-06;0.029416814;-0.174738825;506;0.38
relu;(100, 50, 25);0;0.001;none;0.0001;16;0.8;0.99;1.00E-08;0.029426504;-0.175125779;506;1.24
relu;(100, 100, 100, 50);0.3;0.001;l2;1.00E-05;64;0.8;0.99;1.00E-08;0.029435259;-0.175475386;504;1.29
relu;(50, 50, 50);0.3;0.001;none;1.00E-05;32;0.9;0.9;1.00E-06;0.029435525;-0.175486022;506;0.62
relu;(100, 100, 100, 50);0.3;0.001;none;1.00E-05;16;0.99;0.999;1.00E-06;0.02944022;-0.175673519;506;0.77
relu;(100, 50, 25);0.1;0.001;l1;1.00E-05;16;0.8;0.999;1.00E-08;0.029444578;-0.175847542;506;1.06
relu;(100, 50, 25);0.3;0.001;l1;0.01;32;0.99;0.999;1.00E-06;0.029450795;-0.176095831;506;0.47
relu;(50, 50, 50);0;0.01;l2;1.00E-05;64;0.8;0.9;1.00E-08;0.029460367;-0.176478056;504;0.5
relu;(100, 50, 25);0.3;0.001;none;0.0001;64;0.9;0.999;1.00E-06;0.029466046;-0.176704857;504;0.61
relu;(50, 50, 50);0.1;0.001;none;0.01;16;0.9;0.999;1.00E-08;0.029477476;-0.177161281;506;0.43
relu;(100, 100, 100, 50);0.3;0.001;none;1.00E-05;32;0.99;0.99;1.00E-06;0.029482575;-0.177364931;506;0.68
relu;(50, 50, 50);0;0.001;none;0.0001;32;0.9;0.999;1.00E-08;0.029483173;-0.177388788;506;0.39
relu;(50, 50, 50);0.3;0.03;l1;1.00E-05;32;0.99;0.9;1.00E-06;0.029495149;-0.177867051;506;0.71
relu;(50, 50, 50);0.1;0.001;none;0.01;32;0.9;0.9;1.00E-08;0.029497035;-0.17794239;506;0.44
relu;(50, 50, 50);0.3;0.001;l1;1.00E-05;64;0.9;0.9;1.00E-06;0.029500273;-0.178071682;504;0.8
relu;(50, 50, 50);0.3;0.001;l2;0.0001;32;0.8;0.99;1.00E-08;0.029515355;-0.17867397;506;0.55
relu;(100, 100, 100, 50);0.3;0.001;none;0.01;64;0.8;0.9;1.00E-08;0.029517314;-0.178752189;504;1.1
relu;(100, 50, 25);0;0.001;none;0.01;32;0.9;0.999;1.00E-06;0.029519562;-0.178841991;506;0.81
relu;(100, 100, 100, 50);0;0.001;none;1.00E-05;16;0.9;0.999;1.00E-06;0.029524153;-0.179025317;506;1.47
relu;(50, 50, 50);0;0.001;none;1.00E-05;32;0.9;0.999;1.00E-08;0.029533284;-0.179389948;506;0.32
relu;(50, 50, 50);0;0.001;none;1.00E-05;64;0.8;0.99;1.00E-06;0.029536188;-0.179505909;504;0.4
relu;(100, 50, 25);0.3;0.001;l2;0.0001;16;0.9;0.9;1.00E-06;0.029536197;-0.17950627;506;0.48
relu;(100, 100, 100, 50);0.3;0.001;none;0.01;64;0.99;0.99;1.00E-06;0.029538019;-0.179579051;504;1.01
relu;(50, 50, 50);0.3;0.001;l1;0.01;32;0.9;0.9;1.00E-08;0.02955802;-0.180377769;506;0.76
relu;(50, 50, 50);0.3;0.001;l2;0.01;64;0.8;0.99;1.00E-08;0.029563032;-0.180577903;504;0.83
relu;(50, 50, 50);0.1;0.001;l1;0.0001;16;0.9;0.99;1.00E-06;0.029566379;-0.180711593;506;0.42
relu;(50, 50, 50);0.3;0.001;l2;1.00E-05;32;0.99;0.9;1.00E-08;0.029568187;-0.180783792;506;0.61
relu;(100, 50, 25);0;0.001;l2;0.0001;16;0.9;0.999;1.00E-08;0.029570425;-0.180873141;506;0.78
relu;(50, 50, 50);0.3;0.01;l2;0.0001;16;0.99;0.9;1.00E-08;0.029593119;-0.181779418;506;0.71
relu;(50, 50, 50);0.3;0.001;l1;0.0001;64;0.9;0.999;1.00E-08;0.029595476;-0.181873533;504;0.82
relu;(100, 50, 25);0.3;0.001;none;1.00E-05;32;0.8;0.99;1.00E-08;0.029600677;-0.182081244;506;0.41
relu;(50, 50, 50);0;0.01;l2;1.00E-05;32;0.9;0.99;1.00E-06;0.029602709;-0.182162383;506;0.37
relu;(100, 50, 25);0.1;0.001;l1;1.00E-05;16;0.8;0.99;1.00E-06;0.029606301;-0.182305843;506;1.09
relu;(50, 50, 50);0.1;0.03;l2;0.01;32;0.8;0.99;1.00E-06;0.029616722;-0.182722001;506;0.53
relu;(50, 50, 50);0.1;0.001;none;0.0001;16;0.9;0.99;1.00E-08;0.029618087;-0.182776477;506;0.41
relu;(50, 50, 50);0;0.001;l2;0.0001;32;0.8;0.99;1.00E-08;0.029618575;-0.182795978;506;0.4
relu;(100, 100, 100, 50);0.3;0.01;none;0.0001;64;0.9;0.9;1.00E-08;0.029623009;-0.182973042;504;1.14
relu;(100, 100, 100, 50);0.3;0.001;none;1.00E-05;32;0.8;0.99;1.00E-06;0.029625881;-0.183087748;506;0.9
relu;(100, 100, 100, 50);0;0.01;none;0.01;64;0.99;0.9;1.00E-06;0.029630234;-0.183261564;504;1.22
relu;(100, 100, 100, 50);0.1;0.01;l1;1.00E-05;64;0.8;0.99;1.00E-08;0.02963147;-0.183310938;504;2.02
relu;(100, 50, 25);0.3;0.03;none;0.01;64;0.99;0.9;1.00E-08;0.029645137;-0.183856717;504;0.99
relu;(50, 50, 50);0;0.001;none;1.00E-05;64;0.8;0.999;1.00E-08;0.029656769;-0.184321222;504;0.42
relu;(50, 50, 50);0;0.001;none;1.00E-05;32;0.9;0.99;1.00E-08;0.029666004;-0.184690012;506;0.36
relu;(100, 100, 100, 50);0.3;0.01;l1;0.0001;64;0.99;0.99;1.00E-08;0.029691442;-0.185705865;504;1.07
relu;(50, 50, 50);0;0.001;none;0.01;32;0.8;0.99;1.00E-08;0.029695701;-0.185875944;506;1.26
relu;(100, 100, 100, 50);0.1;0.03;l1;0.0001;16;0.8;0.9;1.00E-08;0.029703126;-0.186172467;506;1.56
relu;(100, 50, 25);0.3;0.001;none;1.00E-05;32;0.9;0.999;1.00E-08;0.029705328;-0.186260387;506;0.69
relu;(100, 50, 25);0.3;0.001;none;0.01;64;0.99;0.99;1.00E-06;0.029714747;-0.186636534;504;0.5
relu;(50, 50, 50);0.3;0.001;l2;1.00E-05;64;0.99;0.9;1.00E-06;0.029715423;-0.186663519;504;0.91
relu;(100, 50, 25);0.3;0.001;l2;1.00E-05;16;0.9;0.99;1.00E-06;0.029719948;-0.186844248;506;0.38
relu;(50, 50, 50);0;0.001;none;0.01;64;0.8;0.9;1.00E-06;0.029729738;-0.187235187;504;1.03
relu;(100, 50, 25);0.1;0.001;l1;1.00E-05;32;0.99;0.9;1.00E-06;0.029729948;-0.187243598;506;0.99
relu;(100, 100, 100, 50);0.3;0.001;l1;0.0001;32;0.9;0.9;1.00E-06;0.029730162;-0.187252129;506;1.17
relu;(100, 50, 25);0.3;0.001;l1;1.00E-05;64;0.9;0.99;1.00E-08;0.029736693;-0.187512932;504;0.59
relu;(50, 50, 50);0.3;0.001;l2;0.0001;32;0.9;0.99;1.00E-08;0.029736894;-0.187520966;506;0.48
relu;(100, 50, 25);0.1;0.001;l1;1.00E-05;16;0.9;0.999;1.00E-06;0.029750185;-0.188051735;506;1.09
relu;(50, 50, 50);0;0.001;l1;1.00E-05;64;0.9;0.999;1.00E-08;0.029752717;-0.188152842;504;1.23
relu;(100, 100, 100, 50);0.3;0.01;none;0.01;64;0.99;0.99;1.00E-08;0.029759622;-0.18842861;504;1.13
relu;(100, 50, 25);0;0.001;none;0.0001;64;0.9;0.99;1.00E-06;0.029765735;-0.188672691;504;1.78
relu;(100, 100, 100, 50);0.3;0.001;none;0.01;32;0.9;0.999;1.00E-06;0.0297816;-0.189306263;506;0.74
relu;(50, 50, 50);0.3;0.03;l2;0.0001;32;0.99;0.9;1.00E-06;0.029790295;-0.189653499;506;0.82
relu;(50, 50, 50);0;0.001;l1;1.00E-05;64;0.8;0.9;1.00E-08;0.029790723;-0.189670594;504;1.36
relu;(100, 100, 100, 50);0.1;0.03;l1;0.01;32;0.9;0.99;1.00E-08;0.029795383;-0.189856673;506;0.81
relu;(100, 100, 100, 50);0.1;0.001;l2;1.00E-05;16;0.8;0.99;1.00E-06;0.029798237;-0.189970648;506;1.51
relu;(50, 50, 50);0.3;0.03;none;1.00E-05;32;0.8;0.999;1.00E-08;0.029809095;-0.190404256;506;0.72
relu;(100, 100, 100, 50);0;0.001;none;0.0001;32;0.9;0.999;1.00E-06;0.029812007;-0.190520544;506;1.04
relu;(100, 50, 25);0.3;0.001;none;1.00E-05;64;0.8;0.999;1.00E-06;0.029815643;-0.190665756;504;0.53
relu;(50, 50, 50);0.3;0.03;none;0.01;64;0.8;0.999;1.00E-06;0.029826115;-0.191083941;504;0.66
relu;(100, 50, 25);0;0.001;l2;1.00E-05;64;0.8;0.9;1.00E-08;0.029826137;-0.191084835;504;1.01
relu;(100, 50, 25);0.3;0.001;l1;0.01;16;0.8;0.99;1.00E-08;0.029828102;-0.191163287;506;0.44
relu;(100, 50, 25);0.3;0.01;l2;1.00E-05;16;0.9;0.99;1.00E-08;0.029836376;-0.191493712;506;0.33
relu;(100, 100, 100, 50);0.3;0.001;none;0.01;16;0.99;0.999;1.00E-08;0.029836749;-0.191508615;506;0.64
relu;(100, 50, 25);0.3;0.001;none;0.01;32;0.9;0.999;1.00E-08;0.029838746;-0.191588358;506;0.38
relu;(100, 50, 25);0.3;0.001;l1;0.0001;64;0.99;0.99;1.00E-08;0.029839506;-0.191618696;504;0.71
relu;(100, 50, 25);0.1;0.001;l2;1.00E-05;64;0.9;0.9;1.00E-08;0.029872267;-0.192927001;504;0.94
relu;(100, 50, 25);0;0.001;l1;1.00E-05;64;0.8;0.9;1.00E-06;0.029872945;-0.192954049;504;0.74
relu;(100, 100, 100, 50);0.3;0.001;none;1.00E-05;16;0.8;0.99;1.00E-06;0.029891273;-0.193685981;506;1.13
relu;(100, 100, 100, 50);0.3;0.001;l1;0.0001;16;0.99;0.999;1.00E-06;0.029894978;-0.193833934;506;1.41
relu;(100, 50, 25);0.3;0.001;none;1.00E-05;16;0.8;0.999;1.00E-08;0.02989511;-0.193839204;506;0.44
relu;(100, 50, 25);0.3;0.001;l1;0.01;16;0.8;0.99;1.00E-06;0.029896555;-0.19389689;506;0.41
relu;(100, 100, 100, 50);0;0.03;none;0.01;32;0.99;0.9;1.00E-08;0.02990714;-0.194319626;506;1.3
relu;(50, 50, 50);0.1;0.001;l1;1.00E-05;16;0.8;0.999;1.00E-06;0.029920375;-0.194848155;506;0.44
relu;(50, 50, 50);0;0.001;none;0.0001;64;0.8;0.999;1.00E-06;0.02992368;-0.194980132;504;0.42
relu;(100, 100, 100, 50);0;0.001;none;1.00E-05;32;0.9;0.9;1.00E-06;0.029925963;-0.195071289;506;1.36
relu;(100, 50, 25);0;0.001;none;0.0001;16;0.8;0.9;1.00E-08;0.029930082;-0.195235772;506;1.44
relu;(50, 50, 50);0.3;0.01;l1;1.00E-05;32;0.8;0.999;1.00E-06;0.029939095;-0.195595719;506;0.8
relu;(50, 50, 50);0.3;0.01;none;0.0001;32;0.9;0.999;1.00E-08;0.029939787;-0.195623357;506;0.78
relu;(50, 50, 50);0.3;0.001;l2;0.0001;16;0.99;0.99;1.00E-08;0.029947714;-0.195939905;506;0.65
relu;(50, 50, 50);0;0.03;none;0.0001;16;0.99;0.9;1.00E-06;0.029947739;-0.195940897;506;0.32
relu;(50, 50, 50);0.3;0.001;l1;0.0001;32;0.8;0.9;1.00E-06;0.029951445;-0.196088901;506;0.57
relu;(50, 50, 50);0;0.001;none;1.00E-05;64;0.8;0.9;1.00E-08;0.029963565;-0.196572892;504;0.42
relu;(100, 100, 100, 50);0.1;0.01;l2;1.00E-05;64;0.9;0.999;1.00E-08;0.029965665;-0.196656751;504;1.86
relu;(50, 50, 50);0.1;0.001;none;1.00E-05;64;0.8;0.999;1.00E-08;0.029967307;-0.196722341;504;0.48
relu;(100, 100, 100, 50);0.1;0.001;none;0.01;16;0.9;0.99;1.00E-06;0.029975011;-0.197030005;506;1.4
relu;(100, 100, 100, 50);0.3;0.03;l2;0.0001;16;0.8;0.99;1.00E-06;0.02998347;-0.197367807;506;1.19
relu;(50, 50, 50);0;0.03;l1;1.00E-05;16;0.99;0.9;1.00E-08;0.029989431;-0.197605838;506;0.43
relu;(100, 100, 100, 50);0.3;0.001;none;1.00E-05;32;0.8;0.999;1.00E-06;0.029991012;-0.197668975;506;0.7
relu;(50, 50, 50);0;0.001;none;0.01;32;0.9;0.99;1.00E-08;0.030003493;-0.198167413;506;1.02
relu;(100, 100, 100, 50);0.1;0.001;l1;0.01;32;0.99;0.99;1.00E-06;0.030015563;-0.198649405;506;1.91
relu;(100, 50, 25);0.1;0.001;l1;0.0001;16;0.99;0.999;1.00E-08;0.030017712;-0.198735219;506;0.97
relu;(100, 100, 100, 50);0.3;0.03;none;0.0001;64;0.8;0.9;1.00E-06;0.030028472;-0.199164925;504;0.95
relu;(100, 50, 25);0.3;0.01;l2;0.01;64;0.9;0.99;1.00E-08;0.030031274;-0.199276814;504;1.16
relu;(100, 50, 25);0;0.001;none;1.00E-05;32;0.9;0.99;1.00E-06;0.030033515;-0.199366311;506;1.36
relu;(50, 50, 50);0.3;0.03;none;0.0001;16;0.8;0.99;1.00E-08;0.030035679;-0.199452742;506;0.57
relu;(50, 50, 50);0;0.03;l1;1.00E-05;64;0.9;0.9;1.00E-06;0.030041257;-0.199675464;504;0.41
relu;(50, 50, 50);0;0.001;l2;1.00E-05;64;0.8;0.999;1.00E-08;0.030051482;-0.200083789;504;0.38
relu;(50, 50, 50);0.3;0.001;none;0.01;16;0.9;0.999;1.00E-06;0.03007224;-0.200912768;506;0.53
relu;(100, 100, 100, 50);0.3;0.001;l1;1.00E-05;32;0.8;0.999;1.00E-08;0.030074338;-0.200996559;506;0.82
relu;(100, 100, 100, 50);0.1;0.03;l2;0.0001;32;0.99;0.9;1.00E-08;0.030078929;-0.201179893;506;0.72
relu;(50, 50, 50);0;0.001;l2;1.00E-05;32;0.8;0.999;1.00E-06;0.030081012;-0.201263046;506;0.45
relu;(50, 50, 50);0.1;0.03;none;0.0001;64;0.99;0.9;1.00E-06;0.030087661;-0.201528594;504;0.68
relu;(100, 100, 100, 50);0.3;0.001;none;0.01;64;0.8;0.99;1.00E-06;0.030092877;-0.201736887;504;0.95
relu;(50, 50, 50);0.3;0.01;l1;1.00E-05;16;0.99;0.999;1.00E-08;0.030095877;-0.201856674;506;0.47
relu;(100, 50, 25);0.3;0.001;l2;0.0001;16;0.9;0.99;1.00E-06;0.030100241;-0.202030951;506;0.44
relu;(100, 50, 25);0;0.01;none;0.0001;64;0.9;0.999;1.00E-08;0.030103399;-0.202157089;504;0.77
relu;(50, 50, 50);0.3;0.01;none;1.00E-05;32;0.9;0.999;1.00E-08;0.030115701;-0.202648333;506;0.46
relu;(100, 50, 25);0;0.001;l2;0.0001;16;0.8;0.999;1.00E-06;0.030121202;-0.202868041;506;0.72
relu;(50, 50, 50);0.3;0.03;none;0.0001;64;0.9;0.999;1.00E-08;0.030127755;-0.203129728;504;0.6
relu;(100, 50, 25);0;0.001;none;1.00E-05;16;0.9;0.999;1.00E-06;0.03013623;-0.203468146;506;1.27
relu;(100, 50, 25);0.3;0.001;l2;1.00E-05;32;0.9;0.999;1.00E-08;0.030139229;-0.203587927;506;0.38
relu;(100, 100, 100, 50);0.3;0.001;none;0.0001;64;0.9;0.99;1.00E-08;0.030146177;-0.203865395;504;1.13
relu;(100, 100, 100, 50);0.1;0.001;none;0.0001;32;0.9;0.999;1.00E-06;0.030148207;-0.203946448;506;1.39
relu;(50, 50, 50);0.3;0.001;none;0.0001;64;0.8;0.999;1.00E-06;0.030151908;-0.204094262;504;0.71
relu;(100, 100, 100, 50);0;0.001;l1;1.00E-05;32;0.8;0.99;1.00E-08;0.030152443;-0.204115612;506;1.51
relu;(100, 100, 100, 50);0.3;0.001;l1;1.00E-05;32;0.99;0.9;1.00E-08;0.030162384;-0.204512611;506;0.98
relu;(100, 100, 100, 50);0.1;0.001;none;0.01;16;0.99;0.999;1.00E-06;0.030184767;-0.205406447;506;1.47
relu;(50, 50, 50);0;0.03;l2;0.0001;32;0.99;0.9;1.00E-08;0.030190285;-0.205626805;506;0.95
relu;(50, 50, 50);0;0.001;l2;0.0001;16;0.8;0.999;1.00E-08;0.030208366;-0.20634886;506;0.33
relu;(100, 100, 100, 50);0.3;0.001;l1;1.00E-05;16;0.9;0.999;1.00E-08;0.030215765;-0.206644311;506;0.71
relu;(100, 100, 100, 50);0.1;0.001;none;0.01;32;0.9;0.9;1.00E-06;0.030219778;-0.206804566;506;1.66
relu;(100, 50, 25);0.3;0.001;none;1.00E-05;16;0.8;0.9;1.00E-06;0.030226137;-0.207058506;506;0.33
relu;(100, 50, 25);0;0.001;l2;0.0001;16;0.8;0.999;1.00E-08;0.030227364;-0.207107535;506;0.71
relu;(100, 100, 100, 50);0;0.001;l1;0.01;16;0.9;0.9;1.00E-06;0.030232878;-0.20732774;506;1.15
relu;(100, 100, 100, 50);0.3;0.001;none;1.00E-05;64;0.99;0.9;1.00E-08;0.030232939;-0.207330158;504;1.25
relu;(100, 100, 100, 50);0;0.001;none;0.0001;64;0.8;0.999;1.00E-08;0.030239605;-0.207596369;504;1.7
relu;(100, 50, 25);0;0.001;l2;0.0001;16;0.8;0.99;1.00E-08;0.030248743;-0.207961276;506;0.8
relu;(50, 50, 50);0.3;0.001;none;1.00E-05;32;0.99;0.999;1.00E-08;0.030279668;-0.209196241;506;0.62
relu;(100, 50, 25);0.3;0.001;l1;0.01;64;0.8;0.99;1.00E-06;0.030309021;-0.210368443;504;0.56
relu;(100, 100, 100, 50);0;0.001;none;0.0001;64;0.8;0.99;1.00E-06;0.030314819;-0.210599959;504;1.48
relu;(50, 50, 50);0.3;0.001;none;0.0001;32;0.8;0.999;1.00E-08;0.03032773;-0.21111555;506;0.61
relu;(50, 50, 50);0.3;0.01;l1;1.00E-05;64;0.99;0.999;1.00E-06;0.030332911;-0.211322454;504;0.74
relu;(50, 50, 50);0.3;0.001;l2;1.00E-05;32;0.99;0.99;1.00E-06;0.030341883;-0.211680751;506;0.71
relu;(100, 50, 25);0.3;0.001;l2;1.00E-05;64;0.8;0.9;1.00E-08;0.030351488;-0.212064312;504;0.46
relu;(100, 100, 100, 50);0.3;0.001;l2;0.01;32;0.99;0.99;1.00E-08;0.030356429;-0.212261631;506;0.76
relu;(100, 100, 100, 50);0.1;0.001;none;0.0001;16;0.8;0.99;1.00E-06;0.030359918;-0.21240096;506;1.23
relu;(100, 50, 25);0.3;0.001;none;0.01;64;0.8;0.999;1.00E-08;0.030362964;-0.212522603;504;0.52
relu;(50, 50, 50);0.1;0.001;none;0.0001;16;0.99;0.9;1.00E-06;0.030377036;-0.213084582;506;0.39
relu;(50, 50, 50);0.3;0.01;l1;1.00E-05;64;0.9;0.99;1.00E-08;0.030388211;-0.213530823;504;0.69
relu;(100, 100, 100, 50);0;0.001;l2;0.0001;32;0.8;0.999;1.00E-08;0.030401276;-0.214052586;506;1.1
relu;(50, 50, 50);0.1;0.001;l1;1.00E-05;64;0.8;0.99;1.00E-08;0.030410701;-0.214428942;504;0.61
relu;(50, 50, 50);0.3;0.01;l1;1.00E-05;32;0.9;0.99;1.00E-08;0.030419356;-0.214774569;506;0.61
relu;(100, 100, 100, 50);0.3;0.001;none;0.0001;64;0.9;0.9;1.00E-06;0.030419929;-0.21479748;504;1.13
relu;(100, 100, 100, 50);0.3;0.001;l1;0.0001;16;0.8;0.9;1.00E-06;0.030428503;-0.215139842;506;0.98
relu;(100, 50, 25);0.3;0.01;l2;0.0001;32;0.99;0.999;1.00E-06;0.030434184;-0.215366748;506;1.1
relu;(100, 50, 25);0;0.001;l2;1.00E-05;16;0.8;0.999;1.00E-08;0.030441301;-0.215650947;506;0.67
relu;(100, 100, 100, 50);0.1;0.001;none;0.0001;16;0.9;0.99;1.00E-06;0.030448339;-0.215932014;506;1.13
relu;(50, 50, 50);0.3;0.001;none;0.01;32;0.9;0.999;1.00E-08;0.030448582;-0.215941712;506;0.72
relu;(50, 50, 50);0;0.001;none;0.01;64;0.9;0.999;1.00E-06;0.030460553;-0.216419747;504;1.42
relu;(50, 50, 50);0.3;0.001;none;1.00E-05;16;0.9;0.99;1.00E-06;0.030462858;-0.216511798;506;0.59
relu;(50, 50, 50);0.3;0.01;none;1.00E-05;16;0.8;0.999;1.00E-08;0.030468996;-0.216756909;506;0.58
relu;(50, 50, 50);0;0.001;none;0.01;64;0.9;0.99;1.00E-06;0.030496814;-0.217867808;504;1.24
relu;(100, 100, 100, 50);0.1;0.001;none;1.00E-05;32;0.8;0.999;1.00E-06;0.030498422;-0.217932006;506;1.69
relu;(100, 50, 25);0.3;0.001;l2;0.01;64;0.99;0.999;1.00E-06;0.030502847;-0.218108733;504;0.46
relu;(50, 50, 50);0.3;0.01;l2;0.0001;64;0.99;0.9;1.00E-08;0.030514031;-0.218555365;504;0.83
relu;(50, 50, 50);0.1;0.001;l1;1.00E-05;16;0.99;0.999;1.00E-08;0.030515131;-0.218599281;506;0.42
relu;(50, 50, 50);0;0.01;none;1.00E-05;64;0.8;0.999;1.00E-06;0.030522134;-0.218878954;504;0.41
relu;(50, 50, 50);0.3;0.001;l1;0.0001;64;0.8;0.9;1.00E-06;0.030533476;-0.219331871;504;0.84
relu;(100, 50, 25);0;0.001;l2;0.0001;32;0.8;0.99;1.00E-06;0.030536345;-0.219446455;506;0.95
relu;(100, 50, 25);0.3;0.001;l2;1.00E-05;32;0.99;0.9;1.00E-06;0.030545907;-0.219828284;506;0.43
relu;(100, 50, 25);0.3;0.001;l1;0.0001;32;0.8;0.999;1.00E-06;0.030558741;-0.220340839;506;0.44
relu;(50, 50, 50);0;0.001;l1;1.00E-05;32;0.9;0.999;1.00E-08;0.03056784;-0.220704201;506;1.28
relu;(100, 100, 100, 50);0;0.001;none;1.00E-05;64;0.8;0.999;1.00E-08;0.030573767;-0.220940886;504;1.3
relu;(100, 100, 100, 50);0;0.001;l1;1.00E-05;16;0.8;0.999;1.00E-06;0.030583171;-0.221316413;506;1.38
relu;(100, 50, 25);0.1;0.001;none;0.01;16;0.99;0.99;1.00E-08;0.030585143;-0.221395161;506;0.65
relu;(100, 50, 25);0.3;0.001;none;0.01;64;0.8;0.9;1.00E-06;0.030585355;-0.221403644;504;0.48
relu;(50, 50, 50);0.3;0.001;l1;0.0001;16;0.99;0.9;1.00E-08;0.030588674;-0.221536164;506;0.61
relu;(50, 50, 50);0.3;0.03;l1;1.00E-05;64;0.9;0.99;1.00E-08;0.03059287;-0.221703727;504;0.72
relu;(50, 50, 50);0.1;0.001;none;1.00E-05;64;0.9;0.999;1.00E-08;0.030601922;-0.222065212;504;0.47
relu;(50, 50, 50);0.3;0.001;l2;0.0001;16;0.8;0.99;1.00E-06;0.030602351;-0.222082365;506;0.54
relu;(100, 100, 100, 50);0.3;0.001;none;0.01;64;0.8;0.9;1.00E-06;0.03060342;-0.222125028;504;1.2
relu;(100, 50, 25);0.1;0.001;l2;0.0001;64;0.9;0.999;1.00E-08;0.03061352;-0.222528387;504;1.01
relu;(50, 50, 50);0.1;0.03;none;0.0001;16;0.9;0.99;1.00E-06;0.030617965;-0.222705893;506;0.56
relu;(100, 50, 25);0;0.001;l1;1.00E-05;64;0.9;0.9;1.00E-06;0.030621394;-0.222842822;504;0.82
relu;(50, 50, 50);0.3;0.01;l2;0.0001;16;0.99;0.9;1.00E-06;0.030628837;-0.223140042;506;0.63
relu;(50, 50, 50);0;0.001;l2;0.0001;32;0.8;0.99;1.00E-06;0.030630119;-0.223191266;506;0.44
relu;(50, 50, 50);0.3;0.001;none;1.00E-05;16;0.8;0.99;1.00E-06;0.030633465;-0.223324856;506;0.79
relu;(100, 50, 25);0.3;0.001;none;1.00E-05;64;0.8;0.99;1.00E-06;0.030634322;-0.223359095;504;0.49
relu;(100, 100, 100, 50);0.3;0.01;l1;1.00E-05;32;0.9;0.999;1.00E-06;0.030660954;-0.224422604;506;0.83
relu;(100, 100, 100, 50);0.3;0.001;l1;0.0001;16;0.8;0.999;1.00E-08;0.030661322;-0.224437302;506;1.42
relu;(50, 50, 50);0.3;0.001;l2;0.0001;32;0.99;0.999;1.00E-06;0.0306615;-0.224444423;506;0.52
relu;(50, 50, 50);0.3;0.01;none;1.00E-05;16;0.99;0.9;1.00E-06;0.030665058;-0.22458651;506;0.6
relu;(100, 100, 100, 50);0;0.001;l2;0.0001;32;0.8;0.99;1.00E-08;0.030669941;-0.224781502;506;1.22
relu;(50, 50, 50);0;0.001;none;0.01;64;0.9;0.9;1.00E-06;0.030681255;-0.22523332;504;1.07
relu;(100, 50, 25);0;0.001;none;0.01;16;0.8;0.99;1.00E-08;0.030695229;-0.225791362;506;1.24
relu;(100, 50, 25);0;0.001;none;0.0001;32;0.8;0.9;1.00E-08;0.030704241;-0.226151249;506;1.52
relu;(100, 50, 25);0.3;0.01;l2;0.0001;16;0.99;0.99;1.00E-08;0.03070629;-0.226233064;506;0.4
relu;(100, 100, 100, 50);0.3;0.001;l1;1.00E-05;32;0.8;0.99;1.00E-06;0.030707712;-0.22628988;506;0.9
relu;(100, 100, 100, 50);0.3;0.01;none;0.0001;16;0.8;0.999;1.00E-08;0.030710509;-0.226401565;506;0.59
relu;(50, 50, 50);0.3;0.001;l2;1.00E-05;32;0.8;0.99;1.00E-06;0.03071319;-0.22650864;506;0.63
relu;(50, 50, 50);0.1;0.01;l2;1.00E-05;64;0.8;0.99;1.00E-08;0.030714309;-0.226553319;504;0.82
relu;(50, 50, 50);0.3;0.001;l2;0.0001;64;0.9;0.999;1.00E-06;0.03071644;-0.226638405;504;0.74
relu;(100, 50, 25);0.3;0.001;l2;0.01;32;0.8;0.999;1.00E-06;0.03071844;-0.226718263;506;0.39
relu;(50, 50, 50);0.3;0.001;l1;0.0001;64;0.9;0.99;1.00E-08;0.030722345;-0.226874223;504;0.8
relu;(50, 50, 50);0;0.001;none;0.0001;64;0.8;0.999;1.00E-08;0.030727443;-0.227077819;504;0.41
relu;(100, 50, 25);0;0.001;l1;1.00E-05;32;0.9;0.9;1.00E-08;0.030740658;-0.227605554;506;0.73
relu;(50, 50, 50);0.3;0.001;none;1.00E-05;64;0.8;0.999;1.00E-06;0.030763928;-0.228534821;504;0.65
relu;(100, 100, 100, 50);0.1;0.01;l1;0.0001;16;0.99;0.9;1.00E-06;0.030777602;-0.229080872;506;1.88
relu;(100, 100, 100, 50);0;0.03;none;0.01;32;0.99;0.9;1.00E-06;0.030806399;-0.230230869;506;1.3
relu;(50, 50, 50);0.3;0.01;none;0.01;64;0.99;0.999;1.00E-08;0.030810071;-0.230377514;504;0.93
relu;(50, 50, 50);0;0.001;l2;0.0001;16;0.8;0.99;1.00E-08;0.030838034;-0.231494174;506;0.3
relu;(50, 50, 50);0.3;0.01;none;1.00E-05;16;0.9;0.999;1.00E-06;0.030843686;-0.231719872;506;0.47
relu;(100, 100, 100, 50);0;0.001;none;1.00E-05;64;0.8;0.9;1.00E-08;0.03085176;-0.232042318;504;1.45
relu;(50, 50, 50);0;0.001;l1;1.00E-05;32;0.8;0.999;1.00E-08;0.030852047;-0.232053784;506;1.08
relu;(50, 50, 50);0.1;0.001;none;0.01;64;0.8;0.9;1.00E-06;0.030853304;-0.232103973;504;0.48
relu;(50, 50, 50);0;0.001;l2;0.0001;64;0.9;0.9;1.00E-08;0.03085412;-0.232136569;504;0.4
relu;(50, 50, 50);0.3;0.01;l2;1.00E-05;16;0.8;0.99;1.00E-08;0.030855219;-0.232180454;506;0.52
relu;(50, 50, 50);0;0.001;l2;0.0001;32;0.9;0.999;1.00E-06;0.030895688;-0.233796564;506;0.35
relu;(100, 50, 25);0.1;0.001;none;1.00E-05;16;0.8;0.99;1.00E-06;0.030901435;-0.234026054;506;0.36
relu;(50, 50, 50);0.3;0.03;l1;0.0001;32;0.8;0.99;1.00E-06;0.030916333;-0.234621005;506;0.77
relu;(100, 100, 100, 50);0.3;0.01;none;0.01;64;0.9;0.99;1.00E-08;0.030917818;-0.234680277;504;0.96
relu;(50, 50, 50);0;0.01;l2;1.00E-05;64;0.9;0.99;1.00E-06;0.030932306;-0.235258882;504;0.5
relu;(50, 50, 50);0.1;0.001;none;0.01;16;0.9;0.999;1.00E-06;0.030934581;-0.23534973;506;0.4
relu;(100, 50, 25);0.1;0.001;l1;0.0001;64;0.9;0.9;1.00E-06;0.030943533;-0.235707225;504;1.29
relu;(100, 50, 25);0.3;0.001;none;1.00E-05;16;0.8;0.9;1.00E-08;0.030949733;-0.235954786;506;0.35
relu;(50, 50, 50);0.3;0.001;none;1.00E-05;32;0.8;0.99;1.00E-08;0.030951514;-0.236025922;506;0.69
relu;(50, 50, 50);0;0.01;none;1.00E-05;64;0.9;0.9;1.00E-06;0.030964112;-0.236529024;504;0.42
relu;(100, 100, 100, 50);0;0.001;none;0.0001;64;0.8;0.9;1.00E-08;0.03096486;-0.236558887;504;1.66
relu;(50, 50, 50);0;0.001;l2;1.00E-05;32;0.9;0.99;1.00E-06;0.030983527;-0.237304341;506;0.44
relu;(50, 50, 50);0.1;0.001;l2;1.00E-05;16;0.99;0.9;1.00E-08;0.030989732;-0.237552127;506;0.38
relu;(100, 50, 25);0;0.001;none;0.0001;16;0.8;0.99;1.00E-06;0.031021354;-0.238814941;506;1.23
relu;(100, 100, 100, 50);0.3;0.001;l2;0.0001;16;0.8;0.99;1.00E-08;0.031022133;-0.238846041;506;0.82
relu;(100, 50, 25);0.3;0.001;none;1.00E-05;16;0.8;0.99;1.00E-08;0.031030527;-0.239181263;506;0.34
relu;(50, 50, 50);0;0.01;l1;1.00E-05;64;0.8;0.99;1.00E-08;0.031042314;-0.239651968;504;0.43
relu;(100, 100, 100, 50);0.3;0.001;l1;0.0001;32;0.8;0.999;1.00E-06;0.031046173;-0.239806078;506;1
relu;(50, 50, 50);0.3;0.001;l2;0.0001;64;0.8;0.99;1.00E-08;0.031048636;-0.239904406;504;0.67
relu;(100, 100, 100, 50);0.1;0.001;none;0.0001;16;0.9;0.9;1.00E-08;0.031051377;-0.240013878;506;1.13
relu;(100, 50, 25);0.3;0.001;l1;0.0001;32;0.9;0.999;1.00E-06;0.031052984;-0.240078055;506;0.54
relu;(100, 100, 100, 50);0.1;0.01;l1;1.00E-05;32;0.9;0.99;1.00E-06;0.031056983;-0.240237733;506;1.55
relu;(100, 100, 100, 50);0;0.001;none;1.00E-05;32;0.9;0.999;1.00E-08;0.031074209;-0.240925648;506;1.34
relu;(50, 50, 50);0;0.01;none;0.0001;32;0.8;0.999;1.00E-08;0.031080031;-0.241158143;506;0.33
relu;(50, 50, 50);0;0.001;l2;0.0001;64;0.8;0.999;1.00E-06;0.031086948;-0.241434395;504;0.41
relu;(100, 100, 100, 50);0.3;0.001;l1;0.0001;64;0.8;0.9;1.00E-08;0.031088929;-0.241513499;504;1.18
relu;(100, 100, 100, 50);0;0.001;none;0.01;32;0.8;0.99;1.00E-06;0.03111304;-0.242476343;506;1.27
relu;(100, 100, 100, 50);0.3;0.001;none;1.00E-05;32;0.99;0.999;1.00E-06;0.031123911;-0.242910484;506;0.75
relu;(100, 100, 100, 50);0.3;0.001;l2;0.0001;32;0.9;0.9;1.00E-08;0.031131562;-0.243215991;506;0.71
relu;(100, 100, 100, 50);0.3;0.001;l2;1.00E-05;32;0.8;0.9;1.00E-08;0.031138161;-0.243479531;506;1.13
relu;(50, 50, 50);0.3;0.001;none;0.01;64;0.8;0.99;1.00E-06;0.031156966;-0.244230502;504;0.86
relu;(50, 50, 50);0.3;0.01;l2;1.00E-05;64;0.9;0.99;1.00E-06;0.031161251;-0.244401628;504;0.77
relu;(100, 100, 100, 50);0.3;0.001;none;1.00E-05;32;0.99;0.9;1.00E-06;0.031165;-0.244551334;506;0.8
relu;(100, 50, 25);0.1;0.001;none;1.00E-05;64;0.99;0.999;1.00E-08;0.031169297;-0.244722907;504;0.43
relu;(100, 100, 100, 50);0.3;0.01;l1;0.0001;32;0.9;0.9;1.00E-06;0.031176356;-0.245004831;506;0.83
relu;(50, 50, 50);0;0.001;none;0.0001;16;0.8;0.99;1.00E-08;0.031190756;-0.245579862;506;0.34
relu;(50, 50, 50);0.3;0.001;none;1.00E-05;32;0.9;0.99;1.00E-08;0.031209112;-0.246312894;506;0.53
relu;(100, 100, 100, 50);0.3;0.001;l2;1.00E-05;64;0.8;0.99;1.00E-06;0.031218104;-0.246672001;504;1.26
relu;(100, 100, 100, 50);0;0.001;l2;0.0001;32;0.9;0.9;1.00E-06;0.031266493;-0.248604362;506;1
relu;(50, 50, 50);0.3;0.01;l2;0.01;64;0.8;0.9;1.00E-06;0.031287861;-0.24945771;504;0.64
relu;(50, 50, 50);0.3;0.001;l1;1.00E-05;32;0.9;0.9;1.00E-08;0.03129817;-0.249869382;506;0.7
relu;(100, 100, 100, 50);0.1;0.001;none;1.00E-05;64;0.9;0.99;1.00E-06;0.031298773;-0.249893446;504;1.8
relu;(100, 100, 100, 50);0.1;0.01;l1;0.0001;32;0.99;0.9;1.00E-06;0.031304853;-0.250136273;506;2.05
relu;(100, 100, 100, 50);0.1;0.03;l1;1.00E-05;16;0.99;0.9;1.00E-08;0.031315777;-0.250572498;506;1.77
relu;(50, 50, 50);0;0.001;l1;1.00E-05;16;0.8;0.9;1.00E-08;0.031325545;-0.250962576;506;0.97
relu;(100, 100, 100, 50);0;0.001;none;0.01;16;0.9;0.99;1.00E-08;0.031339498;-0.251519781;506;1.31
relu;(50, 50, 50);0.3;0.01;l2;0.0001;16;0.8;0.999;1.00E-08;0.031351802;-0.252011116;506;0.62
relu;(100, 100, 100, 50);0.1;0.001;l2;0.0001;64;0.8;0.999;1.00E-08;0.03135652;-0.252199531;504;1.92
relu;(50, 50, 50);0.3;0.001;none;1.00E-05;32;0.99;0.99;1.00E-06;0.03136896;-0.252696339;506;0.64
relu;(100, 100, 100, 50);0.3;0.001;l1;0.0001;32;0.8;0.999;1.00E-08;0.031378048;-0.25305924;506;1.25
relu;(100, 100, 100, 50);0.1;0.001;none;0.01;16;0.9;0.999;1.00E-06;0.031378575;-0.253080275;506;1.41
relu;(50, 50, 50);0.3;0.001;none;0.0001;16;0.9;0.99;1.00E-06;0.031379169;-0.253104004;506;0.56
relu;(50, 50, 50);0.1;0.03;l2;0.0001;16;0.99;0.9;1.00E-08;0.031386376;-0.253391812;506;0.6
relu;(50, 50, 50);0;0.001;none;0.01;32;0.9;0.99;1.00E-06;0.031399577;-0.253918978;506;0.98
relu;(100, 50, 25);0.3;0.001;l2;0.0001;64;0.9;0.999;1.00E-06;0.031405106;-0.25413979;504;0.5
relu;(100, 100, 100, 50);0.1;0.001;l2;1.00E-05;16;0.8;0.999;1.00E-08;0.031413325;-0.254468002;506;1.44
relu;(50, 50, 50);0.3;0.001;none;0.0001;64;0.9;0.999;1.00E-08;0.031419483;-0.25471392;504;0.93
relu;(100, 100, 100, 50);0.3;0.001;none;1.00E-05;32;0.9;0.9;1.00E-06;0.031419565;-0.254717174;506;0.72
relu;(100, 100, 100, 50);0.3;0.001;l2;0.0001;64;0.99;0.99;1.00E-06;0.031421999;-0.254814396;504;0.93
relu;(100, 50, 25);0.3;0.001;none;1.00E-05;64;0.9;0.999;1.00E-06;0.031429508;-0.25511426;504;0.47
relu;(100, 50, 25);0.3;0.001;none;0.0001;16;0.9;0.999;1.00E-08;0.031438276;-0.255464395;506;0.46
relu;(100, 100, 100, 50);0.3;0.001;none;0.0001;16;0.9;0.99;1.00E-06;0.031447676;-0.25583977;506;0.9
relu;(100, 50, 25);0;0.001;none;1.00E-05;64;0.8;0.9;1.00E-08;0.031466978;-0.256610595;504;1.67
relu;(100, 50, 25);0;0.01;none;0.0001;64;0.8;0.9;1.00E-08;0.031467335;-0.256624859;504;0.74
relu;(50, 50, 50);0;0.001;none;0.01;32;0.8;0.9;1.00E-08;0.031473288;-0.256862588;506;1.01
relu;(50, 50, 50);0.3;0.001;l2;0.0001;32;0.9;0.9;1.00E-08;0.031475731;-0.256960151;506;0.56
relu;(50, 50, 50);0.3;0.01;none;0.01;16;0.8;0.9;1.00E-06;0.031483096;-0.257254276;506;0.68
relu;(50, 50, 50);0.3;0.03;l1;0.0001;64;0.8;0.99;1.00E-06;0.031493983;-0.257689024;504;0.93
relu;(50, 50, 50);0.3;0.001;l2;1.00E-05;32;0.9;0.9;1.00E-08;0.031496933;-0.25780683;506;0.75
relu;(100, 100, 100, 50);0;0.001;none;0.0001;32;0.8;0.9;1.00E-06;0.031501197;-0.257977115;506;1.04
relu;(50, 50, 50);0.3;0.001;l2;0.0001;16;0.8;0.9;1.00E-06;0.031502299;-0.258021101;506;0.4
relu;(100, 100, 100, 50);0.1;0.001;l2;0.0001;64;0.8;0.99;1.00E-08;0.031503416;-0.258065738;504;1.91
relu;(100, 50, 25);0.3;0.03;l2;0.0001;32;0.99;0.9;1.00E-06;0.031510958;-0.258366915;506;1.18
relu;(50, 50, 50);0.1;0.03;none;0.0001;16;0.99;0.9;1.00E-08;0.031513394;-0.258464191;506;0.67
relu;(100, 50, 25);0.3;0.001;l2;0.0001;64;0.8;0.99;1.00E-08;0.031533676;-0.259274119;504;0.65
relu;(100, 100, 100, 50);0.3;0.001;none;0.01;16;0.9;0.99;1.00E-06;0.031535948;-0.25936485;506;0.81
relu;(50, 50, 50);0.3;0.01;none;0.01;64;0.8;0.999;1.00E-08;0.031542105;-0.259610736;504;0.81
relu;(100, 50, 25);0.3;0.001;none;1.00E-05;64;0.9;0.999;1.00E-08;0.031553896;-0.260081596;504;0.48
relu;(50, 50, 50);0.3;0.03;l1;0.01;64;0.99;0.999;1.00E-08;0.031554188;-0.260093275;504;1.37
relu;(100, 100, 100, 50);0.3;0.001;l2;0.0001;16;0.99;0.99;1.00E-08;0.031562539;-0.26042675;506;0.68
relu;(100, 100, 100, 50);0.1;0.01;l1;1.00E-05;32;0.99;0.999;1.00E-08;0.031563759;-0.260475456;506;1.69
relu;(100, 100, 100, 50);0.3;0.001;l2;1.00E-05;64;0.99;0.99;1.00E-06;0.031569043;-0.260686494;504;0.95
relu;(50, 50, 50);0;0.001;none;0.0001;16;0.9;0.99;1.00E-08;0.031570656;-0.260750904;506;0.34
relu;(100, 100, 100, 50);0;0.001;none;0.0001;64;0.9;0.9;1.00E-06;0.031575813;-0.260956851;504;1.59
relu;(50, 50, 50);0.3;0.001;l2;1.00E-05;64;0.8;0.99;1.00E-06;0.031577933;-0.261041508;504;0.63
relu;(100, 50, 25);0.3;0.01;l1;1.00E-05;64;0.9;0.99;1.00E-08;0.031585479;-0.261342857;504;0.55
relu;(100, 100, 100, 50);0.3;0.01;none;0.0001;16;0.9;0.9;1.00E-06;0.031586663;-0.261390124;506;0.62
relu;(50, 50, 50);0.3;0.01;l2;0.0001;32;0.99;0.99;1.00E-08;0.031600983;-0.261961977;506;0.58
relu;(50, 50, 50);0;0.001;none;0.0001;64;0.9;0.999;1.00E-06;0.03160424;-0.262092072;504;0.36
relu;(50, 50, 50);0.1;0.001;none;0.01;64;0.8;0.999;1.00E-06;0.031617922;-0.262638434;504;0.46
relu;(100, 50, 25);0;0.01;l1;0.0001;16;0.99;0.9;1.00E-06;0.031626877;-0.262996059;506;0.33
relu;(100, 100, 100, 50);0.1;0.001;l2;0.0001;16;0.8;0.9;1.00E-06;0.031629366;-0.263095442;506;1.39
relu;(50, 50, 50);0;0.001;none;0.01;16;0.8;0.999;1.00E-08;0.031630778;-0.263151842;506;1.11
relu;(100, 100, 100, 50);0.3;0.001;none;0.0001;16;0.99;0.999;1.00E-06;0.031662504;-0.264418792;506;1.03
relu;(100, 50, 25);0.3;0.001;l1;0.0001;32;0.99;0.9;1.00E-08;0.031673957;-0.264876135;506;0.63
relu;(100, 100, 100, 50);0.3;0.01;l2;0.01;32;0.8;0.9;1.00E-06;0.031678526;-0.265058595;506;0.94
relu;(100, 100, 100, 50);0.3;0.01;l1;1.00E-05;16;0.9;0.999;1.00E-08;0.031688441;-0.265454538;506;0.96
relu;(50, 50, 50);0;0.001;l1;1.00E-05;32;0.8;0.99;1.00E-08;0.031705052;-0.26611792;506;1.25
relu;(100, 50, 25);0;0.001;l1;1.00E-05;32;0.8;0.999;1.00E-06;0.03170645;-0.266173731;506;0.72
relu;(100, 50, 25);0.3;0.001;l2;0.01;32;0.8;0.9;1.00E-08;0.031722723;-0.266823571;506;0.44
relu;(100, 50, 25);0.3;0.001;none;1.00E-05;64;0.8;0.9;1.00E-06;0.031725566;-0.266937135;504;0.47
relu;(50, 50, 50);0.3;0.001;l2;0.0001;64;0.9;0.99;1.00E-06;0.031748917;-0.26786963;504;0.78
relu;(100, 100, 100, 50);0.3;0.001;l2;0.01;16;0.8;0.99;1.00E-06;0.03174937;-0.267887723;506;1.01
relu;(100, 50, 25);0.3;0.001;l1;0.0001;32;0.8;0.999;1.00E-08;0.031756022;-0.268153353;506;0.44
relu;(100, 50, 25);0.3;0.001;none;0.01;16;0.9;0.9;1.00E-06;0.031780412;-0.269127344;506;0.37
relu;(50, 50, 50);0.3;0.001;l1;0.0001;32;0.99;0.99;1.00E-06;0.031783483;-0.269249994;506;0.79
relu;(100, 100, 100, 50);0.3;0.001;l1;1.00E-05;32;0.99;0.9;1.00E-06;0.031786255;-0.269360691;506;0.95
relu;(50, 50, 50);0.3;0.001;l1;1.00E-05;16;0.9;0.999;1.00E-08;0.031827366;-0.27100244;506;0.78
relu;(50, 50, 50);0.3;0.01;none;0.01;16;0.99;0.9;1.00E-08;0.031847517;-0.27180716;506;0.65
relu;(50, 50, 50);0.3;0.001;none;0.0001;32;0.9;0.999;1.00E-06;0.03184956;-0.271888729;506;0.84
relu;(50, 50, 50);0.1;0.001;none;1.00E-05;16;0.9;0.9;1.00E-06;0.031866707;-0.272573477;506;0.95
relu;(100, 100, 100, 50);0.3;0.03;none;0.01;64;0.8;0.9;1.00E-08;0.031888351;-0.273437803;504;2.13
relu;(100, 50, 25);0.1;0.001;l2;0.0001;32;0.99;0.9;1.00E-06;0.031911788;-0.274373746;506;0.87
relu;(100, 50, 25);0.3;0.001;l1;1.00E-05;16;0.9;0.999;1.00E-08;0.031917102;-0.274585947;506;0.4
relu;(50, 50, 50);0;0.001;none;0.01;32;0.8;0.99;1.00E-06;0.031920588;-0.274725195;506;1.14
relu;(100, 100, 100, 50);0.3;0.001;l1;1.00E-05;64;0.99;0.999;1.00E-08;0.031940039;-0.275501956;504;1.32
relu;(100, 100, 100, 50);0.3;0.001;l2;1.00E-05;16;0.99;0.9;1.00E-08;0.031943127;-0.275625263;506;0.83
relu;(100, 50, 25);0.3;0.001;l2;0.01;32;0.9;0.99;1.00E-08;0.031991676;-0.277564029;506;0.37
relu;(50, 50, 50);0.3;0.001;l2;1.00E-05;64;0.8;0.9;1.00E-08;0.032001475;-0.277955333;504;0.95
relu;(50, 50, 50);0;0.001;l1;1.00E-05;32;0.8;0.99;1.00E-06;0.032050728;-0.279922229;506;1.11
relu;(50, 50, 50);0.3;0.001;l1;1.00E-05;64;0.99;0.999;1.00E-06;0.032055677;-0.280119857;504;0.88
relu;(100, 50, 25);0.1;0.001;none;1.00E-05;32;0.99;0.99;1.00E-06;0.032064449;-0.280470149;506;0.39
relu;(100, 50, 25);0.3;0.001;none;1.00E-05;64;0.8;0.99;1.00E-08;0.032072962;-0.280810138;504;0.48
relu;(100, 100, 100, 50);0.1;0.001;l2;0.0001;16;0.8;0.999;1.00E-06;0.032092488;-0.281589895;506;1.38
relu;(50, 50, 50);0.3;0.03;none;0.01;64;0.9;0.999;1.00E-08;0.0321078;-0.282201369;504;0.66
relu;(100, 100, 100, 50);0.3;0.001;none;0.01;64;0.99;0.99;1.00E-08;0.032111871;-0.282363911;504;1.02
relu;(100, 50, 25);0.3;0.01;l1;0.0001;32;0.8;0.999;1.00E-08;0.032115004;-0.282489044;506;0.45
relu;(100, 100, 100, 50);0.3;0.001;l2;0.0001;64;0.9;0.999;1.00E-08;0.032130623;-0.283112786;504;1.01
relu;(100, 100, 100, 50);0.3;0.001;l2;0.0001;64;0.9;0.9;1.00E-08;0.032134925;-0.283284553;504;0.95
relu;(100, 50, 25);0.3;0.001;l2;1.00E-05;32;0.99;0.999;1.00E-08;0.032140263;-0.283497739;506;0.4
relu;(50, 50, 50);0.1;0.03;l2;0.0001;64;0.8;0.99;1.00E-08;0.032149892;-0.283882276;504;0.72
relu;(50, 50, 50);0.3;0.01;l1;1.00E-05;16;0.8;0.9;1.00E-06;0.032150994;-0.283926264;506;0.79
relu;(50, 50, 50);0.3;0.03;none;1.00E-05;16;0.99;0.9;1.00E-08;0.032170753;-0.284715338;506;0.66
relu;(50, 50, 50);0;0.001;none;1.00E-05;32;0.8;0.999;1.00E-08;0.03217217;-0.284771938;506;0.38
relu;(50, 50, 50);0.1;0.001;none;1.00E-05;16;0.8;0.999;1.00E-08;0.032192915;-0.28560034;506;0.95
relu;(50, 50, 50);0.3;0.001;none;0.0001;32;0.99;0.999;1.00E-06;0.032204473;-0.286061922;506;0.49
relu;(100, 50, 25);0.3;0.001;none;0.01;16;0.99;0.999;1.00E-08;0.032265666;-0.288505595;506;0.37
relu;(50, 50, 50);0.3;0.001;l1;1.00E-05;16;0.9;0.9;1.00E-06;0.032270306;-0.288690891;506;0.7
relu;(50, 50, 50);0.3;0.01;none;1.00E-05;32;0.8;0.9;1.00E-08;0.032295562;-0.289699473;506;0.59
relu;(50, 50, 50);0.1;0.001;l1;1.00E-05;32;0.8;0.999;1.00E-08;0.032317841;-0.290589189;506;0.44
relu;(50, 50, 50);0.1;0.001;l1;1.00E-05;16;0.99;0.999;1.00E-06;0.032324148;-0.29084103;506;0.42
relu;(100, 100, 100, 50);0.1;0.03;l1;0.0001;64;0.9;0.999;1.00E-06;0.032334418;-0.291251191;504;2.27
relu;(100, 100, 100, 50);0.3;0.001;l2;0.01;16;0.9;0.999;1.00E-08;0.032347153;-0.291759721;506;0.6
relu;(100, 50, 25);0;0.001;l1;1.00E-05;16;0.8;0.99;1.00E-06;0.032356186;-0.292120481;506;0.77
relu;(50, 50, 50);0.3;0.001;l2;1.00E-05;32;0.8;0.999;1.00E-06;0.032380605;-0.293095628;506;0.57
relu;(50, 50, 50);0.3;0.001;l1;1.00E-05;16;0.8;0.99;1.00E-06;0.0323894;-0.293446847;506;0.75
relu;(100, 100, 100, 50);0.1;0.001;none;0.0001;16;0.9;0.999;1.00E-08;0.0324009;-0.29390608;506;1.19
relu;(100, 100, 100, 50);0.3;0.001;l1;1.00E-05;32;0.99;0.999;1.00E-08;0.032410698;-0.294297379;506;0.97
relu;(100, 50, 25);0.3;0.001;none;1.00E-05;32;0.99;0.999;1.00E-08;0.032435683;-0.295295111;506;0.4
relu;(100, 50, 25);0.3;0.001;l1;1.00E-05;64;0.99;0.999;1.00E-06;0.032459446;-0.296244057;504;0.57
relu;(50, 50, 50);0.3;0.001;l1;0.0001;16;0.8;0.9;1.00E-06;0.032476779;-0.296936255;506;0.83
relu;(50, 50, 50);0;0.001;l1;0.0001;32;0.9;0.99;1.00E-06;0.032481499;-0.297124744;506;1.18
relu;(100, 50, 25);0.3;0.001;none;1.00E-05;64;0.9;0.99;1.00E-08;0.032497539;-0.297765295;504;0.52
relu;(50, 50, 50);0.3;0.01;none;1.00E-05;32;0.9;0.999;1.00E-06;0.032518692;-0.298610021;506;0.68
relu;(50, 50, 50);0;0.03;none;1.00E-05;32;0.99;0.9;1.00E-08;0.032531359;-0.299115855;506;0.36
relu;(50, 50, 50);0.3;0.001;none;0.01;64;0.8;0.999;1.00E-08;0.03253712;-0.299345924;504;0.88
relu;(100, 50, 25);0.3;0.001;none;1.00E-05;64;0.9;0.99;1.00E-06;0.032551073;-0.299903126;504;0.49
relu;(100, 50, 25);0.3;0.001;l2;0.01;16;0.8;0.999;1.00E-08;0.03255485;-0.300053945;506;0.34
relu;(100, 100, 100, 50);0.3;0.001;l2;0.0001;64;0.8;0.9;1.00E-06;0.032558892;-0.300215397;504;0.96
relu;(100, 100, 100, 50);0.1;0.001;none;0.01;64;0.99;0.9;1.00E-08;0.032566848;-0.300533081;504;1.96
relu;(50, 50, 50);0.3;0.01;none;1.00E-05;16;0.9;0.9;1.00E-06;0.032587517;-0.301358508;506;0.66
relu;(50, 50, 50);0.3;0.01;l1;1.00E-05;64;0.8;0.999;1.00E-06;0.032591066;-0.301500234;504;0.86
relu;(50, 50, 50);0.3;0.001;l2;0.0001;64;0.99;0.9;1.00E-06;0.032592368;-0.301552199;504;0.61
relu;(50, 50, 50);0.3;0.001;none;1.00E-05;16;0.8;0.999;1.00E-08;0.032628476;-0.302994153;506;0.66
relu;(100, 100, 100, 50);0;0.001;l2;1.00E-05;64;0.9;0.999;1.00E-06;0.032630504;-0.303075141;504;1.58
relu;(100, 50, 25);0.3;0.001;none;0.0001;64;0.8;0.999;1.00E-06;0.032631312;-0.303107405;504;0.57
relu;(100, 50, 25);0.1;0.001;none;0.0001;32;0.99;0.9;1.00E-06;0.032645569;-0.303676767;506;0.41
relu;(50, 50, 50);0;0.001;l1;1.00E-05;64;0.8;0.99;1.00E-08;0.032660216;-0.304261691;504;1.58
relu;(50, 50, 50);0.3;0.001;l2;1.00E-05;32;0.9;0.999;1.00E-08;0.032663942;-0.304410473;506;0.52
relu;(100, 50, 25);0.3;0.001;none;0.01;32;0.9;0.99;1.00E-08;0.032668965;-0.304611058;506;0.39
relu;(50, 50, 50);0.3;0.03;l2;1.00E-05;64;0.8;0.99;1.00E-08;0.032678974;-0.30501076;504;1.18
relu;(100, 100, 100, 50);0;0.001;none;0.01;32;0.9;0.99;1.00E-06;0.032693929;-0.305607999;506;1.34
relu;(50, 50, 50);0;0.001;l2;0.0001;64;0.9;0.99;1.00E-08;0.032706824;-0.306122945;504;0.43
relu;(100, 100, 100, 50);0.1;0.001;none;0.0001;64;0.9;0.999;1.00E-08;0.032711358;-0.306303995;504;1.83
relu;(50, 50, 50);0.3;0.001;none;0.01;32;0.9;0.9;1.00E-08;0.032727826;-0.306961644;506;0.69
relu;(100, 100, 100, 50);0.3;0.001;l1;1.00E-05;32;0.99;0.99;1.00E-06;0.032753095;-0.307970729;506;0.97
relu;(100, 50, 25);0;0.001;none;1.00E-05;32;0.8;0.99;1.00E-08;0.032760451;-0.308264494;506;1.46
relu;(50, 50, 50);0.3;0.001;l1;1.00E-05;32;0.99;0.99;1.00E-06;0.032769232;-0.308615136;506;0.81
relu;(100, 100, 100, 50);0.3;0.001;l2;1.00E-05;32;0.9;0.999;1.00E-08;0.032773641;-0.308791234;506;0.9
relu;(100, 50, 25);0.3;0.001;none;0.01;16;0.8;0.99;1.00E-08;0.032782402;-0.30914107;506;0.45
relu;(50, 50, 50);0;0.001;none;0.01;64;0.8;0.999;1.00E-08;0.032784012;-0.309205364;504;1.04
relu;(50, 50, 50);0.3;0.001;l1;1.00E-05;16;0.99;0.9;1.00E-06;0.032784704;-0.309233012;506;0.75
relu;(100, 100, 100, 50);0.1;0.001;l1;0.0001;32;0.9;0.999;1.00E-08;0.032797792;-0.309755691;506;1.76
relu;(50, 50, 50);0;0.001;none;1.00E-05;64;0.8;0.999;1.00E-06;0.032814521;-0.310423715;504;0.38
relu;(50, 50, 50);0.3;0.001;l2;1.00E-05;32;0.9;0.99;1.00E-08;0.032820317;-0.310655194;506;0.74
relu;(100, 100, 100, 50);0.3;0.001;l1;1.00E-05;64;0.9;0.999;1.00E-06;0.032822173;-0.310729314;504;1.14
relu;(50, 50, 50);0.3;0.001;l1;1.00E-05;16;0.8;0.9;1.00E-06;0.032827868;-0.310956736;506;0.57
relu;(100, 50, 25);0.3;0.001;l2;1.00E-05;64;0.99;0.9;1.00E-06;0.032829498;-0.311021836;504;0.53
relu;(100, 100, 100, 50);0.3;0.01;l2;0.0001;32;0.8;0.99;1.00E-06;0.032832547;-0.311143595;506;0.8
relu;(100, 50, 25);0;0.001;none;1.00E-05;64;0.9;0.99;1.00E-08;0.032855793;-0.312071894;504;1.99
relu;(100, 50, 25);0.3;0.001;none;0.0001;16;0.9;0.999;1.00E-06;0.032861121;-0.312284688;506;0.42
relu;(100, 50, 25);0.1;0.001;l1;0.0001;64;0.8;0.999;1.00E-06;0.032862473;-0.312338668;504;1.2
relu;(100, 100, 100, 50);0.1;0.03;l2;1.00E-05;64;0.99;0.999;1.00E-08;0.03289009;-0.313441524;504;1.16
relu;(100, 100, 100, 50);0.3;0.001;l1;1.00E-05;32;0.99;0.99;1.00E-08;0.032922407;-0.314732083;506;0.83
relu;(100, 50, 25);0.3;0.001;none;0.01;32;0.99;0.99;1.00E-08;0.032944563;-0.315616853;506;0.41
relu;(50, 50, 50);0.3;0.01;l1;1.00E-05;32;0.9;0.99;1.00E-06;0.032949979;-0.315833152;506;0.84
relu;(100, 50, 25);0.1;0.001;l2;0.0001;64;0.99;0.99;1.00E-06;0.03297806;-0.316954556;504;0.98
relu;(50, 50, 50);0.3;0.001;l2;0.0001;32;0.9;0.999;1.00E-08;0.032987032;-0.317312833;506;0.65
relu;(100, 100, 100, 50);0;0.001;l2;1.00E-05;64;0.8;0.99;1.00E-06;0.032992428;-0.317528336;504;1.51
relu;(50, 50, 50);0.3;0.001;l1;1.00E-05;16;0.99;0.9;1.00E-08;0.03299891;-0.317787187;506;0.75
relu;(50, 50, 50);0.3;0.001;l2;0.0001;16;0.9;0.9;1.00E-06;0.033000606;-0.317854885;506;0.48
relu;(100, 100, 100, 50);0.1;0.001;none;0.0001;64;0.8;0.99;1.00E-08;0.033001072;-0.317873527;504;1.58
relu;(50, 50, 50);0.3;0.001;l1;1.00E-05;64;0.99;0.9;1.00E-06;0.033019832;-0.318622682;504;0.76
relu;(50, 50, 50);0.3;0.001;l2;1.00E-05;16;0.99;0.9;1.00E-06;0.033061643;-0.320292379;506;0.47
relu;(100, 50, 25);0;0.001;none;0.01;64;0.8;0.99;1.00E-08;0.033064429;-0.32040361;504;0.87
relu;(50, 50, 50);0.1;0.03;l2;0.0001;64;0.99;0.9;1.00E-06;0.033076717;-0.320894338;504;0.8
relu;(100, 100, 100, 50);0.3;0.001;none;0.0001;32;0.9;0.99;1.00E-06;0.033078661;-0.320971965;506;0.8
relu;(100, 100, 100, 50);0.3;0.001;none;0.0001;16;0.9;0.9;1.00E-06;0.03308509;-0.321228697;506;0.59
relu;(50, 50, 50);0.3;0.001;none;0.01;32;0.99;0.999;1.00E-08;0.033127085;-0.322905752;506;0.45
relu;(100, 100, 100, 50);0.3;0.001;l1;0.0001;32;0.9;0.999;1.00E-06;0.033148187;-0.323748422;506;1.03
relu;(100, 100, 100, 50);0.1;0.001;none;1.00E-05;64;0.9;0.999;1.00E-08;0.033151806;-0.32389298;504;1.76
relu;(100, 100, 100, 50);0.3;0.01;l1;1.00E-05;64;0.8;0.99;1.00E-08;0.033174828;-0.324812342;504;1.11
relu;(50, 50, 50);0.3;0.001;l2;0.01;32;0.9;0.999;1.00E-06;0.033189436;-0.325395677;506;0.69
relu;(100, 50, 25);0;0.001;l2;1.00E-05;16;0.8;0.999;1.00E-06;0.033203144;-0.325943104;506;0.76
relu;(100, 100, 100, 50);0;0.001;none;1.00E-05;16;0.8;0.999;1.00E-06;0.033203218;-0.325946081;506;1.35
relu;(50, 50, 50);0;0.01;none;1.00E-05;64;0.9;0.99;1.00E-06;0.033212528;-0.326317841;504;0.36
relu;(50, 50, 50);0;0.001;none;0.0001;16;0.8;0.999;1.00E-08;0.03322381;-0.326768404;506;0.34
relu;(100, 50, 25);0.3;0.001;none;1.00E-05;32;0.9;0.99;1.00E-06;0.033242031;-0.327496029;506;0.39
relu;(50, 50, 50);0.3;0.001;l2;1.00E-05;64;0.99;0.9;1.00E-08;0.033254711;-0.328002405;504;0.8
relu;(100, 50, 25);0;0.001;none;0.01;32;0.9;0.99;1.00E-08;0.033280372;-0.329027131;506;0.93
relu;(50, 50, 50);0;0.001;none;0.01;64;0.8;0.999;1.00E-06;0.033282715;-0.32912071;504;1.04
relu;(100, 50, 25);0.3;0.001;l1;1.00E-05;64;0.8;0.9;1.00E-06;0.03329246;-0.329509895;504;0.51
relu;(50, 50, 50);0.3;0.001;none;0.0001;32;0.99;0.999;1.00E-08;0.033295333;-0.329624604;506;0.53
relu;(100, 100, 100, 50);0.3;0.001;none;0.01;16;0.8;0.999;1.00E-08;0.033298754;-0.329761238;506;0.65
relu;(100, 100, 100, 50);0.3;0.001;none;0.0001;16;0.9;0.999;1.00E-06;0.033321819;-0.330682293;506;0.67
relu;(100, 50, 25);0.3;0.001;none;0.0001;16;0.99;0.9;1.00E-06;0.033325804;-0.330841427;506;0.41
relu;(100, 100, 100, 50);0.1;0.001;l1;1.00E-05;16;0.9;0.9;1.00E-06;0.033328256;-0.330939364;506;1.77
relu;(100, 50, 25);0.3;0.01;none;0.0001;64;0.99;0.9;1.00E-06;0.033368751;-0.3325565;504;0.84
relu;(50, 50, 50);0.1;0.03;l1;1.00E-05;64;0.8;0.999;1.00E-06;0.033371628;-0.332671407;504;1.03
relu;(100, 50, 25);0.3;0.001;none;0.0001;32;0.9;0.999;1.00E-06;0.033384826;-0.33319846;506;0.48
relu;(50, 50, 50);0.3;0.001;none;0.0001;64;0.9;0.99;1.00E-08;0.033406904;-0.334080112;504;0.6
relu;(100, 50, 25);0;0.001;none;0.01;16;0.8;0.999;1.00E-08;0.033409556;-0.334186016;506;1.32
relu;(50, 50, 50);0.3;0.001;l1;0.0001;64;0.8;0.99;1.00E-08;0.033409754;-0.334193932;504;0.88
relu;(50, 50, 50);0.3;0.001;none;0.0001;16;0.99;0.99;1.00E-08;0.033422885;-0.334718303;506;0.67
relu;(100, 100, 100, 50);0;0.001;l1;1.00E-05;64;0.8;0.999;1.00E-08;0.033429702;-0.334990537;504;1.5
relu;(100, 100, 100, 50);0;0.001;l1;1.00E-05;16;0.9;0.999;1.00E-08;0.03343075;-0.335032376;506;1.33
relu;(50, 50, 50);0.3;0.001;none;0.0001;32;0.99;0.9;1.00E-06;0.03345555;-0.336022752;506;0.55
relu;(100, 100, 100, 50);0.3;0.01;none;1.00E-05;64;0.8;0.99;1.00E-08;0.033496724;-0.337666998;504;1.33
relu;(100, 50, 25);0.1;0.03;l2;1.00E-05;32;0.99;0.9;1.00E-08;0.033506456;-0.338055637;506;0.8
relu;(50, 50, 50);0.3;0.001;none;0.01;64;0.99;0.999;1.00E-06;0.033521247;-0.338646298;504;0.81
relu;(100, 100, 100, 50);0.3;0.001;l1;0.0001;16;0.9;0.9;1.00E-08;0.033527051;-0.338878094;506;1.31
relu;(50, 50, 50);0.3;0.001;l2;0.0001;64;0.8;0.9;1.00E-08;0.033540364;-0.339409731;504;0.69
relu;(100, 50, 25);0.3;0.001;l1;1.00E-05;64;0.8;0.99;1.00E-08;0.033544202;-0.339562987;504;0.55
relu;(100, 100, 100, 50);0;0.001;none;0.0001;16;0.8;0.999;1.00E-06;0.033559092;-0.34015761;506;1.06
relu;(50, 50, 50);0.3;0.03;none;0.01;32;0.99;0.9;1.00E-08;0.033563778;-0.34034478;506;0.45
relu;(100, 50, 25);0.1;0.03;none;1.00E-05;16;0.99;0.9;1.00E-06;0.033569272;-0.34056414;506;1.03
relu;(50, 50, 50);0.3;0.01;none;0.01;32;0.9;0.999;1.00E-06;0.03361595;-0.342428213;506;0.64
relu;(50, 50, 50);0.3;0.001;l1;1.00E-05;32;0.9;0.99;1.00E-06;0.033623659;-0.342736077;506;0.72
relu;(100, 100, 100, 50);0;0.001;none;1.00E-05;64;0.9;0.99;1.00E-08;0.033647594;-0.343691876;504;1.28
relu;(50, 50, 50);0.3;0.001;l2;0.0001;16;0.9;0.99;1.00E-06;0.033663663;-0.344333582;506;0.55
relu;(50, 50, 50);0.3;0.001;l1;0.0001;64;0.9;0.9;1.00E-06;0.033670864;-0.344621157;504;0.72
relu;(100, 100, 100, 50);0.3;0.001;l2;0.0001;64;0.8;0.999;1.00E-06;0.033671944;-0.34466429;504;0.98
relu;(100, 100, 100, 50);0.3;0.001;l2;1.00E-05;32;0.9;0.99;1.00E-08;0.033682936;-0.345103253;506;0.96
relu;(100, 50, 25);0.3;0.001;none;0.01;16;0.9;0.999;1.00E-06;0.033713847;-0.34633764;506;0.36
relu;(50, 50, 50);0.1;0.001;none;1.00E-05;16;0.99;0.999;1.00E-08;0.033729812;-0.346975218;506;0.37
relu;(100, 100, 100, 50);0.3;0.001;none;0.0001;64;0.99;0.999;1.00E-08;0.033754614;-0.347965666;504;0.95
relu;(50, 50, 50);0.3;0.001;l1;0.0001;16;0.99;0.999;1.00E-08;0.033766973;-0.348459201;506;0.7
relu;(50, 50, 50);0.3;0.001;none;1.00E-05;32;0.9;0.999;1.00E-08;0.033766994;-0.348460055;506;0.47
relu;(50, 50, 50);0.3;0.01;none;1.00E-05;64;0.8;0.999;1.00E-06;0.033786873;-0.349253898;504;0.9
relu;(50, 50, 50);0.3;0.001;l2;0.0001;64;0.9;0.999;1.00E-08;0.033787593;-0.349282638;504;0.6
relu;(100, 50, 25);0.3;0.001;l2;1.00E-05;64;0.8;0.99;1.00E-08;0.033790626;-0.349403771;504;0.5
relu;(100, 100, 100, 50);0.3;0.03;l1;0.0001;16;0.99;0.999;1.00E-08;0.03381903;-0.350538053;506;1.1
relu;(100, 50, 25);0.3;0.03;l1;0.0001;16;0.99;0.9;1.00E-08;0.033823113;-0.350701132;506;1.25
relu;(50, 50, 50);0.3;0.001;l1;0.0001;32;0.99;0.9;1.00E-06;0.0338378;-0.351287626;506;0.86
relu;(50, 50, 50);0.3;0.001;l2;0.01;16;0.8;0.999;1.00E-06;0.033842449;-0.351473273;506;0.45
relu;(50, 50, 50);0;0.03;l1;1.00E-05;32;0.99;0.9;1.00E-08;0.033859184;-0.352141591;506;0.36
relu;(100, 100, 100, 50);0.3;0.001;none;0.0001;16;0.99;0.999;1.00E-08;0.033880215;-0.352981424;506;0.89
relu;(50, 50, 50);0.3;0.001;l2;0.0001;64;0.9;0.9;1.00E-08;0.033915261;-0.354380961;504;0.76
relu;(50, 50, 50);0.3;0.001;none;0.0001;64;0.8;0.999;1.00E-08;0.033925242;-0.354779572;504;0.77
relu;(100, 50, 25);0.3;0.001;l1;1.00E-05;32;0.99;0.99;1.00E-08;0.033944799;-0.355560537;506;0.42
relu;(50, 50, 50);0.3;0.001;none;0.01;16;0.9;0.9;1.00E-06;0.03395521;-0.355976302;506;0.62
relu;(100, 50, 25);0;0.001;none;1.00E-05;32;0.8;0.99;1.00E-06;0.033969395;-0.356542789;506;1.43
relu;(100, 100, 100, 50);0;0.001;l2;0.0001;32;0.8;0.99;1.00E-06;0.033997221;-0.35765397;506;1.08
relu;(50, 50, 50);0.3;0.001;none;1.00E-05;64;0.99;0.999;1.00E-06;0.034008119;-0.358089203;504;0.68
relu;(100, 50, 25);0.3;0.001;l2;0.01;16;0.9;0.999;1.00E-06;0.034020992;-0.358603251;506;0.37
relu;(100, 50, 25);0.3;0.01;none;0.0001;64;0.99;0.9;1.00E-08;0.034037525;-0.359263479;504;0.55
relu;(50, 50, 50);0.3;0.01;none;0.0001;16;0.99;0.9;1.00E-08;0.034060545;-0.36018278;506;0.57
relu;(50, 50, 50);0.3;0.001;none;1.00E-05;32;0.8;0.99;1.00E-06;0.034072145;-0.360646005;506;0.68
relu;(50, 50, 50);0.1;0.01;l1;1.00E-05;16;0.99;0.9;1.00E-06;0.034086699;-0.361227222;506;0.5
relu;(100, 100, 100, 50);0.3;0.001;none;0.0001;32;0.9;0.9;1.00E-08;0.034113219;-0.362286283;506;0.94
relu;(100, 50, 25);0.3;0.001;l1;0.0001;64;0.8;0.999;1.00E-08;0.034120542;-0.362578725;504;0.56
relu;(50, 50, 50);0.3;0.001;l2;1.00E-05;16;0.99;0.9;1.00E-08;0.034123984;-0.362716154;506;0.57
relu;(50, 50, 50);0.3;0.03;none;0.0001;32;0.99;0.9;1.00E-08;0.034181762;-0.365023509;506;0.63
relu;(100, 100, 100, 50);0.1;0.001;l1;0.0001;64;0.99;0.999;1.00E-06;0.034186509;-0.365213044;504;2.05
relu;(100, 100, 100, 50);0.3;0.001;l1;0.0001;16;0.99;0.9;1.00E-08;0.034202818;-0.365864342;506;1.12
relu;(100, 50, 25);0.3;0.03;l1;1.00E-05;64;0.8;0.99;1.00E-08;0.034210515;-0.366171725;504;1.39
relu;(100, 50, 25);0.3;0.001;l1;0.0001;16;0.99;0.999;1.00E-06;0.034218856;-0.366504825;506;0.4
relu;(100, 100, 100, 50);0.3;0.001;l2;1.00E-05;32;0.99;0.99;1.00E-06;0.034231298;-0.367001684;506;0.94
relu;(50, 50, 50);0;0.001;none;1.00E-05;32;0.8;0.999;1.00E-06;0.034243853;-0.367503052;506;0.34
relu;(50, 50, 50);0.3;0.001;l2;0.0001;64;0.99;0.999;1.00E-06;0.03424972;-0.367737361;504;0.63
relu;(100, 100, 100, 50);0.3;0.001;l2;0.0001;64;0.99;0.9;1.00E-08;0.034255261;-0.367958628;504;0.96
relu;(50, 50, 50);0;0.001;l2;1.00E-05;16;0.9;0.99;1.00E-08;0.034278388;-0.368882167;506;0.34
relu;(50, 50, 50);0.3;0.001;none;0.0001;32;0.8;0.99;1.00E-06;0.034297044;-0.369627192;506;0.67
relu;(100, 100, 100, 50);0.3;0.001;l1;0.0001;64;0.99;0.9;1.00E-08;0.034329799;-0.370935232;504;1.11
relu;(100, 50, 25);0.3;0.001;l1;1.00E-05;64;0.99;0.99;1.00E-08;0.03433997;-0.371341407;504;0.54
relu;(100, 100, 100, 50);0.3;0.001;none;0.01;32;0.9;0.9;1.00E-06;0.034343214;-0.371470953;506;0.75
relu;(100, 100, 100, 50);0.3;0.001;l2;0.0001;64;0.9;0.9;1.00E-06;0.0343545;-0.371921656;504;1
relu;(100, 100, 100, 50);0.3;0.001;none;0.01;16;0.8;0.99;1.00E-06;0.034372353;-0.372634612;506;0.64
relu;(50, 50, 50);0;0.001;none;0.0001;32;0.8;0.99;1.00E-06;0.034392165;-0.373425791;506;0.31
relu;(100, 50, 25);0.1;0.001;none;0.0001;32;0.8;0.9;1.00E-06;0.034393444;-0.373476843;506;0.38
relu;(100, 100, 100, 50);0.3;0.001;l1;0.0001;32;0.99;0.9;1.00E-08;0.034422714;-0.374645744;506;0.89
relu;(100, 50, 25);0;0.001;l2;1.00E-05;16;0.8;0.99;1.00E-08;0.034431973;-0.375015506;506;0.73
relu;(100, 100, 100, 50);0.3;0.001;none;1.00E-05;16;0.99;0.9;1.00E-08;0.034435288;-0.375147864;506;0.97
relu;(50, 50, 50);0;0.01;none;0.01;32;0.8;0.99;1.00E-08;0.034449492;-0.375715087;506;0.32
relu;(50, 50, 50);0.3;0.001;none;0.0001;64;0.8;0.9;1.00E-06;0.034464169;-0.376301226;504;0.56
relu;(100, 100, 100, 50);0.3;0.001;l2;0.01;16;0.99;0.999;1.00E-06;0.0345289;-0.378886196;506;0.86
relu;(100, 50, 25);0.3;0.001;none;1.00E-05;16;0.8;0.99;1.00E-06;0.034530376;-0.378945133;506;0.39
relu;(100, 100, 100, 50);0;0.001;l2;1.00E-05;64;0.9;0.999;1.00E-08;0.034535236;-0.379139211;504;1.51
relu;(100, 50, 25);0.3;0.001;l1;1.00E-05;16;0.8;0.9;1.00E-08;0.034541243;-0.379379111;506;0.5
relu;(100, 100, 100, 50);0.3;0.001;l2;0.0001;64;0.9;0.99;1.00E-06;0.034572175;-0.380614332;504;1.06
relu;(100, 100, 100, 50);0;0.001;none;0.0001;16;0.8;0.99;1.00E-08;0.034578708;-0.380875239;506;1.1
relu;(100, 50, 25);0.3;0.001;none;0.0001;32;0.9;0.99;1.00E-08;0.034592016;-0.381406674;506;0.43
relu;(100, 50, 25);0.3;0.001;l2;0.01;16;0.99;0.99;1.00E-06;0.034610447;-0.382142699;506;0.43
relu;(100, 100, 100, 50);0.1;0.001;l1;1.00E-05;16;0.8;0.9;1.00E-06;0.034618857;-0.382478546;506;1.8
relu;(100, 100, 100, 50);0.3;0.001;none;0.0001;16;0.99;0.99;1.00E-08;0.034635924;-0.383160134;506;0.64
relu;(50, 50, 50);0.3;0.001;l2;1.00E-05;16;0.8;0.999;1.00E-08;0.034638259;-0.383253353;506;0.6
relu;(50, 50, 50);0.3;0.01;l2;1.00E-05;16;0.8;0.999;1.00E-08;0.034659769;-0.384112358;506;0.4
relu;(100, 50, 25);0.3;0.001;l2;0.0001;16;0.9;0.999;1.00E-06;0.034693265;-0.38545001;506;0.39
relu;(100, 100, 100, 50);0.3;0.001;none;1.00E-05;32;0.9;0.9;1.00E-08;0.034699456;-0.385697206;506;0.79
relu;(50, 50, 50);0.3;0.03;l1;1.00E-05;64;0.99;0.999;1.00E-08;0.034709713;-0.386106822;504;0.87
relu;(100, 100, 100, 50);0.3;0.001;none;1.00E-05;32;0.9;0.999;1.00E-06;0.034721165;-0.386564158;506;0.73
relu;(100, 100, 100, 50);0.3;0.001;l2;0.0001;16;0.9;0.9;1.00E-06;0.034721387;-0.386573026;506;0.58
relu;(100, 50, 25);0;0.001;none;0.0001;64;0.9;0.999;1.00E-08;0.034739504;-0.387296527;504;1.63
relu;(100, 100, 100, 50);0.1;0.001;none;1.00E-05;32;0.8;0.999;1.00E-08;0.034765681;-0.388341854;506;1.7
relu;(100, 100, 100, 50);0.3;0.01;l1;0.0001;16;0.9;0.9;1.00E-08;0.034767887;-0.388429975;506;0.77
relu;(50, 50, 50);0.3;0.01;none;0.01;16;0.9;0.999;1.00E-08;0.034820846;-0.390544828;506;0.64
relu;(100, 100, 100, 50);0;0.001;l2;1.00E-05;32;0.9;0.99;1.00E-08;0.034831873;-0.390985199;506;1.35
relu;(50, 50, 50);0.3;0.001;l1;0.0001;32;0.8;0.999;1.00E-06;0.034846234;-0.391558699;506;0.6
relu;(50, 50, 50);0.3;0.001;l1;0.0001;64;0.99;0.9;1.00E-06;0.034851092;-0.391752705;504;0.8
relu;(50, 50, 50);0.3;0.03;l2;0.01;64;0.99;0.9;1.00E-06;0.034879599;-0.392891087;504;1.53
relu;(100, 100, 100, 50);0;0.001;l2;1.00E-05;32;0.8;0.999;1.00E-06;0.034887442;-0.393204298;506;1.29
relu;(100, 50, 25);0.3;0.001;none;0.0001;32;0.99;0.99;1.00E-06;0.034889343;-0.393280208;506;0.4
relu;(50, 50, 50);0.3;0.001;l1;1.00E-05;32;0.99;0.99;1.00E-08;0.034892259;-0.393396675;506;0.71
relu;(100, 100, 100, 50);0.3;0.001;l1;0.0001;32;0.99;0.999;1.00E-06;0.034929096;-0.39486774;506;1.04
relu;(100, 100, 100, 50);0.3;0.001;none;0.01;64;0.99;0.9;1.00E-06;0.034944886;-0.395498288;504;0.99
relu;(50, 50, 50);0.3;0.01;l1;0.0001;64;0.9;0.999;1.00E-06;0.034985093;-0.397103922;504;0.6
relu;(50, 50, 50);0.3;0.001;l1;1.00E-05;64;0.99;0.9;1.00E-08;0.03498875;-0.39724997;504;1.1
relu;(100, 50, 25);0.3;0.001;l1;0.0001;32;0.9;0.99;1.00E-08;0.034991224;-0.397348746;506;0.42
relu;(50, 50, 50);0.3;0.001;none;0.0001;64;0.99;0.999;1.00E-06;0.034991957;-0.397378018;504;0.67
relu;(100, 100, 100, 50);0.3;0.001;none;0.0001;32;0.99;0.99;1.00E-06;0.035063321;-0.400227902;506;1.22
relu;(100, 100, 100, 50);0.3;0.001;l1;0.0001;64;0.99;0.99;1.00E-06;0.035102873;-0.401807368;504;1.06
relu;(50, 50, 50);0.3;0.001;l2;1.00E-05;16;0.99;0.999;1.00E-08;0.035113182;-0.40221905;506;0.74
relu;(50, 50, 50);0.3;0.001;none;1.00E-05;16;0.99;0.99;1.00E-08;0.035131765;-0.402961186;506;0.55
relu;(100, 100, 100, 50);0.1;0.03;l2;1.00E-05;64;0.8;0.999;1.00E-06;0.035139326;-0.40326312;504;0.98
relu;(100, 100, 100, 50);0;0.001;none;1.00E-05;32;0.8;0.99;1.00E-08;0.035161347;-0.404142513;506;1.22
relu;(100, 100, 100, 50);0.3;0.001;none;1.00E-05;64;0.9;0.9;1.00E-06;0.035170667;-0.404514675;504;1.02
relu;(50, 50, 50);0.3;0.001;l2;1.00E-05;32;0.99;0.99;1.00E-08;0.035209232;-0.406054759;506;0.57
relu;(100, 50, 25);0.3;0.001;l1;1.00E-05;32;0.8;0.999;1.00E-08;0.035232451;-0.406981968;506;0.41
relu;(100, 50, 25);0.3;0.001;l2;1.00E-05;16;0.9;0.999;1.00E-08;0.035300806;-0.409711712;506;0.37
relu;(100, 100, 100, 50);0.3;0.001;none;1.00E-05;64;0.8;0.9;1.00E-08;0.035320791;-0.410509789;504;1.08
relu;(100, 50, 25);0.3;0.001;none;0.0001;32;0.8;0.999;1.00E-08;0.035330706;-0.410905718;506;0.45
relu;(100, 50, 25);0.3;0.001;l2;1.00E-05;16;0.8;0.999;1.00E-06;0.03533126;-0.410927856;506;0.35
relu;(50, 50, 50);0;0.001;none;1.00E-05;32;0.8;0.9;1.00E-08;0.035344959;-0.411474903;506;0.27
relu;(100, 50, 25);0.3;0.001;l1;0.0001;32;0.99;0.99;1.00E-06;0.035348808;-0.411628604;506;0.47
relu;(100, 50, 25);0.1;0.03;l2;0.01;32;0.8;0.9;1.00E-06;0.035350889;-0.411711737;506;0.86
relu;(50, 50, 50);0.1;0.001;none;0.0001;64;0.9;0.99;1.00E-06;0.035351811;-0.411748555;504;0.48
relu;(50, 50, 50);0.1;0.001;none;1.00E-05;32;0.8;0.999;1.00E-08;0.035352752;-0.411786106;506;0.39
relu;(100, 100, 100, 50);0.3;0.001;none;1.00E-05;16;0.9;0.999;1.00E-08;0.035362628;-0.412180516;506;1.16
relu;(100, 100, 100, 50);0.1;0.001;none;0.0001;16;0.8;0.99;1.00E-08;0.035365104;-0.412279369;506;1.17
relu;(50, 50, 50);0;0.001;l2;1.00E-05;64;0.8;0.99;1.00E-08;0.035376792;-0.412746143;504;0.49
relu;(100, 50, 25);0.3;0.01;none;0.01;16;0.99;0.9;1.00E-08;0.035406033;-0.413913841;506;0.43
relu;(50, 50, 50);0.3;0.001;l2;1.00E-05;32;0.9;0.9;1.00E-06;0.035470122;-0.416473224;506;0.7
relu;(100, 100, 100, 50);0;0.001;l2;1.00E-05;64;0.8;0.999;1.00E-08;0.035475336;-0.416681426;504;1.53
relu;(100, 50, 25);0.3;0.001;l2;0.0001;32;0.9;0.9;1.00E-08;0.035505276;-0.417877048;506;0.42
relu;(100, 100, 100, 50);0.3;0.001;none;1.00E-05;64;0.99;0.99;1.00E-08;0.035516071;-0.418308143;504;1.45
relu;(100, 50, 25);0.3;0.001;l2;1.00E-05;64;0.99;0.999;1.00E-08;0.035524253;-0.4186349;504;0.52
relu;(50, 50, 50);0.3;0.03;l1;0.0001;32;0.99;0.9;1.00E-08;0.035527044;-0.418746322;506;0.74
relu;(100, 100, 100, 50);0.1;0.01;none;0.01;16;0.99;0.9;1.00E-08;0.035542901;-0.419379585;506;1.49
relu;(100, 50, 25);0.3;0.001;none;1.00E-05;16;0.9;0.9;1.00E-06;0.035569151;-0.420427869;506;0.52
relu;(100, 50, 25);0.3;0.001;l2;0.01;32;0.9;0.99;1.00E-06;0.035593422;-0.421397079;506;0.38
relu;(100, 100, 100, 50);0.3;0.001;l1;1.00E-05;16;0.9;0.99;1.00E-08;0.035596279;-0.421511179;506;0.72
relu;(50, 50, 50);0.3;0.01;l2;0.0001;64;0.99;0.9;1.00E-06;0.035598399;-0.421595869;504;0.77
relu;(50, 50, 50);0;0.001;none;0.0001;64;0.8;0.9;1.00E-06;0.035650013;-0.423657018;504;0.39
relu;(100, 100, 100, 50);0.3;0.001;none;1.00E-05;16;0.8;0.999;1.00E-08;0.035681879;-0.424929562;506;0.71
relu;(100, 100, 100, 50);0.3;0.001;none;1.00E-05;16;0.99;0.99;1.00E-08;0.035694512;-0.425434041;506;1.06
relu;(100, 50, 25);0.3;0.001;none;0.0001;32;0.99;0.99;1.00E-08;0.035694817;-0.425446249;506;0.4
relu;(100, 50, 25);0.3;0.001;l2;1.00E-05;64;0.8;0.99;1.00E-06;0.035751331;-0.427703062;504;0.47
relu;(50, 50, 50);0.3;0.01;l1;1.00E-05;16;0.8;0.999;1.00E-08;0.035774235;-0.428617736;506;0.6
relu;(50, 50, 50);0.3;0.001;none;0.01;32;0.8;0.9;1.00E-06;0.035785835;-0.429080962;506;0.81
relu;(100, 100, 100, 50);0;0.03;none;0.0001;16;0.99;0.9;1.00E-08;0.035891944;-0.433318355;506;1.06
relu;(50, 50, 50);0.3;0.001;none;1.00E-05;16;0.9;0.9;1.00E-08;0.035912497;-0.43413914;506;0.54
relu;(100, 100, 100, 50);0.3;0.001;l1;1.00E-05;16;0.99;0.99;1.00E-08;0.035918041;-0.43436052;506;0.69
relu;(100, 100, 100, 50);0.3;0.001;none;0.01;16;0.8;0.9;1.00E-06;0.035974741;-0.436624776;506;0.63
relu;(100, 100, 100, 50);0.1;0.03;l2;1.00E-05;64;0.99;0.9;1.00E-08;0.035992018;-0.437314721;504;1.45
relu;(50, 50, 50);0.3;0.001;l1;0.0001;64;0.8;0.999;1.00E-06;0.036006882;-0.437908325;504;0.71
relu;(100, 50, 25);0.3;0.001;l2;1.00E-05;32;0.99;0.9;1.00E-08;0.036037328;-0.439124163;506;0.37
relu;(100, 100, 100, 50);0.3;0.001;none;0.0001;16;0.8;0.9;1.00E-06;0.036059512;-0.440010077;506;1.05
relu;(100, 100, 100, 50);0.3;0.001;none;0.0001;64;0.8;0.99;1.00E-06;0.036063864;-0.440183859;504;1.16
relu;(50, 50, 50);0.3;0.001;l2;0.0001;32;0.99;0.999;1.00E-08;0.036082625;-0.440933045;506;0.54
relu;(50, 50, 50);0.3;0.001;l2;1.00E-05;64;0.99;0.99;1.00E-06;0.036105638;-0.441852077;504;0.87
relu;(100, 100, 100, 50);0.3;0.03;l2;0.0001;64;0.99;0.9;1.00E-06;0.036117901;-0.442341764;504;1.51
relu;(100, 100, 100, 50);0.3;0.001;none;0.0001;16;0.9;0.999;1.00E-08;0.036146318;-0.443476583;506;0.84
relu;(100, 100, 100, 50);0.1;0.01;none;1.00E-05;32;0.99;0.9;1.00E-06;0.036161534;-0.444084225;506;1.37
relu;(50, 50, 50);0.3;0.001;l2;0.0001;16;0.99;0.9;1.00E-08;0.036212866;-0.446134145;506;0.47
relu;(100, 50, 25);0.3;0.001;none;0.01;16;0.99;0.99;1.00E-06;0.036220311;-0.446431445;506;0.33
relu;(100, 100, 100, 50);0.1;0.001;none;1.00E-05;32;0.8;0.99;1.00E-08;0.03622426;-0.446589144;506;1.75
relu;(100, 100, 100, 50);0.3;0.001;l2;1.00E-05;64;0.8;0.999;1.00E-06;0.036250268;-0.447627776;504;1.21
relu;(50, 50, 50);0.3;0.01;none;0.0001;32;0.9;0.999;1.00E-06;0.036271207;-0.448463938;506;0.75
relu;(100, 100, 100, 50);0.3;0.001;none;0.0001;32;0.99;0.9;1.00E-06;0.036301634;-0.449679041;506;1.12
relu;(100, 100, 100, 50);0.1;0.03;l1;0.0001;32;0.99;0.9;1.00E-06;0.036327898;-0.450727854;506;1.51
relu;(100, 100, 100, 50);0.1;0.001;none;0.0001;16;0.8;0.999;1.00E-06;0.036337816;-0.451123922;506;1.23
relu;(50, 50, 50);0.3;0.01;none;1.00E-05;16;0.99;0.999;1.00E-06;0.036379447;-0.452786425;506;0.67
relu;(50, 50, 50);0.3;0.001;l1;1.00E-05;16;0.9;0.99;1.00E-08;0.0363935;-0.453347633;506;0.78
relu;(50, 50, 50);0;0.001;l2;1.00E-05;16;0.8;0.999;1.00E-06;0.036395915;-0.453444068;506;0.32
relu;(100, 100, 100, 50);0.3;0.03;l2;0.01;16;0.99;0.9;1.00E-08;0.036412839;-0.454119933;506;1.11
relu;(100, 50, 25);0.3;0.001;none;0.0001;16;0.99;0.999;1.00E-06;0.03643609;-0.455048405;506;0.4
relu;(100, 50, 25);0.3;0.001;l2;0.0001;64;0.8;0.999;1.00E-06;0.036459688;-0.455990812;504;0.58
relu;(100, 50, 25);0.3;0.001;none;1.00E-05;64;0.99;0.9;1.00E-08;0.036459809;-0.455995636;504;0.53
relu;(50, 50, 50);0.3;0.001;l2;0.01;16;0.8;0.99;1.00E-06;0.036461879;-0.456078281;506;0.58
relu;(50, 50, 50);0;0.001;l2;0.0001;64;0.8;0.999;1.00E-08;0.036469106;-0.456366885;504;0.41
relu;(100, 50, 25);0.3;0.001;none;1.00E-05;16;0.99;0.99;1.00E-08;0.036490237;-0.457210744;506;0.36
relu;(100, 50, 25);0.3;0.001;none;0.0001;16;0.8;0.99;1.00E-08;0.036546732;-0.459466816;506;0.39
relu;(100, 100, 100, 50);0.3;0.001;none;0.01;64;0.9;0.999;1.00E-06;0.036598008;-0.46151451;504;1.17
relu;(100, 50, 25);0.3;0.001;l2;0.0001;64;0.99;0.999;1.00E-06;0.036638955;-0.463149697;504;0.46
relu;(100, 100, 100, 50);0.3;0.001;l2;0.01;16;0.8;0.999;1.00E-06;0.036646888;-0.463466492;506;0.61
relu;(100, 100, 100, 50);0;0.001;none;0.0001;64;0.8;0.999;1.00E-06;0.036707308;-0.465879313;504;1.45
relu;(100, 50, 25);0.1;0.001;l2;0.0001;32;0.8;0.999;1.00E-06;0.036708779;-0.465938065;506;0.81
relu;(100, 50, 25);0;0.001;none;0.0001;32;0.8;0.9;1.00E-06;0.036762513;-0.468083871;506;1.46
relu;(50, 50, 50);0.3;0.001;l1;1.00E-05;64;0.8;0.9;1.00E-08;0.036768633;-0.468328273;504;0.79
relu;(100, 50, 25);0.3;0.03;l1;0.0001;64;0.99;0.9;1.00E-08;0.036826362;-0.47063366;504;1.39
relu;(100, 50, 25);0.3;0.001;l1;1.00E-05;64;0.9;0.99;1.00E-06;0.036844063;-0.47134051;504;0.57
relu;(100, 50, 25);0.3;0.001;none;0.0001;64;0.8;0.99;1.00E-08;0.03684416;-0.471344404;504;0.54
relu;(100, 50, 25);0.3;0.001;none;0.01;16;0.8;0.999;1.00E-08;0.036885724;-0.473004235;506;0.39
relu;(100, 50, 25);0.1;0.001;none;0.01;32;0.9;0.99;1.00E-08;0.036935586;-0.474995445;506;0.91
relu;(50, 50, 50);0.3;0.001;l1;1.00E-05;16;0.9;0.999;1.00E-06;0.036937497;-0.475071739;506;0.72
relu;(100, 100, 100, 50);0.3;0.001;l2;1.00E-05;16;0.9;0.9;1.00E-06;0.036939365;-0.475146346;506;0.72
relu;(100, 100, 100, 50);0.1;0.01;l2;1.00E-05;32;0.99;0.9;1.00E-06;0.036984395;-0.476944576;506;1.54
relu;(100, 50, 25);0.1;0.001;none;1.00E-05;64;0.9;0.99;1.00E-06;0.037020766;-0.478397022;504;0.44
relu;(100, 50, 25);0.3;0.001;none;0.01;32;0.9;0.99;1.00E-06;0.037026366;-0.478620664;506;0.38
relu;(100, 100, 100, 50);0.3;0.001;l2;1.00E-05;32;0.99;0.9;1.00E-06;0.037124365;-0.48253418;506;1.18
relu;(100, 100, 100, 50);0.3;0.001;l2;0.0001;16;0.9;0.999;1.00E-08;0.037162229;-0.484046265;506;0.86
relu;(100, 50, 25);0;0.001;none;0.0001;64;0.8;0.999;1.00E-06;0.037275621;-0.488574477;504;1.78
relu;(50, 50, 50);0.3;0.001;l1;1.00E-05;64;0.8;0.99;1.00E-06;0.037320874;-0.490381614;504;0.89
relu;(50, 50, 50);0.3;0.001;none;0.01;32;0.8;0.9;1.00E-08;0.037338403;-0.491081612;506;0.73
relu;(50, 50, 50);0.3;0.001;l1;1.00E-05;16;0.9;0.9;1.00E-08;0.037374559;-0.492525494;506;0.67
relu;(50, 50, 50);0.3;0.001;l2;0.0001;64;0.9;0.99;1.00E-08;0.037445269;-0.495349238;504;0.76
relu;(100, 100, 100, 50);0.3;0.001;l2;0.0001;16;0.9;0.999;1.00E-06;0.037469956;-0.4963351;506;0.74
relu;(50, 50, 50);0.3;0.01;none;0.0001;64;0.9;0.999;1.00E-06;0.037480117;-0.496740859;504;0.82
relu;(50, 50, 50);0.3;0.001;none;0.0001;64;0.99;0.9;1.00E-06;0.037486601;-0.496999814;504;0.61
relu;(100, 100, 100, 50);0.3;0.001;l2;1.00E-05;16;0.99;0.99;1.00E-08;0.037554294;-0.499703098;506;0.67
relu;(100, 100, 100, 50);0.3;0.001;none;1.00E-05;16;0.9;0.9;1.00E-06;0.037577863;-0.500644299;506;0.7
relu;(100, 100, 100, 50);0.3;0.01;l2;0.01;32;0.8;0.999;1.00E-06;0.037643857;-0.503279704;506;0.73
relu;(100, 50, 25);0.3;0.001;none;0.0001;64;0.99;0.99;1.00E-06;0.037727874;-0.506634859;504;0.53
relu;(100, 50, 25);0.3;0.001;l2;1.00E-05;64;0.99;0.999;1.00E-06;0.037736621;-0.506984188;504;0.56
relu;(100, 100, 100, 50);0.3;0.001;none;1.00E-05;16;0.99;0.9;1.00E-06;0.037808067;-0.509837332;506;0.87
relu;(50, 50, 50);0.3;0.001;none;0.01;32;0.99;0.999;1.00E-06;0.03786427;-0.512081729;506;0.48
relu;(50, 50, 50);0.3;0.03;l1;1.00E-05;16;0.99;0.9;1.00E-08;0.037872638;-0.512415924;506;0.6
relu;(100, 100, 100, 50);0.3;0.01;l1;0.0001;16;0.99;0.9;1.00E-06;0.037891365;-0.51316377;506;0.68
relu;(50, 50, 50);0.3;0.001;l2;1.00E-05;32;0.99;0.999;1.00E-08;0.038002181;-0.517589097;506;0.73
relu;(50, 50, 50);0.3;0.001;none;0.01;16;0.8;0.99;1.00E-06;0.03800567;-0.51772844;506;0.63
relu;(100, 100, 100, 50);0.1;0.001;l2;0.0001;32;0.9;0.99;1.00E-08;0.038062324;-0.519990881;506;1.65
relu;(50, 50, 50);0.3;0.001;none;0.01;16;0.9;0.99;1.00E-06;0.038121289;-0.522345601;506;0.59
relu;(100, 50, 25);0.3;0.001;l1;0.0001;32;0.9;0.9;1.00E-06;0.038122357;-0.52238827;506;0.42
relu;(100, 100, 100, 50);0.3;0.03;none;1.00E-05;64;0.99;0.9;1.00E-06;0.038179293;-0.524661973;504;1.04
relu;(100, 50, 25);0.3;0.001;l1;1.00E-05;64;0.99;0.9;1.00E-08;0.038183713;-0.524838453;504;0.56
relu;(100, 100, 100, 50);0.3;0.001;l1;1.00E-05;16;0.99;0.9;1.00E-08;0.038197854;-0.525403153;506;0.85
relu;(50, 50, 50);0.3;0.001;none;0.01;64;0.9;0.999;1.00E-06;0.03826;-0.527884928;504;0.74
relu;(100, 100, 100, 50);0.3;0.001;l2;0.0001;32;0.9;0.99;1.00E-08;0.038260191;-0.527892559;506;0.84
relu;(100, 50, 25);0.3;0.001;l2;1.00E-05;16;0.9;0.99;1.00E-08;0.038346128;-0.531324405;506;0.38
relu;(50, 50, 50);0;0.03;none;0.01;64;0.99;0.9;1.00E-06;0.038384113;-0.532841293;504;0.37
relu;(100, 100, 100, 50);0.3;0.001;none;0.01;64;0.99;0.999;1.00E-08;0.038401631;-0.533540869;504;1.51
relu;(100, 100, 100, 50);0.3;0.001;none;0.0001;32;0.9;0.999;1.00E-06;0.038403723;-0.53362439;506;1.02
relu;(100, 100, 100, 50);0.3;0.001;none;1.00E-05;32;0.99;0.9;1.00E-08;0.038436218;-0.534922067;506;0.69
relu;(100, 100, 100, 50);0.3;0.001;l2;0.0001;16;0.99;0.99;1.00E-06;0.038525507;-0.538487771;506;0.59
relu;(50, 50, 50);0.3;0.001;l1;0.0001;32;0.9;0.99;1.00E-06;0.038529164;-0.538633785;506;0.92
relu;(100, 100, 100, 50);0.3;0.001;l2;0.0001;16;0.9;0.9;1.00E-08;0.038575634;-0.540489542;506;0.67
relu;(50, 50, 50);0.3;0.03;l2;0.01;64;0.99;0.9;1.00E-08;0.038597244;-0.541352514;504;1.65
relu;(100, 50, 25);0.3;0.001;l2;0.0001;16;0.8;0.9;1.00E-06;0.038637627;-0.542965203;506;0.41
relu;(50, 50, 50);0.3;0.001;l2;0.0001;32;0.99;0.99;1.00E-06;0.038682174;-0.544744139;506;0.75
relu;(100, 100, 100, 50);0.3;0.001;none;0.01;32;0.9;0.99;1.00E-08;0.038688502;-0.544996848;506;0.74
relu;(100, 50, 25);0.3;0.001;none;0.0001;16;0.9;0.9;1.00E-06;0.03877593;-0.548488226;506;0.46
relu;(100, 100, 100, 50);0.3;0.001;l1;0.0001;64;0.99;0.999;1.00E-08;0.038777608;-0.548555205;504;1.17
relu;(50, 50, 50);0.3;0.001;l1;1.00E-05;32;0.9;0.999;1.00E-08;0.038870449;-0.552262747;506;0.68
relu;(100, 100, 100, 50);0.3;0.001;l2;0.01;16;0.99;0.999;1.00E-08;0.039003969;-0.557594792;506;0.81
relu;(100, 100, 100, 50);0.3;0.001;l1;0.0001;16;0.99;0.99;1.00E-06;0.039011613;-0.557900024;506;1.33
relu;(100, 100, 100, 50);0.1;0.001;none;1.00E-05;16;0.8;0.99;1.00E-08;0.039123362;-0.562362661;506;1.56
relu;(100, 50, 25);0.3;0.001;l1;0.0001;32;0.99;0.99;1.00E-08;0.039123712;-0.562376629;506;0.46
relu;(100, 100, 100, 50);0.3;0.001;l1;1.00E-05;32;0.8;0.999;1.00E-06;0.039172681;-0.564332171;506;0.87
relu;(50, 50, 50);0.3;0.001;none;0.01;16;0.99;0.99;1.00E-06;0.039191675;-0.565090694;506;0.56
relu;(100, 50, 25);0.3;0.001;l1;0.0001;16;0.9;0.999;1.00E-06;0.039199746;-0.565412994;506;0.39
relu;(100, 100, 100, 50);0.3;0.001;l1;1.00E-05;64;0.9;0.99;1.00E-06;0.039256988;-0.56769891;504;1.06
relu;(50, 50, 50);0.3;0.001;none;1.00E-05;64;0.9;0.9;1.00E-06;0.039262048;-0.567900986;504;0.67
relu;(100, 100, 100, 50);0.3;0.001;none;0.0001;32;0.8;0.999;1.00E-06;0.039296437;-0.569274278;506;0.93
relu;(100, 100, 100, 50);0.3;0.001;none;0.01;64;0.9;0.999;1.00E-08;0.039340207;-0.571022199;504;1.24
relu;(100, 100, 100, 50);0.3;0.001;none;0.01;32;0.8;0.99;1.00E-08;0.039449906;-0.575402956;506;0.65
relu;(100, 100, 100, 50);0.3;0.001;l2;1.00E-05;64;0.99;0.999;1.00E-08;0.039457328;-0.575699328;504;1.11
relu;(50, 50, 50);0.3;0.001;none;0.0001;16;0.8;0.999;1.00E-06;0.039464759;-0.575996089;506;0.58
relu;(100, 50, 25);0.3;0.01;l2;0.01;64;0.8;0.9;1.00E-06;0.039475466;-0.57642366;504;1.13
relu;(50, 50, 50);0.3;0.001;l2;1.00E-05;64;0.9;0.999;1.00E-06;0.039487289;-0.576895795;504;0.84
relu;(100, 50, 25);0.3;0.001;l1;1.00E-05;16;0.9;0.99;1.00E-06;0.039513621;-0.577947357;506;0.39
relu;(50, 50, 50);0;0.001;none;0.0001;16;0.8;0.99;1.00E-06;0.039526485;-0.578461071;506;0.36
relu;(50, 50, 50);0.3;0.001;l1;0.0001;64;0.9;0.99;1.00E-06;0.039527525;-0.578502593;504;0.88
relu;(100, 100, 100, 50);0.3;0.001;none;0.01;32;0.8;0.9;1.00E-08;0.03958472;-0.580786656;506;0.67
relu;(100, 100, 100, 50);0.3;0.001;l2;1.00E-05;64;0.9;0.999;1.00E-06;0.039600305;-0.58140904;504;0.94
relu;(100, 100, 100, 50);0.3;0.001;none;0.01;16;0.9;0.999;1.00E-06;0.039647535;-0.583295115;506;0.61
relu;(50, 50, 50);0.3;0.001;none;0.01;64;0.9;0.99;1.00E-08;0.03973842;-0.586924526;504;0.68
relu;(100, 100, 100, 50);0.3;0.001;none;0.01;32;0.9;0.999;1.00E-08;0.039750257;-0.587397233;506;0.67
relu;(100, 50, 25);0.3;0.001;none;0.0001;32;0.99;0.999;1.00E-08;0.039838067;-0.590903856;506;0.43
relu;(100, 100, 100, 50);0.3;0.001;l2;1.00E-05;16;0.8;0.9;1.00E-06;0.039848944;-0.591338232;506;0.73
relu;(100, 50, 25);0.3;0.001;none;0.01;16;0.9;0.99;1.00E-06;0.039880266;-0.592589073;506;0.36
relu;(100, 100, 100, 50);0.3;0.001;l1;0.0001;32;0.99;0.9;1.00E-06;0.03992973;-0.594564347;506;0.84
relu;(100, 100, 100, 50);0.3;0.001;l2;0.0001;16;0.99;0.999;1.00E-08;0.039940108;-0.594978806;506;0.6
relu;(100, 100, 100, 50);0.3;0.001;none;1.00E-05;32;0.99;0.99;1.00E-08;0.040011378;-0.597824914;506;0.77
relu;(100, 50, 25);0;0.03;l1;1.00E-05;16;0.99;0.9;1.00E-08;0.040024381;-0.59834417;506;0.48
relu;(50, 50, 50);0.3;0.001;l1;0.0001;16;0.9;0.99;1.00E-06;0.040134342;-0.602735409;506;0.74
relu;(100, 100, 100, 50);0.3;0.001;l1;0.0001;64;0.8;0.99;1.00E-08;0.040176074;-0.604401914;504;1.17
relu;(50, 50, 50);0.3;0.001;l1;0.0001;32;0.8;0.99;1.00E-08;0.040179381;-0.60453398;506;0.8
relu;(50, 50, 50);0.3;0.001;none;1.00E-05;16;0.8;0.99;1.00E-08;0.040182575;-0.60466153;506;0.58
relu;(100, 100, 100, 50);0.3;0.001;l2;0.0001;16;0.8;0.9;1.00E-08;0.040220701;-0.606184093;506;0.74
relu;(100, 50, 25);0.3;0.001;l2;1.00E-05;16;0.99;0.9;1.00E-06;0.040243415;-0.607091153;506;0.35
relu;(100, 100, 100, 50);0.3;0.001;none;0.0001;16;0.8;0.99;1.00E-08;0.040378113;-0.612470192;506;0.82
relu;(100, 100, 100, 50);0.3;0.001;l2;0.0001;32;0.9;0.999;1.00E-08;0.040431399;-0.614598163;506;0.74
relu;(100, 100, 100, 50);0.3;0.001;none;1.00E-05;64;0.99;0.999;1.00E-08;0.040432066;-0.614624781;504;1.31
relu;(100, 50, 25);0.3;0.001;l2;0.0001;16;0.9;0.999;1.00E-08;0.040442912;-0.615057915;506;0.42
relu;(100, 50, 25);0.1;0.001;l2;1.00E-05;32;0.8;0.9;1.00E-06;0.040455875;-0.615575571;506;0.82
relu;(100, 100, 100, 50);0.3;0.001;none;0.0001;32;0.8;0.99;1.00E-06;0.040491328;-0.616991357;506;0.7
relu;(50, 50, 50);0.3;0.001;l1;1.00E-05;32;0.9;0.9;1.00E-06;0.040497658;-0.617244159;506;0.68
relu;(100, 50, 25);0.3;0.001;l2;0.0001;64;0.8;0.999;1.00E-08;0.040566002;-0.619973419;504;0.5
relu;(100, 50, 25);0.3;0.001;none;0.0001;16;0.8;0.999;1.00E-06;0.040603003;-0.621451018;506;0.44
relu;(50, 50, 50);0.3;0.001;l1;1.00E-05;32;0.99;0.9;1.00E-06;0.040617596;-0.6220338;506;0.73
relu;(100, 100, 100, 50);0.3;0.001;l2;1.00E-05;64;0.8;0.999;1.00E-08;0.040671899;-0.624202345;504;1.4
relu;(50, 50, 50);0.3;0.001;none;1.00E-05;64;0.9;0.999;1.00E-06;0.040709041;-0.62568556;504;0.83
relu;(100, 50, 25);0.3;0.001;none;0.01;32;0.8;0.9;1.00E-06;0.040742094;-0.627005543;506;0.42
relu;(50, 50, 50);0.3;0.001;l2;1.00E-05;64;0.99;0.99;1.00E-08;0.040759728;-0.62770972;504;0.78
relu;(100, 50, 25);0.3;0.001;none;0.0001;16;0.99;0.99;1.00E-06;0.040816586;-0.629980326;506;0.39
relu;(50, 50, 50);0.3;0.01;none;0.01;64;0.9;0.99;1.00E-06;0.040819069;-0.630079471;504;0.75
relu;(100, 100, 100, 50);0.1;0.001;l1;1.00E-05;16;0.9;0.999;1.00E-06;0.040934911;-0.63470554;506;1.72
relu;(50, 50, 50);0.3;0.001;l1;1.00E-05;32;0.99;0.999;1.00E-06;0.040981055;-0.636548258;506;0.8
relu;(50, 50, 50);0.3;0.001;none;1.00E-05;16;0.8;0.999;1.00E-06;0.041016529;-0.637964886;506;0.69
relu;(50, 50, 50);0.3;0.001;l2;1.00E-05;64;0.9;0.999;1.00E-08;0.041034093;-0.638666269;504;0.73
relu;(100, 50, 25);0.3;0.001;l1;0.0001;64;0.99;0.9;1.00E-06;0.041074545;-0.640281718;504;0.54
relu;(100, 50, 25);0.3;0.001;none;0.0001;32;0.99;0.9;1.00E-08;0.041131561;-0.642558615;506;0.45
relu;(100, 100, 100, 50);0.3;0.001;none;1.00E-05;64;0.9;0.999;1.00E-08;0.041136836;-0.642769244;504;1.18
relu;(100, 100, 100, 50);0.3;0.001;l1;1.00E-05;32;0.9;0.999;1.00E-08;0.041146633;-0.643160505;506;0.8
relu;(50, 50, 50);0.3;0.001;none;0.01;64;0.8;0.999;1.00E-06;0.041166545;-0.643955646;504;0.81
relu;(100, 100, 100, 50);0.3;0.001;l2;0.0001;32;0.8;0.999;1.00E-08;0.041233851;-0.646643466;506;0.66
relu;(50, 50, 50);0.3;0.001;l1;1.00E-05;64;0.8;0.999;1.00E-08;0.041244341;-0.647062395;504;0.86
relu;(100, 50, 25);0.3;0.001;none;1.00E-05;16;0.99;0.9;1.00E-08;0.041284113;-0.648650635;506;0.39
relu;(100, 100, 100, 50);0.3;0.001;l2;0.0001;64;0.99;0.9;1.00E-06;0.041373143;-0.652206018;504;1.2
relu;(100, 100, 100, 50);0.3;0.01;l2;0.0001;16;0.9;0.999;1.00E-06;0.041387292;-0.652771038;506;0.61
relu;(100, 50, 25);0.3;0.001;none;0.01;16;0.8;0.9;1.00E-06;0.041389889;-0.652874727;506;0.53
relu;(100, 50, 25);0.3;0.001;none;1.00E-05;32;0.8;0.99;1.00E-06;0.041431984;-0.654555785;506;0.56
relu;(100, 100, 100, 50);0.3;0.001;none;0.01;64;0.99;0.999;1.00E-06;0.041474813;-0.656266115;504;0.96
relu;(50, 50, 50);0.3;0.01;none;1.00E-05;32;0.99;0.99;1.00E-06;0.041482058;-0.65655543;506;0.78
relu;(50, 50, 50);0.3;0.001;l2;0.0001;32;0.8;0.99;1.00E-06;0.041500159;-0.657278291;506;0.48
relu;(100, 100, 100, 50);0.3;0.001;none;0.0001;16;0.8;0.999;1.00E-06;0.04153132;-0.658522677;506;0.58
relu;(50, 50, 50);0.3;0.01;l1;1.00E-05;32;0.8;0.99;1.00E-06;0.041531434;-0.658527241;506;0.68
relu;(100, 50, 25);0.3;0.001;l2;0.0001;32;0.99;0.9;1.00E-06;0.041630351;-0.662477418;506;0.46
relu;(100, 100, 100, 50);0.3;0.001;none;1.00E-05;64;0.9;0.99;1.00E-08;0.041669478;-0.66403993;504;0.99
relu;(100, 50, 25);0.3;0.001;l1;1.00E-05;16;0.99;0.999;1.00E-08;0.04168529;-0.664671358;506;0.4
relu;(50, 50, 50);0.3;0.01;l2;0.0001;16;0.9;0.9;1.00E-06;0.04174279;-0.666967571;506;0.43
relu;(50, 50, 50);0.3;0.001;none;1.00E-05;32;0.8;0.9;1.00E-06;0.041748555;-0.667197789;506;0.54
relu;(50, 50, 50);0.3;0.001;none;0.0001;32;0.9;0.999;1.00E-08;0.041835005;-0.670650119;506;0.5
relu;(100, 50, 25);0.3;0.001;l2;0.0001;16;0.99;0.999;1.00E-08;0.041896857;-0.67312015;506;0.34
relu;(50, 50, 50);0.3;0.001;none;0.0001;64;0.8;0.99;1.00E-08;0.041909845;-0.673638793;504;0.88
relu;(100, 100, 100, 50);0.3;0.001;none;0.01;64;0.99;0.9;1.00E-08;0.041927428;-0.674340966;504;0.99
relu;(50, 50, 50);0.3;0.03;l1;0.0001;16;0.99;0.9;1.00E-06;0.042018971;-0.677996676;506;0.76
relu;(100, 50, 25);0.3;0.001;none;1.00E-05;32;0.9;0.9;1.00E-06;0.042023817;-0.678190175;506;0.37
relu;(100, 50, 25);0.3;0.001;l1;1.00E-05;16;0.9;0.99;1.00E-08;0.042058048;-0.679557177;506;0.45
relu;(50, 50, 50);0.3;0.001;l2;1.00E-05;64;0.8;0.9;1.00E-06;0.042212181;-0.685712382;504;0.63
relu;(50, 50, 50);0.3;0.001;l2;0.0001;64;0.99;0.999;1.00E-08;0.042266847;-0.687895415;504;0.74
relu;(100, 100, 100, 50);0.3;0.001;none;0.0001;32;0.8;0.99;1.00E-08;0.042358041;-0.691537185;506;0.73
relu;(50, 50, 50);0.3;0.001;l1;1.00E-05;32;0.8;0.999;1.00E-08;0.042376475;-0.692273315;506;0.65
relu;(100, 50, 25);0.3;0.001;l2;0.0001;32;0.9;0.9;1.00E-06;0.042441761;-0.694880462;506;0.4
relu;(100, 50, 25);0.3;0.001;none;1.00E-05;32;0.8;0.999;1.00E-06;0.042462654;-0.695714821;506;0.45
relu;(50, 50, 50);0.3;0.001;l1;1.00E-05;64;0.9;0.99;1.00E-08;0.042492014;-0.696887299;504;0.78
relu;(100, 100, 100, 50);0.3;0.001;l1;1.00E-05;64;0.8;0.9;1.00E-06;0.042513896;-0.697761136;504;1.22
relu;(50, 50, 50);0.3;0.001;none;0.0001;64;0.8;0.99;1.00E-06;0.042685351;-0.704608063;504;0.67
relu;(50, 50, 50);0.3;0.001;l2;1.00E-05;32;0.8;0.999;1.00E-08;0.042713968;-0.705750877;506;0.71
relu;(100, 100, 100, 50);0.3;0.001;l2;1.00E-05;32;0.9;0.99;1.00E-06;0.042716764;-0.705862529;506;0.93
relu;(100, 50, 25);0.3;0.001;none;0.01;64;0.9;0.999;1.00E-08;0.042757719;-0.707498006;504;0.51
relu;(100, 100, 100, 50);0.3;0.001;none;1.00E-05;64;0.99;0.9;1.00E-06;0.042797148;-0.709072594;504;1.3
relu;(50, 50, 50);0.3;0.001;none;1.00E-05;16;0.9;0.9;1.00E-06;0.042849151;-0.711149295;506;0.61
relu;(100, 100, 100, 50);0.3;0.001;l1;1.00E-05;32;0.9;0.99;1.00E-06;0.042892993;-0.712900101;506;0.9
relu;(100, 50, 25);0.3;0.001;l1;0.0001;64;0.99;0.999;1.00E-06;0.042909427;-0.713556382;504;0.55
relu;(100, 100, 100, 50);0.3;0.001;l1;1.00E-05;16;0.8;0.9;1.00E-08;0.042929608;-0.714362268;506;0.68
relu;(50, 50, 50);0.3;0.001;none;0.0001;64;0.99;0.99;1.00E-08;0.042931452;-0.714435905;504;0.66
relu;(100, 100, 100, 50);0.1;0.03;l2;1.00E-05;16;0.99;0.9;1.00E-08;0.043106341;-0.72141999;506;0.69
relu;(50, 50, 50);0.3;0.001;none;0.01;32;0.8;0.99;1.00E-06;0.043134452;-0.722542592;506;0.65
relu;(100, 50, 25);0.3;0.001;none;0.01;32;0.99;0.999;1.00E-06;0.04313914;-0.722729779;506;0.4
relu;(100, 50, 25);0.3;0.001;l1;1.00E-05;32;0.9;0.999;1.00E-06;0.043227912;-0.726274832;506;0.47
relu;(100, 100, 100, 50);0.3;0.001;l2;1.00E-05;64;0.9;0.99;1.00E-08;0.043268076;-0.727878774;504;1.22
relu;(50, 50, 50);0.3;0.001;none;0.0001;32;0.8;0.9;1.00E-06;0.043283728;-0.728503809;506;0.49
relu;(50, 50, 50);0.3;0.001;l1;0.0001;16;0.8;0.99;1.00E-08;0.043442719;-0.734852992;506;0.68
relu;(100, 100, 100, 50);0.3;0.001;l2;1.00E-05;32;0.99;0.9;1.00E-08;0.043472761;-0.736052693;506;1.02
relu;(50, 50, 50);0.3;0.001;none;1.00E-05;32;0.9;0.99;1.00E-06;0.043590171;-0.740741391;506;0.48
relu;(50, 50, 50);0.3;0.001;none;1.00E-05;64;0.8;0.9;1.00E-08;0.043649619;-0.743115403;504;0.56
relu;(50, 50, 50);0.3;0.001;none;0.0001;16;0.8;0.99;1.00E-06;0.043725694;-0.746153392;506;0.55
relu;(100, 100, 100, 50);0.1;0.03;l1;0.0001;16;0.99;0.9;1.00E-08;0.043785254;-0.748531897;506;1.57
relu;(100, 100, 100, 50);0.3;0.001;none;0.0001;32;0.99;0.99;1.00E-08;0.043807031;-0.749401534;506;1.09
relu;(50, 50, 50);0.3;0.001;l2;0.0001;64;0.8;0.999;1.00E-08;0.043832298;-0.75041054;504;0.94
relu;(100, 50, 25);0.3;0.001;l2;1.00E-05;32;0.8;0.99;1.00E-06;0.043920307;-0.753925105;506;0.37
relu;(50, 50, 50);0.3;0.03;l2;1.00E-05;16;0.9;0.99;1.00E-06;0.044020739;-0.75793581;506;0.96
relu;(100, 100, 100, 50);0.3;0.001;l1;0.0001;64;0.9;0.9;1.00E-08;0.044135305;-0.762510908;504;1.06
relu;(100, 100, 100, 50);0.3;0.001;l2;0.0001;64;0.99;0.999;1.00E-06;0.04442791;-0.774195862;504;0.95
relu;(50, 50, 50);0.3;0.001;none;0.0001;64;0.9;0.9;1.00E-06;0.044430278;-0.774290442;504;0.62
relu;(50, 50, 50);0.3;0.001;l1;0.0001;16;0.8;0.999;1.00E-08;0.044454249;-0.77524771;506;0.71
relu;(50, 50, 50);0.3;0.001;l2;1.00E-05;16;0.8;0.99;1.00E-08;0.044456789;-0.775349143;506;0.61
relu;(100, 100, 100, 50);0;0.001;none;0.01;32;0.8;0.999;1.00E-08;0.044559787;-0.779462266;506;1.28
relu;(100, 100, 100, 50);0.1;0.03;l2;1.00E-05;32;0.99;0.9;1.00E-08;0.044638915;-0.782622209;506;0.68
relu;(100, 100, 100, 50);0.3;0.001;none;1.00E-05;64;0.9;0.99;1.00E-06;0.0447316;-0.786323515;504;0.93
relu;(50, 50, 50);0.3;0.001;none;0.01;64;0.99;0.99;1.00E-08;0.044732037;-0.786340943;504;0.83
relu;(100, 100, 100, 50);0.3;0.001;none;1.00E-05;16;0.9;0.99;1.00E-08;0.044748223;-0.786987343;506;1.17
relu;(100, 100, 100, 50);0.3;0.001;l1;1.00E-05;32;0.8;0.99;1.00E-08;0.044848785;-0.791003225;506;0.85
relu;(50, 50, 50);0.3;0.001;l1;1.00E-05;64;0.8;0.9;1.00E-06;0.044929928;-0.79424361;504;0.73
relu;(100, 100, 100, 50);0.3;0.001;l2;0.0001;16;0.8;0.999;1.00E-06;0.044986343;-0.796496478;506;0.6
relu;(100, 100, 100, 50);0.3;0.001;l2;1.00E-05;16;0.9;0.999;1.00E-08;0.045103454;-0.801173233;506;0.72
relu;(50, 50, 50);0.3;0.001;l2;0.0001;16;0.9;0.999;1.00E-06;0.04515207;-0.803114673;506;0.44
relu;(100, 100, 100, 50);0.3;0.001;l2;1.00E-05;16;0.8;0.9;1.00E-08;0.045173171;-0.803957337;506;0.94
relu;(100, 100, 100, 50);0.3;0.001;none;0.0001;16;0.8;0.999;1.00E-08;0.045266236;-0.807673814;506;0.6
relu;(50, 50, 50);0.3;0.001;l2;0.0001;64;0.8;0.999;1.00E-06;0.045297069;-0.80890511;504;0.78
relu;(100, 100, 100, 50);0.3;0.001;l1;1.00E-05;16;0.9;0.9;1.00E-08;0.045311928;-0.809498492;506;0.75
relu;(50, 50, 50);0.3;0.001;none;0.01;64;0.99;0.99;1.00E-06;0.045360988;-0.811457657;504;0.76
relu;(100, 50, 25);0.3;0.001;l2;0.0001;32;0.99;0.999;1.00E-08;0.045396255;-0.812866024;506;0.49
relu;(50, 50, 50);0.3;0.001;none;0.01;16;0.8;0.99;1.00E-08;0.045436172;-0.814460077;506;0.57
relu;(100, 100, 100, 50);0.3;0.01;none;1.00E-05;64;0.8;0.9;1.00E-08;0.045541962;-0.818684725;504;0.97
relu;(50, 50, 50);0.3;0.001;l1;1.00E-05;64;0.99;0.999;1.00E-08;0.045572483;-0.819903548;504;0.8
relu;(100, 50, 25);0.3;0.001;none;0.0001;16;0.8;0.99;1.00E-06;0.04564377;-0.822750334;506;0.36
relu;(100, 100, 100, 50);0.3;0.001;l1;0.0001;16;0.99;0.999;1.00E-08;0.046016861;-0.837649462;506;1.63
relu;(100, 50, 25);0.3;0.001;none;0.0001;16;0.99;0.999;1.00E-08;0.046042537;-0.838674804;506;0.4
relu;(100, 50, 25);0.3;0.001;none;0.01;32;0.99;0.999;1.00E-08;0.046080242;-0.840180528;506;0.45
relu;(100, 100, 100, 50);0.3;0.001;l1;1.00E-05;16;0.9;0.999;1.00E-06;0.046153279;-0.843097223;506;0.86
relu;(50, 50, 50);0.1;0.03;none;0.01;32;0.99;0.9;1.00E-06;0.046163679;-0.843512522;506;0.51
relu;(50, 50, 50);0.3;0.001;none;1.00E-05;32;0.99;0.99;1.00E-08;0.046368889;-0.851707432;506;0.5
relu;(100, 100, 100, 50);0.3;0.001;none;0.01;64;0.8;0.999;1.00E-08;0.046545207;-0.858748573;504;0.92
relu;(100, 100, 100, 50);0.3;0.001;l1;1.00E-05;16;0.8;0.99;1.00E-08;0.046713625;-0.865474206;506;0.76
relu;(50, 50, 50);0.1;0.03;none;0.01;16;0.99;0.9;1.00E-08;0.046782045;-0.86820653;506;0.58
relu;(50, 50, 50);0.3;0.001;none;0.0001;16;0.9;0.9;1.00E-06;0.04680856;-0.869265371;506;0.58
relu;(100, 50, 25);0.3;0.001;l2;1.00E-05;16;0.99;0.99;1.00E-08;0.046880185;-0.872125654;506;0.34
relu;(100, 50, 25);0.3;0.001;l2;1.00E-05;16;0.9;0.999;1.00E-06;0.046926484;-0.873974578;506;0.35
relu;(100, 50, 25);0.3;0.001;none;0.01;64;0.99;0.9;1.00E-08;0.046935742;-0.874344295;504;0.46
relu;(100, 100, 100, 50);0.1;0.03;l1;1.00E-05;16;0.9;0.999;1.00E-08;0.046957406;-0.875209425;506;1.71
relu;(50, 50, 50);0.3;0.001;l2;1.00E-05;64;0.9;0.9;1.00E-06;0.046974992;-0.875911708;504;0.71
relu;(100, 100, 100, 50);0.3;0.001;l2;0.0001;16;0.99;0.999;1.00E-06;0.047099481;-0.880883079;506;0.64
relu;(100, 50, 25);0.3;0.001;l2;1.00E-05;64;0.8;0.9;1.00E-06;0.047113555;-0.881445145;504;0.46
relu;(50, 50, 50);0.3;0.001;none;0.0001;32;0.9;0.9;1.00E-08;0.047277946;-0.888009972;506;0.54
relu;(50, 50, 50);0.3;0.001;l2;1.00E-05;32;0.8;0.9;1.00E-08;0.047333421;-0.890225294;506;0.66
relu;(50, 50, 50);0.3;0.01;none;1.00E-05;64;0.9;0.999;1.00E-06;0.047337868;-0.890402893;504;0.8
relu;(100, 50, 25);0.3;0.001;l1;1.00E-05;64;0.99;0.999;1.00E-08;0.047352544;-0.890988968;504;0.53
relu;(100, 100, 100, 50);0.3;0.001;l2;0.0001;64;0.99;0.999;1.00E-08;0.047365605;-0.891510561;504;0.99
relu;(50, 50, 50);0.3;0.001;l1;1.00E-05;16;0.8;0.9;1.00E-08;0.047585639;-0.900297445;506;0.65
relu;(50, 50, 50);0.3;0.001;l1;1.00E-05;64;0.99;0.99;1.00E-06;0.047626485;-0.901928603;504;1.01
relu;(100, 50, 25);0.3;0.001;none;0.0001;64;0.99;0.9;1.00E-08;0.047655646;-0.903093113;504;0.57
relu;(100, 100, 100, 50);0.3;0.001;none;0.0001;16;0.9;0.99;1.00E-08;0.047784236;-0.908228284;506;0.6
relu;(50, 50, 50);0.3;0.001;l1;0.0001;16;0.9;0.999;1.00E-08;0.047813815;-0.909409511;506;0.62
relu;(100, 100, 100, 50);0.3;0.001;l2;0.0001;16;0.8;0.9;1.00E-06;0.047815473;-0.909475693;506;0.71
relu;(100, 100, 100, 50);0.3;0.001;l1;1.00E-05;64;0.8;0.999;1.00E-08;0.04787957;-0.912035361;504;1.34
relu;(100, 100, 100, 50);0.1;0.03;l2;1.00E-05;64;0.8;0.999;1.00E-08;0.047957176;-0.915134499;504;0.98
relu;(50, 50, 50);0.3;0.001;l2;0.0001;32;0.8;0.9;1.00E-08;0.04811567;-0.92146387;506;0.57
relu;(100, 50, 25);0.3;0.001;l1;1.00E-05;16;0.8;0.99;1.00E-06;0.048279132;-0.927991575;506;0.47
relu;(100, 100, 100, 50);0.3;0.001;l1;1.00E-05;16;0.99;0.999;1.00E-06;0.048369879;-0.931615504;506;0.75
relu;(100, 100, 100, 50);0.3;0.001;l2;0.0001;32;0.9;0.99;1.00E-06;0.048392826;-0.93253188;506;0.89
relu;(50, 50, 50);0.3;0.001;l2;1.00E-05;64;0.8;0.999;1.00E-08;0.048456135;-0.935060068;504;0.74
relu;(50, 50, 50);0.3;0.001;none;0.0001;16;0.8;0.9;1.00E-06;0.048468036;-0.935535339;506;0.58
relu;(100, 50, 25);0.3;0.001;none;0.0001;32;0.9;0.999;1.00E-08;0.04849273;-0.936521446;506;0.43
relu;(100, 50, 25);0.3;0.001;l1;0.0001;32;0.9;0.999;1.00E-08;0.048533653;-0.938155687;506;0.52
relu;(100, 100, 100, 50);0.1;0.03;none;0.01;64;0.99;0.9;1.00E-08;0.048556614;-0.939072618;504;1.71
relu;(50, 50, 50);0.3;0.001;l2;1.00E-05;64;0.8;0.99;1.00E-08;0.048610204;-0.941212685;504;0.64
relu;(100, 50, 25);0.3;0.01;none;1.00E-05;16;0.99;0.9;1.00E-08;0.048646475;-0.942661141;506;0.33
relu;(100, 50, 25);0.3;0.001;l1;1.00E-05;16;0.9;0.9;1.00E-06;0.048661857;-0.94327542;506;0.41
relu;(50, 50, 50);0.3;0.001;none;0.01;16;0.99;0.999;1.00E-08;0.048710529;-0.945219091;506;0.64
relu;(100, 100, 100, 50);0.3;0.001;none;1.00E-05;32;0.8;0.999;1.00E-08;0.048723791;-0.945748731;506;0.65
relu;(50, 50, 50);0.1;0.001;none;0.01;16;0.99;0.9;1.00E-08;0.048757652;-0.947100931;506;0.4
relu;(100, 50, 25);0.3;0.001;none;0.0001;64;0.9;0.9;1.00E-06;0.048802459;-0.948890265;504;0.56
relu;(100, 50, 25);0.3;0.01;none;0.01;32;0.99;0.9;1.00E-06;0.049131737;-0.962039759;506;0.77
relu;(50, 50, 50);0.3;0.001;l1;0.0001;64;0.99;0.999;1.00E-06;0.049458165;-0.975075384;504;0.93
relu;(100, 50, 25);0.3;0.001;l2;1.00E-05;32;0.8;0.99;1.00E-08;0.049572007;-0.979621589;506;0.37
relu;(100, 50, 25);0.3;0.001;none;1.00E-05;16;0.9;0.999;1.00E-06;0.049600891;-0.98077505;506;0.36
relu;(50, 50, 50);0.3;0.001;l2;1.00E-05;32;0.8;0.99;1.00E-08;0.049886715;-0.992189214;506;0.64
relu;(50, 50, 50);0.3;0.001;l2;1.00E-05;16;0.9;0.99;1.00E-08;0.049899919;-0.992716533;506;0.58
relu;(100, 50, 25);0.3;0.001;none;0.01;32;0.9;0.9;1.00E-06;0.049926381;-0.993773246;506;0.41
relu;(100, 50, 25);0.3;0.001;none;0.0001;16;0.8;0.9;1.00E-06;0.049982128;-0.995999477;506;0.37
relu;(50, 50, 50);0.3;0.001;l2;0.0001;32;0.99;0.99;1.00E-08;0.050029961;-0.997909634;506;0.8
relu;(100, 50, 25);0.3;0.001;l1;1.00E-05;32;0.9;0.999;1.00E-08;0.05003106;-0.997953523;506;0.46
relu;(100, 50, 25);0.3;0.001;l2;0.0001;32;0.9;0.999;1.00E-08;0.050051607;-0.998774082;506;0.4
relu;(100, 50, 25);0.3;0.001;none;0.01;64;0.99;0.999;1.00E-06;0.050293379;-1.008429048;504;0.49
relu;(50, 50, 50);0.3;0.001;l1;1.00E-05;32;0.8;0.99;1.00E-08;0.050399222;-1.01265582;506;0.7
relu;(100, 100, 100, 50);0.3;0.001;none;0.01;16;0.8;0.99;1.00E-08;0.050418373;-1.013420607;506;0.59
relu;(100, 100, 100, 50);0.3;0.001;none;0.01;16;0.9;0.999;1.00E-08;0.05055499;-1.018876288;506;0.98
relu;(100, 50, 25);0.3;0.001;l2;1.00E-05;64;0.9;0.99;1.00E-06;0.050614345;-1.021246594;504;0.6
relu;(50, 50, 50);0.3;0.001;l2;1.00E-05;32;0.9;0.99;1.00E-06;0.05063873;-1.022220408;506;0.51
relu;(50, 50, 50);0.3;0.001;none;0.0001;16;0.8;0.99;1.00E-08;0.050657765;-1.022980542;506;0.7
relu;(100, 100, 100, 50);0.3;0.001;none;0.0001;16;0.99;0.9;1.00E-06;0.050889714;-1.032243244;506;0.76
relu;(100, 50, 25);0.3;0.001;l1;1.00E-05;64;0.8;0.999;1.00E-06;0.050946517;-1.034511638;504;0.64
relu;(100, 100, 100, 50);0.3;0.001;none;0.01;32;0.9;0.99;1.00E-06;0.051029868;-1.037840193;506;0.73
relu;(100, 50, 25);0.3;0.001;none;0.01;32;0.99;0.9;1.00E-06;0.051104975;-1.040839562;506;0.43
relu;(100, 100, 100, 50);0.3;0.001;none;0.01;32;0.99;0.9;1.00E-08;0.051203946;-1.044791875;506;0.96
relu;(100, 100, 100, 50);0.3;0.001;none;1.00E-05;16;0.9;0.999;1.00E-06;0.05133371;-1.049973921;506;1.04
relu;(100, 100, 100, 50);0.3;0.001;l2;1.00E-05;16;0.9;0.999;1.00E-06;0.051395943;-1.052459154;506;0.62
relu;(100, 100, 100, 50);0.3;0.001;none;0.01;16;0.99;0.99;1.00E-06;0.051506266;-1.056864788;506;0.74
relu;(100, 100, 100, 50);0.3;0.001;none;0.01;16;0.9;0.9;1.00E-06;0.051548592;-1.058555054;506;1.2
relu;(100, 100, 100, 50);0.3;0.001;none;1.00E-05;16;0.99;0.999;1.00E-08;0.051602761;-1.060718258;506;0.79
relu;(50, 50, 50);0.3;0.001;none;0.01;16;0.8;0.999;1.00E-08;0.051759237;-1.066967009;506;0.52
relu;(100, 50, 25);0.3;0.001;l2;0.0001;32;0.99;0.9;1.00E-08;0.051816094;-1.069237554;506;0.45
relu;(50, 50, 50);0.3;0.01;none;0.0001;64;0.8;0.999;1.00E-06;0.05188957;-1.072171764;504;0.88
relu;(50, 50, 50);0.3;0.001;none;0.01;64;0.99;0.999;1.00E-08;0.05190592;-1.072824681;504;0.72
relu;(100, 50, 25);0.3;0.001;l1;0.0001;16;0.99;0.99;1.00E-06;0.051929104;-1.073750542;506;0.38
relu;(100, 50, 25);0.3;0.001;none;1.00E-05;32;0.9;0.999;1.00E-06;0.052395201;-1.092363755;506;0.48
relu;(100, 100, 100, 50);0.3;0.001;l2;0.0001;32;0.9;0.9;1.00E-06;0.052641036;-1.102181005;506;1.04
relu;(100, 100, 100, 50);0;0.001;none;1.00E-05;16;0.99;0.9;1.00E-08;0.052715925;-1.105171637;506;1.17
relu;(50, 50, 50);0.3;0.001;l2;0.0001;32;0.8;0.9;1.00E-06;0.052766471;-1.107190183;506;0.65
relu;(100, 100, 100, 50);0.3;0.001;l1;0.0001;16;0.9;0.99;1.00E-08;0.05284174;-1.110195996;506;1.12
relu;(100, 50, 25);0.3;0.001;l1;0.0001;64;0.9;0.99;1.00E-08;0.052902016;-1.112603062;504;0.54
relu;(100, 100, 100, 50);0.3;0.01;none;0.0001;16;0.99;0.9;1.00E-08;0.05303321;-1.117842198;506;0.61
relu;(100, 100, 100, 50);0.3;0.03;l2;1.00E-05;16;0.99;0.9;1.00E-08;0.053151715;-1.122574582;506;0.73
relu;(50, 50, 50);0.3;0.001;none;0.0001;16;0.99;0.999;1.00E-06;0.053219384;-1.125276905;506;0.64
relu;(100, 50, 25);0.3;0.001;l1;0.0001;16;0.99;0.9;1.00E-08;0.053287279;-1.127988236;506;0.37
relu;(100, 50, 25);0.3;0.001;none;0.01;32;0.99;0.9;1.00E-08;0.053734932;-1.145864953;506;0.39
relu;(100, 100, 100, 50);0.3;0.001;none;1.00E-05;32;0.9;0.99;1.00E-08;0.053762241;-1.146955492;506;0.83
relu;(100, 100, 100, 50);0.3;0.001;none;0.0001;64;0.9;0.99;1.00E-06;0.0537784;-1.147600795;504;1.08
relu;(100, 100, 100, 50);0.3;0.001;l2;1.00E-05;32;0.8;0.999;1.00E-08;0.054256067;-1.166676065;506;0.86
relu;(50, 50, 50);0.1;0.03;l1;0.0001;16;0.99;0.9;1.00E-06;0.054409166;-1.172789962;506;0.49
relu;(100, 100, 100, 50);0.3;0.001;none;1.00E-05;16;0.9;0.99;1.00E-06;0.054503242;-1.17654684;506;1.28
relu;(100, 100, 100, 50);0.1;0.001;none;0.0001;16;0.8;0.999;1.00E-08;0.054586135;-1.179857103;506;1.21
relu;(100, 100, 100, 50);0.3;0.001;none;0.0001;64;0.9;0.9;1.00E-08;0.054852971;-1.190513019;504;0.93
relu;(100, 100, 100, 50);0.3;0.001;l2;1.00E-05;16;0.99;0.999;1.00E-08;0.055078806;-1.199531564;506;0.87
relu;(50, 50, 50);0.3;0.001;l1;1.00E-05;32;0.8;0.9;1.00E-06;0.055172564;-1.203275701;506;0.85
relu;(100, 50, 25);0.3;0.001;l1;1.00E-05;16;0.8;0.9;1.00E-06;0.05524539;-1.206183955;506;0.59
relu;(50, 50, 50);0.3;0.01;none;1.00E-05;64;0.99;0.9;1.00E-08;0.055250322;-1.206380927;504;0.87
relu;(100, 100, 100, 50);0.3;0.001;none;0.0001;16;0.8;0.99;1.00E-06;0.055736442;-1.225793768;506;0.67
relu;(100, 100, 100, 50);0.3;0.001;none;0.01;32;0.99;0.99;1.00E-08;0.055795335;-1.228145602;506;0.65
relu;(50, 50, 50);0.3;0.001;none;0.01;64;0.9;0.99;1.00E-06;0.056025713;-1.237345591;504;0.72
relu;(100, 100, 100, 50);0.3;0.001;l2;1.00E-05;32;0.99;0.999;1.00E-06;0.056132652;-1.24161612;506;1.08
relu;(100, 50, 25);0.3;0.001;l1;0.0001;32;0.99;0.999;1.00E-06;0.056405328;-1.252505226;506;0.48
relu;(100, 50, 25);0.3;0.001;none;0.01;32;0.9;0.999;1.00E-06;0.056815929;-1.268902282;506;0.39
relu;(100, 100, 100, 50);0.3;0.001;l2;1.00E-05;64;0.8;0.9;1.00E-08;0.057005624;-1.276477609;504;1.48
relu;(50, 50, 50);0.3;0.001;none;1.00E-05;32;0.9;0.999;1.00E-06;0.057382132;-1.291513183;506;0.61
relu;(50, 50, 50);0.3;0.001;l1;0.0001;16;0.9;0.9;1.00E-06;0.0575185;-1.296958926;506;0.66
relu;(50, 50, 50);0.3;0.001;l1;1.00E-05;16;0.99;0.99;1.00E-06;0.057611446;-1.300670663;506;0.79
relu;(100, 100, 100, 50);0.3;0.001;l1;1.00E-05;16;0.8;0.999;1.00E-08;0.057623262;-1.301142545;506;0.83
relu;(50, 50, 50);0.3;0.001;none;1.00E-05;32;0.8;0.9;1.00E-08;0.057704365;-1.30438131;506;0.65
relu;(50, 50, 50);0.3;0.001;l2;0.0001;16;0.8;0.999;1.00E-08;0.058413997;-1.332719975;506;0.45
relu;(100, 100, 100, 50);0.3;0.001;l1;0.0001;16;0.9;0.99;1.00E-06;0.05847894;-1.335313392;506;1.05
relu;(50, 50, 50);0.3;0.001;l2;0.0001;32;0.9;0.99;1.00E-06;0.058480491;-1.335375327;506;0.57
relu;(50, 50, 50);0.3;0.001;l2;1.00E-05;64;0.9;0.99;1.00E-08;0.058927041;-1.35320799;504;0.52
relu;(50, 50, 50);0.3;0.001;l2;0.0001;32;0.8;0.999;1.00E-06;0.058952895;-1.354240449;506;0.69
relu;(50, 50, 50);0.3;0.001;none;0.0001;64;0.9;0.999;1.00E-06;0.05910122;-1.360163713;504;0.82
relu;(50, 50, 50);0.3;0.001;l1;0.0001;16;0.8;0.9;1.00E-08;0.059532191;-1.377374215;506;0.84
relu;(50, 50, 50);0.3;0.001;l2;0.0001;16;0.8;0.9;1.00E-08;0.059625581;-1.381103668;506;0.62
relu;(100, 50, 25);0.3;0.001;l1;0.0001;16;0.9;0.999;1.00E-08;0.059964888;-1.394653639;506;0.39
relu;(100, 50, 25);0.3;0.001;none;0.01;64;0.99;0.99;1.00E-08;0.06019089;-1.403678869;504;0.55
relu;(100, 100, 100, 50);0.3;0.001;l1;0.0001;32;0.99;0.99;1.00E-06;0.060326403;-1.40909049;506;0.84
relu;(100, 100, 100, 50);0.3;0.03;l2;0.01;16;0.99;0.9;1.00E-06;0.06046622;-1.41467399;506;1.29
relu;(100, 100, 100, 50);0.3;0.001;none;0.01;16;0.9;0.9;1.00E-08;0.060595366;-1.419831331;506;0.59
relu;(100, 100, 100, 50);0.3;0.001;none;1.00E-05;16;0.8;0.999;1.00E-06;0.060779502;-1.427184644;506;0.9
relu;(100, 50, 25);0.3;0.001;l1;0.0001;64;0.99;0.999;1.00E-08;0.060927851;-1.433108874;504;0.6
relu;(100, 100, 100, 50);0;0.001;none;1.00E-05;32;0.99;0.9;1.00E-06;0.060989573;-1.435573688;506;1.31
relu;(100, 100, 100, 50);0.3;0.001;l1;0.0001;16;0.9;0.999;1.00E-08;0.061102295;-1.440075145;506;1.25
relu;(50, 50, 50);0.3;0.001;none;0.0001;16;0.8;0.999;1.00E-08;0.061172588;-1.442882242;506;0.61
relu;(50, 50, 50);0.3;0.001;none;1.00E-05;64;0.8;0.999;1.00E-08;0.061188808;-1.443530009;504;0.85
relu;(100, 100, 100, 50);0.3;0.001;l2;1.00E-05;16;0.8;0.99;1.00E-08;0.061654932;-1.462144319;506;0.75
relu;(100, 100, 100, 50);0.3;0.001;l1;1.00E-05;64;0.99;0.99;1.00E-08;0.061671524;-1.462806901;504;1.12
relu;(100, 100, 100, 50);0.3;0.001;none;0.0001;32;0.8;0.999;1.00E-08;0.062420266;-1.492707342;506;1.03
relu;(100, 50, 25);0.3;0.001;l2;1.00E-05;32;0.8;0.999;1.00E-08;0.062798988;-1.507831355;506;0.38
relu;(50, 50, 50);0.3;0.03;l2;1.00E-05;64;0.9;0.999;1.00E-06;0.062988069;-1.515382139;504;1.18
relu;(100, 50, 25);0.3;0.001;l1;1.00E-05;16;0.8;0.99;1.00E-08;0.063054862;-1.518049491;506;0.47
relu;(50, 50, 50);0.3;0.001;none;0.0001;64;0.99;0.999;1.00E-08;0.064221707;-1.564646591;504;0.71
relu;(100, 100, 100, 50);0.1;0.03;l2;0.0001;64;0.99;0.9;1.00E-08;0.064870454;-1.590553797;504;1.14
relu;(50, 50, 50);0.3;0.001;none;0.01;16;0.8;0.999;1.00E-06;0.064967041;-1.594410933;506;0.61
relu;(100, 100, 100, 50);0.3;0.001;none;0.0001;32;0.99;0.999;1.00E-08;0.064974431;-1.594706057;506;0.91
relu;(50, 50, 50);0.3;0.001;none;0.0001;16;0.8;0.9;1.00E-08;0.065832256;-1.628962667;506;0.56
relu;(100, 100, 100, 50);0.3;0.001;l1;1.00E-05;64;0.8;0.9;1.00E-08;0.065988821;-1.635214983;504;1.21
relu;(100, 50, 25);0.3;0.001;none;0.01;64;0.9;0.99;1.00E-08;0.066138003;-1.641172455;504;0.53
relu;(50, 50, 50);0.3;0.01;none;0.0001;32;0.99;0.9;1.00E-06;0.066192557;-1.64335102;506;0.67
relu;(100, 100, 100, 50);0.3;0.001;l2;0.0001;32;0.99;0.99;1.00E-08;0.066767835;-1.666324307;506;0.86
relu;(100, 100, 100, 50);0.3;0.001;l1;1.00E-05;16;0.99;0.99;1.00E-06;0.066791909;-1.667285695;506;0.72
relu;(100, 100, 100, 50);0.3;0.001;l2;0.0001;16;0.8;0.999;1.00E-08;0.066835915;-1.66904307;506;0.67
relu;(50, 50, 50);0.3;0.001;l1;1.00E-05;32;0.9;0.99;1.00E-08;0.067236176;-1.685027175;506;0.72
relu;(100, 100, 100, 50);0.3;0.001;l1;0.0001;16;0.8;0.999;1.00E-06;0.067589288;-1.699128462;506;1.06
relu;(50, 50, 50);0.3;0.001;none;0.01;64;0.8;0.99;1.00E-08;0.067772132;-1.706430171;504;0.77
relu;(50, 50, 50);0.3;0.001;l1;0.0001;32;0.99;0.999;1.00E-08;0.068152304;-1.721612091;506;0.79
relu;(100, 100, 100, 50);0.3;0.03;none;1.00E-05;16;0.99;0.9;1.00E-08;0.068775646;-1.746504779;506;0.66
relu;(100, 50, 25);0.3;0.001;l2;1.00E-05;16;0.8;0.99;1.00E-08;0.070812633;-1.827850359;506;0.35
relu;(100, 100, 100, 50);0.3;0.001;none;0.01;16;0.8;0.9;1.00E-08;0.071056932;-1.837606253;506;0.86
relu;(100, 100, 100, 50);0.3;0.001;none;1.00E-05;32;0.99;0.999;1.00E-08;0.071132975;-1.840642988;506;0.73
relu;(100, 50, 25);0.3;0.001;l1;0.0001;16;0.99;0.99;1.00E-08;0.071994857;-1.875061616;506;0.37
relu;(100, 50, 25);0.3;0.001;l2;0.0001;16;0.99;0.99;1.00E-08;0.072010405;-1.875682515;506;0.34
relu;(100, 50, 25);0.3;0.001;none;1.00E-05;16;0.8;0.999;1.00E-06;0.073176509;-1.922250005;506;0.5
relu;(100, 50, 25);0.3;0.001;l2;0.0001;32;0.99;0.999;1.00E-06;0.073402326;-1.931267822;506;0.48
relu;(100, 100, 100, 50);0.3;0.001;none;1.00E-05;16;0.8;0.9;1.00E-08;0.073586373;-1.938617622;506;1.28
relu;(50, 50, 50);0.3;0.03;l2;0.01;32;0.99;0.9;1.00E-08;0.074022995;-1.956053795;506;1.31
relu;(100, 100, 100, 50);0.3;0.001;l2;1.00E-05;16;0.99;0.9;1.00E-06;0.074720099;-1.983892149;506;0.72
relu;(50, 50, 50);0.3;0.001;l2;0.0001;16;0.99;0.99;1.00E-06;0.07522912;-2.004219523;506;0.52
relu;(50, 50, 50);0.3;0.001;l2;1.00E-05;16;0.99;0.999;1.00E-06;0.076434581;-2.052358708;506;0.62
relu;(100, 100, 100, 50);0.3;0.001;l1;0.0001;32;0.99;0.99;1.00E-08;0.07741267;-2.091417976;506;0.84
relu;(50, 50, 50);0.3;0.001;none;0.01;32;0.9;0.9;1.00E-06;0.0780047;-2.115060247;506;0.64
relu;(100, 50, 25);0.3;0.001;l2;0.0001;16;0.8;0.99;1.00E-06;0.079680517;-2.181982775;506;0.41
relu;(100, 100, 100, 50);0.3;0.001;none;0.0001;16;0.99;0.9;1.00E-08;0.08022003;-2.203527848;506;0.72
relu;(100, 50, 25);0.3;0.001;l2;0.01;32;0.99;0.999;1.00E-06;0.081856611;-2.268883494;506;0.41
relu;(100, 100, 100, 50);0.3;0.001;none;0.0001;16;0.99;0.99;1.00E-06;0.082283217;-2.2859197;506;0.6
relu;(50, 50, 50);0.3;0.001;l2;1.00E-05;16;0.8;0.999;1.00E-06;0.082460004;-2.29297954;506;0.6
relu;(100, 100, 100, 50);0.3;0.03;l1;0.0001;16;0.99;0.9;1.00E-08;0.08350925;-2.334880407;506;1.24
relu;(100, 100, 100, 50);0.3;0.001;none;0.0001;64;0.9;0.999;1.00E-08;0.083786303;-2.345944322;504;1.16
relu;(50, 50, 50);0.3;0.001;l2;1.00E-05;16;0.8;0.9;1.00E-06;0.083938521;-2.352023036;506;0.56
relu;(100, 100, 100, 50);0.3;0.001;l2;1.00E-05;16;0.99;0.99;1.00E-06;0.084162696;-2.360975306;506;0.98
relu;(100, 100, 100, 50);0.3;0.001;l1;1.00E-05;64;0.99;0.999;1.00E-06;0.084387976;-2.369971695;504;1.25
relu;(100, 100, 100, 50);0.3;0.001;l1;1.00E-05;64;0.99;0.99;1.00E-06;0.084803338;-2.386558852;504;1.3
relu;(100, 100, 100, 50);0.3;0.001;l1;1.00E-05;16;0.9;0.99;1.00E-06;0.084909848;-2.39081224;506;0.76
relu;(50, 50, 50);0.3;0.001;none;1.00E-05;64;0.99;0.999;1.00E-08;0.084970736;-2.393243777;504;0.66
relu;(100, 50, 25);0.3;0.001;none;1.00E-05;32;0.99;0.99;1.00E-06;0.085478709;-2.413529291;506;0.42
relu;(100, 100, 100, 50);0.3;0.001;l2;1.00E-05;16;0.8;0.999;1.00E-08;0.085974212;-2.433316832;506;0.65
relu;(50, 50, 50);0.3;0.001;none;0.0001;64;0.8;0.9;1.00E-08;0.08929796;-2.566048262;504;0.67
relu;(100, 100, 100, 50);0.3;0.001;none;0.01;16;0.9;0.99;1.00E-08;0.093865006;-2.748429911;506;0.86
relu;(100, 100, 100, 50);0.3;0.001;l1;1.00E-05;16;0.8;0.9;1.00E-06;0.094899371;-2.789736493;506;0.86
relu;(50, 50, 50);0.3;0.001;l2;0.0001;64;0.9;0.9;1.00E-06;0.096386818;-2.849136583;504;0.6
relu;(100, 100, 100, 50);0.3;0.001;l1;0.0001;64;0.8;0.9;1.00E-06;0.114798769;-3.584404292;504;1.08
relu;(100, 100, 100, 50);0.3;0.001;l2;0.0001;32;0.99;0.999;1.00E-08;0.116619135;-3.657099295;506;0.79
relu;(100, 100, 100, 50);0.3;0.001;none;0.0001;32;0.99;0.999;1.00E-06;0.117533408;-3.693610086;506;0.69
relu;(100, 100, 100, 50);0.3;0.03;none;1.00E-05;32;0.99;0.9;1.00E-08;0.12950566;-4.171713171;506;0.79
relu;(50, 50, 50);0.1;0.001;none;1.00E-05;32;0.99;0.9;1.00E-08;0.143954314;-4.748709532;506;0.41
relu;(50, 50, 50);0.1;0.01;none;1.00E-05;64;0.99;0.9;1.00E-08;0.257563121;-9.285593571;504;1.44
relu;(100, 50, 25);0;0.001;none;0.0001;32;0.99;0.9;1.00E-08;0.629322853;-24.13154473;506;1.45
relu;(100, 50, 25);0;0.01;none;0.01;64;0.99;0.9;1.00E-06;0.659052515;-25.3187769;504;0.89
relu;(50, 50, 50);0;0.001;none;0.0001;32;0.99;0.9;1.00E-08;0.74550461;-28.77117764;506;0.41
relu;(100, 50, 25);0.3;0.001;none;0.0001;16;0.99;0.9;1.00E-08;1.607102575;-63.17845798;506;0.45
relu;(100, 100, 100, 50);0.3;0.001;none;0.0001;32;0.99;0.9;1.00E-08;2.145067606;-84.66169535;506;1.14
relu;(100, 50, 25);0;0.001;none;0.01;16;0.99;0.9;1.00E-08;2.458981793;-97.19762726;506;1.33
relu;(50, 50, 50);0.1;0.03;none;0.01;64;0.99;0.9;1.00E-08;2.942632358;-116.5118565;504;0.64
relu;(100, 100, 100, 50);0.1;0.001;none;0.01;32;0.99;0.9;1.00E-08;5.240260931;-208.2659616;506;1.66
relu;(100, 50, 25);0;0.001;none;0.01;32;0.99;0.9;1.00E-08;59.0164076;-2355.776781;506;0.76
relu;(50, 50, 50);0.3;0.001;none;0.0001;16;0.99;0.9;1.00E-08;141.2085787;-5638.060613;506;0.74
relu;(50, 50, 50);0.3;0.001;none;1.00E-05;16;0.99;0.9;1.00E-08;1209.63396;-48304.84149;506;0.58
relu;(100, 100, 100, 50);0.3;0.001;none;0.01;16;0.99;0.9;1.00E-08;1328.163241;-53038.22106;506;0.65
relu;(100, 50, 25);0;0.01;none;0.0001;16;0.99;0.9;1.00E-08;1397.014269;-55787.73615;506;0.54
relu;(100, 100, 100, 50);0.3;0.001;none;0.0001;64;0.99;0.9;1.00E-08;6649.895999;-265557.7001;504;1.18
relu;(50, 50, 50);0;0.001;none;1.00E-05;16;0.99;0.9;1.00E-08;10655.11576;-425503.2019;506;0.3
relu;(100, 50, 25);0.3;0.001;none;1.00E-05;32;0.99;0.9;1.00E-08;14811.04125;-591467.0264;506;0.49
relu;(50, 50, 50);0.3;0.03;none;1.00E-05;32;0.99;0.9;1.00E-06;81118.93757;-3239424.041;506;0.62
relu;(100, 50, 25);0;0.03;l1;1.00E-05;32;0.99;0.9;1.00E-06;611705.7804;-24428018.92;506;0.34
relu;(100, 50, 25);0.1;0.001;none;1.00E-05;32;0.99;0.9;1.00E-08;102560685.1;-4095685440;506;0.37
relu;(100, 100, 100, 50);0.1;0.001;none;0.01;16;0.99;0.9;1.00E-08;112342577.8;-4486318120;506;1.4
relu;(50, 50, 50);0;0.03;l1;1.00E-05;64;0.99;0.9;1.00E-08;253546014.6;-10125173397;504;0.41
relu;(100, 50, 25);0.1;0.01;none;1.00E-05;16;0.99;0.9;1.00E-08;2379871326;-95038408993;506;0.99
relu;(100, 50, 25);0;0.03;none;0.0001;16;0.99;0.9;1.00E-08;3.30686E+11;-1.32057E+13;506;0.26
relu;(100, 50, 25);0;0.03;none;1.00E-05;16;0.99;0.9;1.00E-08;1.34495E+13;-5.37096E+14;506;0.29
relu;(50, 50, 50);0.3;0.001;none;1.00E-05;32;0.99;0.9;1.00E-08;1.01491E+14;-4.05297E+15;506;0.48
